1 0.277339 0.176396 0.375423 0.176396 0.375423 0.199239 0.277339 0.199239
0 0.197858 0.190778 0.448703 0.190778 0.448703 0.332064 0.197858 0.332064
0 0.521421 0.335448 0.687711 0.335448 0.687711 0.425127 0.521421 0.425127
0 0.483653 0.157783 0.596392 0.157783 0.596392 0.236464 0.483653 0.236464
0 0.496618 0.243232 0.662345 0.243232 0.662345 0.318105 0.496618 0.318105
0 0.671364 0.289340 0.793687 0.289340 0.793687 0.360829 0.671364 0.360829
0 0.136979 0.279188 0.284667 0.279188 0.284667 0.368020 0.136979 0.368020
0 0.149380 0.372673 0.356257 0.372673 0.356257 0.489848 0.149380 0.489848
2 0.205750 0.431049 0.797069 0.431049 0.797069 0.859137 0.205750 0.859137
0 0.621759 0.160745 0.701804 0.160745 0.701804 0.273689 0.621759 0.273689
1 0.686020 0.428088 0.920519 0.428088 0.920519 0.538917 0.686020 0.538917
1 0.735062 0.524958 0.863021 0.524958 0.863021 0.567259 0.735062 0.567259
1 0.705750 0.520305 0.832018 0.520305 0.832018 0.579949 0.705750 0.579949
1 0.151071 0.208968 0.198422 0.208968 0.198422 0.281726 0.151071 0.281726
1 0.689402 0.551607 0.873168 0.551607 0.873168 0.626481 0.689402 0.626481
1 0.774521 0.582487 0.919955 0.582487 0.919955 0.695431 0.774521 0.695431
1 0.270575 0.303299 0.347238 0.303299 0.347238 0.346024 0.270575 0.346024
1 0.231116 0.232657 0.291432 0.232657 0.291432 0.281726 0.231116 0.281726
1 0.144307 0.449662 0.188839 0.449662 0.188839 0.479272 0.144307 0.479272
1 0.330891 0.340102 0.371477 0.340102 0.371477 0.370135 0.330891 0.370135
1 0.490417 0.337563 0.539459 0.337563 0.539459 0.369289 0.490417 0.369289
1 0.474634 0.375635 0.520293 0.375635 0.520293 0.407783 0.474634 0.407783
1 0.445885 0.335871 0.485908 0.335871 0.485908 0.360829 0.445885 0.360829
1 0.416009 0.384095 0.445885 0.384095 0.445885 0.415821 0.416009 0.415821
1 0.484780 0.241117 0.515220 0.241117 0.515220 0.270305 0.484780 0.270305
1 0.372604 0.349831 0.406426 0.349831 0.406426 0.376481 0.372604 0.376481
1 0.356821 0.387479 0.385006 0.387479 0.385006 0.405245 0.356821 0.405245
1 0.231116 0.358714 0.390643 0.358714 0.390643 0.391286 0.231116 0.391286
1 0.280158 0.370135 0.335400 0.370135 0.335400 0.428934 0.280158 0.428934
1 0.416009 0.183587 0.479143 0.183587 0.479143 0.312183 0.416009 0.312183
1 0.666291 0.262267 0.795941 0.262267 0.795941 0.307530 0.666291 0.307530
1 0.689402 0.352369 0.835964 0.352369 0.835964 0.431895 0.689402 0.431895
1 0.670237 0.376481 0.768884 0.376481 0.768884 0.450085 0.670237 0.450085
1 0.417136 0.143824 0.510147 0.143824 0.510147 0.229695 0.417136 0.229695
1 0.282413 0.132826 0.386697 0.132826 0.386697 0.185279 0.282413 0.185279
1 0.381060 0.114213 0.463923 0.114213 0.463923 0.188240 0.381060 0.188240
