0 0.440821 0.058041 0.626812 0.058041 0.626812 0.261185 0.440821 0.261185
0 0.109903 0.238210 0.321256 0.238210 0.321256 0.453446 0.109903 0.453446
0 0.323671 0.237001 0.522947 0.237001 0.522947 0.437727 0.323671 0.437727
0 0.121981 0.446191 0.280193 0.446191 0.280193 0.580411 0.121981 0.580411
2 0.682367 0.195889 0.935990 0.195889 0.935990 0.735187 0.682367 0.735187
2 0.501208 0.273277 0.757246 0.273277 0.757246 0.804111 0.501208 0.804111
0 0.266908 0.600967 0.486715 0.600967 0.486715 0.808948 0.266908 0.808948
0 0.108696 0.453446 0.334541 0.453446 0.334541 0.679565 0.108696 0.679565
0 0.239130 0.541717 0.472222 0.541717 0.472222 0.765417 0.239130 0.765417
0 0.142512 0.461911 0.404589 0.461911 0.404589 0.701330 0.142512 0.701330
0 0.201691 0.488513 0.446860 0.488513 0.446860 0.720677 0.201691 0.720677
0 0.426329 0.752116 0.561594 0.752116 0.561594 0.906892 0.426329 0.906892
0 0.374396 0.692866 0.530193 0.692866 0.530193 0.856106 0.374396 0.856106
0 0.237923 0.051995 0.444444 0.051995 0.444444 0.264813 0.237923 0.264813
0 0.315217 0.659008 0.504831 0.659008 0.504831 0.825877 0.315217 0.825877
