1 0.275000 0.278333 0.308750 0.278333 0.308750 0.305000 0.275000 0.305000
1 0.308750 0.423333 0.342500 0.423333 0.342500 0.476667 0.308750 0.476667
0 0.318750 0.473333 0.377500 0.473333 0.377500 0.545000 0.318750 0.545000
0 0.383750 0.365000 0.493750 0.365000 0.493750 0.465000 0.383750 0.465000
0 0.530000 0.306667 0.615000 0.306667 0.615000 0.383333 0.530000 0.383333
0 0.265000 0.223333 0.345000 0.223333 0.345000 0.280000 0.265000 0.280000
0 0.368750 0.556667 0.408750 0.556667 0.408750 0.698333 0.368750 0.698333
0 0.307500 0.371667 0.410000 0.371667 0.410000 0.528333 0.307500 0.528333
0 0.352500 0.191667 0.440000 0.191667 0.440000 0.266667 0.352500 0.266667
0 0.297500 0.588333 0.363750 0.588333 0.363750 0.703333 0.297500 0.703333
0 0.227500 0.376667 0.313750 0.376667 0.313750 0.473333 0.227500 0.473333
1 0.348750 0.265000 0.423750 0.265000 0.423750 0.361667 0.348750 0.361667
0 0.251250 0.488333 0.316250 0.488333 0.316250 0.588333 0.251250 0.588333
0 0.405000 0.218333 0.527500 0.218333 0.527500 0.343333 0.405000 0.343333
0 0.402500 0.441667 0.448750 0.441667 0.448750 0.495000 0.402500 0.495000
0 0.422500 0.303333 0.506250 0.303333 0.506250 0.403333 0.422500 0.403333
0 0.402500 0.108333 0.498750 0.108333 0.498750 0.213333 0.402500 0.213333
2 0.407500 0.293333 0.765000 0.293333 0.765000 0.858333 0.407500 0.858333
1 0.505000 0.288333 0.530000 0.288333 0.530000 0.390000 0.505000 0.390000
1 0.472500 0.286667 0.548750 0.286667 0.548750 0.318333 0.472500 0.318333
1 0.285000 0.300000 0.326250 0.300000 0.326250 0.336667 0.285000 0.336667
1 0.243750 0.331667 0.310000 0.331667 0.310000 0.388333 0.243750 0.388333
0 0.310000 0.273333 0.365000 0.273333 0.365000 0.388333 0.310000 0.388333
