0 0.194118 0.280392 0.390196 0.280392 0.390196 0.448039 0.194118 0.448039
0 0.252941 0.505882 0.349020 0.505882 0.349020 0.630392 0.252941 0.630392
0 0.716667 0.707843 0.915686 0.707843 0.915686 0.914706 0.716667 0.914706
2 0.054902 0.192157 0.774510 0.192157 0.774510 0.991176 0.054902 0.991176
2 0.653922 0.080392 1.000000 0.080392 1.000000 0.755882 0.653922 0.755882
0 0.631373 0.568627 0.773529 0.568627 0.773529 0.847059 0.631373 0.847059
0 0.634314 0.251961 0.903922 0.251961 0.903922 0.455882 0.634314 0.455882
1 0.259804 0.271569 0.822549 0.271569 0.822549 0.653922 0.259804 0.653922
2 0.234314 0.115686 0.443137 0.115686 0.443137 0.361765 0.234314 0.361765
0 0.303922 0.624510 0.564706 0.624510 0.564706 0.900000 0.303922 0.900000
0 0.378431 0.094118 0.691176 0.094118 0.691176 0.338235 0.378431 0.338235
