0 0.579806 0.441220 0.727954 0.441220 0.727954 0.585565 0.579806 0.585565
1 0.178571 0.437252 0.206790 0.437252 0.206790 0.472222 0.178571 0.472222
1 0.423721 0.266617 0.586420 0.266617 0.586420 0.397817 0.423721 0.397817
2 0.654762 0.554315 0.836420 0.554315 0.836420 0.655010 0.654762 0.655010
1 0.331129 0.421379 0.599206 0.421379 0.599206 0.643601 0.331129 0.643601
1 0.655644 0.524554 0.751323 0.524554 0.751323 0.555060 0.655644 0.555060
1 0.193563 0.437748 0.251323 0.437748 0.251323 0.503472 0.193563 0.503472
1 0.212081 0.305308 0.477072 0.305308 0.477072 0.429812 0.212081 0.429812
1 0.147266 0.535218 0.193122 0.535218 0.193122 0.564484 0.147266 0.564484
1 0.488536 0.529018 0.549383 0.529018 0.549383 0.592510 0.488536 0.592510
1 0.351411 0.668651 0.464727 0.668651 0.464727 0.687500 0.351411 0.687500
1 0.149471 0.535962 0.381393 0.535962 0.381393 0.677579 0.149471 0.677579
0 0.331129 0.422867 0.582011 0.422867 0.582011 0.647321 0.331129 0.647321
2 0.253086 0.377480 0.421517 0.377480 0.421517 0.434028 0.253086 0.434028
2 0.696208 0.461558 0.865961 0.461558 0.865961 0.555308 0.696208 0.555308
1 0.430776 0.550099 0.495150 0.550099 0.495150 0.613095 0.430776 0.613095
1 0.162257 0.511161 0.195767 0.511161 0.195767 0.538690 0.162257 0.538690
1 0.419753 0.588046 0.722663 0.588046 0.722663 0.743304 0.419753 0.743304
1 0.340829 0.682788 0.406085 0.682788 0.406085 0.711806 0.340829 0.711806
1 0.270282 0.683780 0.337302 0.683780 0.337302 0.723214 0.270282 0.723214
2 0.427249 0.358879 0.617725 0.358879 0.617725 0.447669 0.427249 0.447669
1 0.641534 0.293651 0.773810 0.293651 0.773810 0.335813 0.641534 0.335813
1 0.322310 0.407738 0.354497 0.407738 0.354497 0.434028 0.322310 0.434028
1 0.285714 0.432044 0.318783 0.432044 0.318783 0.462302 0.285714 0.462302
1 0.202822 0.272817 0.440917 0.272817 0.440917 0.327381 0.202822 0.327381
1 0.608907 0.574653 0.674162 0.574653 0.674162 0.629464 0.608907 0.629464
1 0.788801 0.537202 0.839506 0.537202 0.839506 0.561756 0.788801 0.561756
1 0.541005 0.309524 0.924162 0.309524 0.924162 0.483631 0.541005 0.483631
0 0.201940 0.417907 0.466049 0.417907 0.466049 0.564236 0.201940 0.564236
