0 0.485000 0.571984 0.630833 0.571984 0.630833 0.665370 0.485000 0.665370
0 0.596667 0.643969 0.700833 0.643969 0.700833 0.699741 0.596667 0.699741
1 0.130833 0.751621 0.214167 0.751621 0.214167 0.884565 0.130833 0.884565
1 0.258333 0.722438 0.315000 0.722438 0.315000 0.772374 0.258333 0.772374
1 0.305000 0.730220 0.398333 0.730220 0.398333 0.780804 0.305000 0.780804
1 0.370833 0.691958 0.435000 0.691958 0.435000 0.744488 0.370833 0.744488
1 0.005833 0.603113 0.194167 0.603113 0.194167 0.727626 0.005833 0.727626
0 0.865000 0.347601 1.000000 0.347601 1.000000 0.462387 0.865000 0.462387
1 0.034167 0.551881 0.254167 0.551881 0.254167 0.649805 0.034167 0.649805
1 0.000000 0.451362 0.262500 0.451362 0.262500 0.529831 0.000000 0.529831
1 0.022500 0.239300 0.216667 0.239300 0.216667 0.369650 0.022500 0.369650
1 0.237500 0.286641 0.365000 0.286641 0.365000 0.373541 0.237500 0.373541
1 0.179167 0.407263 0.291667 0.407263 0.291667 0.482490 0.179167 0.482490
0 0.125000 0.297665 0.293333 0.297665 0.293333 0.405966 0.125000 0.405966
0 0.000000 0.333982 0.250833 0.333982 0.250833 0.496757 0.000000 0.496757
0 0.000000 0.525940 0.138333 0.525940 0.138333 0.591440 0.000000 0.591440
0 0.232500 0.385863 0.429167 0.385863 0.429167 0.490921 0.232500 0.490921
0 0.222500 0.470169 0.464167 0.470169 0.464167 0.728275 0.222500 0.728275
0 0.084167 0.629702 0.285833 0.629702 0.285833 0.795720 0.084167 0.795720
0 0.580000 0.516861 0.695000 0.516861 0.695000 0.643320 0.580000 0.643320
0 0.742500 0.393645 0.776667 0.393645 0.776667 0.476005 0.742500 0.476005
0 0.467500 0.458495 0.575833 0.458495 0.575833 0.512970 0.467500 0.512970
0 0.697500 0.551232 0.878333 0.551232 0.878333 0.606355 0.697500 0.606355
0 0.805000 0.780804 0.889167 0.780804 0.889167 0.834630 0.805000 0.834630
2 0.220000 0.050584 0.863333 0.050584 0.863333 0.467575 0.220000 0.467575
1 0.859167 0.292477 0.996667 0.292477 0.996667 0.365110 0.859167 0.365110
1 0.829167 0.348898 1.000000 0.348898 1.000000 0.632296 0.829167 0.632296
1 0.425833 0.386511 0.748333 0.386511 0.748333 0.640078 0.425833 0.640078
1 0.213333 0.783398 0.578333 0.783398 0.578333 0.940337 0.213333 0.940337
1 0.742500 0.263943 0.897500 0.263943 0.897500 0.549287 0.742500 0.549287
1 0.600833 0.593385 0.860000 0.593385 0.860000 0.932555 0.600833 0.932555
1 0.367500 0.642023 0.612500 0.642023 0.612500 0.853437 0.367500 0.853437
1 0.638333 0.642672 1.000000 0.642672 1.000000 0.939040 0.638333 0.939040
