1 0.483750 0.556667 0.553750 0.556667 0.553750 0.631667 0.483750 0.631667
0 0.321250 0.505000 0.406250 0.505000 0.406250 0.640000 0.321250 0.640000
0 0.550000 0.375000 0.632500 0.375000 0.632500 0.486667 0.550000 0.486667
0 0.460000 0.610000 0.543750 0.610000 0.543750 0.730000 0.460000 0.730000
0 0.393750 0.485000 0.482500 0.485000 0.482500 0.608333 0.393750 0.608333
1 0.385000 0.633333 0.455000 0.633333 0.455000 0.725000 0.385000 0.725000
0 0.543750 0.551667 0.615000 0.551667 0.615000 0.663333 0.543750 0.663333
2 0.306250 0.113333 0.581250 0.113333 0.581250 0.481667 0.306250 0.481667
1 0.522500 0.501667 0.608750 0.501667 0.608750 0.568333 0.522500 0.568333
0 0.467500 0.440000 0.567500 0.440000 0.567500 0.541667 0.467500 0.541667
