1 0.421250 0.620000 0.456250 0.620000 0.456250 0.688333 0.421250 0.688333
1 0.531250 0.201667 0.616250 0.201667 0.616250 0.381667 0.531250 0.381667
1 0.713750 0.468333 0.733750 0.468333 0.733750 0.536667 0.713750 0.536667
1 0.628750 0.551667 0.692500 0.551667 0.692500 0.625000 0.628750 0.625000
1 0.680000 0.373333 0.715000 0.373333 0.715000 0.425000 0.680000 0.425000
0 0.358750 0.626667 0.432500 0.626667 0.432500 0.756667 0.358750 0.756667
0 0.458750 0.651667 0.557500 0.651667 0.557500 0.763333 0.458750 0.763333
0 0.557500 0.628333 0.733750 0.628333 0.733750 0.851667 0.557500 0.851667
0 0.381250 0.751667 0.532500 0.751667 0.532500 0.823333 0.381250 0.823333
1 0.578750 0.295000 0.666250 0.295000 0.666250 0.406667 0.578750 0.406667
2 0.322500 0.256667 0.576250 0.256667 0.576250 0.610000 0.322500 0.610000
1 0.653750 0.460000 0.723750 0.460000 0.723750 0.545000 0.653750 0.545000
1 0.536250 0.103333 0.708750 0.103333 0.708750 0.350000 0.536250 0.350000
1 0.688750 0.390000 0.732500 0.390000 0.732500 0.458333 0.688750 0.458333
1 0.583750 0.401667 0.633750 0.401667 0.633750 0.426667 0.583750 0.426667
1 0.548750 0.618333 0.608750 0.618333 0.608750 0.673333 0.548750 0.673333
1 0.522500 0.500000 0.557500 0.500000 0.557500 0.555000 0.522500 0.555000
1 0.495000 0.588333 0.523750 0.588333 0.523750 0.616667 0.495000 0.616667
1 0.462500 0.603333 0.487500 0.603333 0.487500 0.625000 0.462500 0.625000
1 0.676250 0.535000 0.758750 0.535000 0.758750 0.651667 0.676250 0.651667
1 0.561250 0.468333 0.647500 0.468333 0.647500 0.606667 0.561250 0.606667
1 0.508750 0.641667 0.590000 0.641667 0.590000 0.788333 0.508750 0.788333
1 0.691250 0.440000 0.750000 0.440000 0.750000 0.486667 0.691250 0.486667
1 0.493750 0.813333 0.540000 0.813333 0.540000 0.846667 0.493750 0.846667
1 0.458750 0.738333 0.482500 0.738333 0.482500 0.795000 0.458750 0.795000
1 0.423750 0.695000 0.501250 0.695000 0.501250 0.760000 0.423750 0.760000
1 0.601250 0.646667 0.632500 0.646667 0.632500 0.691667 0.601250 0.691667
1 0.458750 0.600000 0.561250 0.600000 0.561250 0.650000 0.458750 0.650000
1 0.448750 0.820000 0.493750 0.820000 0.493750 0.856667 0.448750 0.856667
