2 0.272928 0.144593 0.522046 0.144593 0.522046 0.279266 0.272928 0.279266
2 0.749559 0.300347 0.933862 0.300347 0.933862 0.456101 0.749559 0.456101
1 0.792328 0.437252 0.902998 0.437252 0.902998 0.485367 0.792328 0.485367
2 0.587302 0.327629 0.789242 0.327629 0.789242 0.388889 0.587302 0.388889
0 0.421517 0.489583 0.886243 0.489583 0.886243 0.620536 0.421517 0.620536
1 0.559524 0.349454 0.782187 0.349454 0.782187 0.560268 0.559524 0.560268
0 0.395944 0.400298 0.604938 0.400298 0.604938 0.508185 0.395944 0.508185
0 0.514109 0.643353 0.612434 0.643353 0.612434 0.705853 0.514109 0.705853
0 0.455026 0.694692 0.534832 0.694692 0.534832 0.746776 0.455026 0.746776
0 0.372134 0.573909 0.497354 0.573909 0.497354 0.616071 0.372134 0.616071
1 0.418871 0.212054 0.471781 0.212054 0.471781 0.227431 0.418871 0.227431
1 0.705467 0.540179 0.807319 0.540179 0.807319 0.569692 0.705467 0.569692
1 0.870811 0.579365 0.951940 0.579365 0.951940 0.614335 0.870811 0.614335
2 0.058201 0.301835 0.396384 0.301835 0.396384 0.441220 0.058201 0.441220
1 0.542769 0.243056 0.568783 0.243056 0.568783 0.259177 0.542769 0.259177
2 0.559965 0.230407 0.735450 0.230407 0.735450 0.338046 0.559965 0.338046
1 0.320988 0.447917 0.384921 0.447917 0.384921 0.492063 0.320988 0.492063
1 0.345679 0.599950 0.529982 0.599950 0.529982 0.721478 0.345679 0.721478
1 0.200617 0.702629 0.433422 0.702629 0.433422 0.758681 0.200617 0.758681
1 0.595679 0.595734 0.678131 0.595734 0.678131 0.672123 0.595679 0.672123
2 0.757937 0.615575 1.000000 0.615575 1.000000 0.967510 0.757937 0.967510
2 0.437831 0.717510 0.764991 0.717510 0.764991 0.995536 0.437831 0.995536
2 0.360229 0.280258 0.576279 0.280258 0.576279 0.399802 0.360229 0.399802
2 0.120811 0.541171 0.372575 0.541171 0.372575 0.701637 0.120811 0.701637
2 0.269400 0.274554 0.389771 0.274554 0.389771 0.343998 0.269400 0.343998
