0 0.430000 0.258333 0.503750 0.258333 0.503750 0.495000 0.430000 0.495000
0 0.238750 0.391667 0.348750 0.391667 0.348750 0.501667 0.238750 0.501667
1 0.516250 0.395000 0.747500 0.395000 0.747500 0.668333 0.516250 0.668333
0 0.592500 0.295000 0.646250 0.295000 0.646250 0.480000 0.592500 0.480000
0 0.250000 0.453333 0.346250 0.453333 0.346250 0.593333 0.250000 0.593333
2 0.350000 0.498333 0.601250 0.498333 0.601250 0.815000 0.350000 0.815000
1 0.230000 0.678333 0.320000 0.678333 0.320000 0.785000 0.230000 0.785000
1 0.212500 0.601667 0.323750 0.601667 0.323750 0.705000 0.212500 0.705000
0 0.320000 0.551667 0.566250 0.551667 0.566250 0.940000 0.320000 0.940000
0 0.280000 0.353333 0.400000 0.353333 0.400000 0.523333 0.280000 0.523333
0 0.338750 0.236667 0.387500 0.236667 0.387500 0.490833 0.338750 0.490833
0 0.396250 0.233333 0.421250 0.233333 0.421250 0.296667 0.396250 0.296667
0 0.452500 0.240000 0.478750 0.240000 0.478750 0.305000 0.452500 0.305000
0 0.481250 0.240000 0.525000 0.240000 0.525000 0.421667 0.481250 0.421667
0 0.506250 0.251833 0.565000 0.251833 0.565000 0.486667 0.506250 0.486667
0 0.554375 0.253167 0.613750 0.253167 0.613750 0.483333 0.554375 0.483333
