0 0.281250 0.458333 0.332500 0.458333 0.332500 0.693333 0.281250 0.693333
0 0.441250 0.601667 0.608750 0.601667 0.608750 0.771667 0.441250 0.771667
0 0.510000 0.423333 0.577500 0.423333 0.577500 0.703333 0.510000 0.703333
1 0.218750 0.501667 0.245000 0.501667 0.245000 0.565000 0.218750 0.565000
1 0.442500 0.166667 0.530000 0.166667 0.530000 0.211667 0.442500 0.211667
1 0.472500 0.221667 0.488750 0.221667 0.488750 0.250000 0.472500 0.250000
1 0.426250 0.281667 0.443750 0.281667 0.443750 0.311667 0.426250 0.311667
1 0.403750 0.241667 0.485000 0.241667 0.485000 0.300000 0.403750 0.300000
1 0.317500 0.293333 0.482500 0.293333 0.482500 0.431667 0.317500 0.431667
1 0.742500 0.470000 0.756250 0.470000 0.756250 0.488333 0.742500 0.488333
1 0.495000 0.758333 0.515000 0.758333 0.515000 0.781667 0.495000 0.781667
1 0.553750 0.775000 0.568750 0.775000 0.568750 0.795000 0.553750 0.795000
1 0.490000 0.793333 0.507500 0.793333 0.507500 0.821667 0.490000 0.821667
1 0.670000 0.391667 0.740000 0.391667 0.740000 0.476667 0.670000 0.476667
1 0.707500 0.478333 0.750000 0.478333 0.750000 0.566667 0.707500 0.566667
1 0.523750 0.251667 0.585000 0.251667 0.585000 0.308333 0.523750 0.308333
1 0.345000 0.678333 0.412500 0.678333 0.412500 0.736667 0.345000 0.736667
0 0.430000 0.278333 0.631250 0.278333 0.631250 0.428333 0.430000 0.428333
1 0.418750 0.711667 0.492500 0.711667 0.492500 0.786667 0.418750 0.786667
0 0.553750 0.408333 0.618750 0.408333 0.618750 0.670000 0.553750 0.670000
0 0.240000 0.390000 0.315000 0.390000 0.315000 0.651667 0.240000 0.651667
0 0.601250 0.445000 0.737500 0.445000 0.737500 0.716667 0.601250 0.716667
0 0.438750 0.448333 0.507500 0.448333 0.507500 0.628333 0.438750 0.628333
0 0.387500 0.321667 0.552500 0.321667 0.552500 0.721667 0.387500 0.721667
0 0.326250 0.385000 0.425000 0.385000 0.425000 0.685000 0.326250 0.685000
