1 0.744444 0.575423 0.792593 0.575423 0.792593 0.607932 0.744444 0.607932
1 0.614815 0.407672 0.684259 0.407672 0.684259 0.477243 0.614815 0.477243
1 0.149074 0.434330 0.209259 0.434330 0.209259 0.469441 0.149074 0.469441
1 0.408333 0.833550 0.517593 0.833550 0.517593 0.882315 0.408333 0.882315
1 0.504630 0.460338 0.587963 0.460338 0.587963 0.514304 0.504630 0.514304
1 0.570370 0.488947 0.624074 0.488947 0.624074 0.548114 0.570370 0.548114
1 0.510185 0.540312 0.585185 0.540312 0.585185 0.614434 0.510185 0.614434
1 0.612037 0.533810 0.701852 0.533810 0.701852 0.587126 0.612037 0.587126
1 0.623148 0.483095 0.703704 0.483095 0.703704 0.531209 0.623148 0.531209
1 0.560185 0.417425 0.648148 0.417425 0.648148 0.503251 0.560185 0.503251
0 0.167593 0.255527 0.849074 0.255527 0.849074 0.816645 0.167593 0.816645
0 0.477778 0.413524 0.998148 0.413524 0.998148 0.877763 0.477778 0.877763
0 0.001852 0.276983 0.538889 0.276983 0.538889 0.700260 0.001852 0.700260
1 0.199074 0.403121 0.263889 0.403121 0.263889 0.429129 0.199074 0.429129
1 0.251852 0.380364 0.305556 0.380364 0.305556 0.412224 0.251852 0.412224
1 0.298148 0.391417 0.339815 0.391417 0.339815 0.417425 0.298148 0.417425
1 0.371296 0.322497 0.450926 0.322497 0.450926 0.391417 0.371296 0.391417
1 0.313889 0.472692 0.362963 0.472692 0.362963 0.514954 0.313889 0.514954
1 0.337037 0.447984 0.374074 0.447984 0.374074 0.479844 0.337037 0.479844
1 0.242593 0.459038 0.296296 0.459038 0.296296 0.490897 0.242593 0.490897
1 0.265741 0.409623 0.329630 0.409623 0.329630 0.449285 0.265741 0.449285
1 0.355556 0.384915 0.407407 0.384915 0.407407 0.424577 0.355556 0.424577
1 0.367593 0.408973 0.450000 0.408973 0.450000 0.461638 0.367593 0.461638
1 0.277778 0.440832 0.334259 0.440832 0.334259 0.479844 0.277778 0.479844
1 0.255556 0.524057 0.322222 0.524057 0.322222 0.560468 0.255556 0.560468
1 0.239815 0.476593 0.314815 0.476593 0.314815 0.523407 0.239815 0.523407
1 0.203704 0.415475 0.252778 0.415475 0.252778 0.463589 0.203704 0.463589
1 0.625000 0.564369 0.739815 0.564369 0.739815 0.622237 0.625000 0.622237
1 0.727778 0.593628 0.808333 0.593628 0.808333 0.644343 0.727778 0.644343
1 0.738889 0.532510 0.812037 0.532510 0.812037 0.566970 0.738889 0.566970
1 0.645370 0.625488 0.712963 0.625488 0.712963 0.687906 0.645370 0.687906
1 0.673148 0.401170 0.751852 0.401170 0.751852 0.468791 0.673148 0.468791
1 0.402778 0.476593 0.487037 0.476593 0.487037 0.522107 0.402778 0.522107
1 0.307407 0.579324 0.435185 0.579324 0.435185 0.663849 0.307407 0.663849
1 0.350926 0.686606 0.428704 0.686606 0.428704 0.750325 0.350926 0.750325
1 0.535185 0.719766 0.632407 0.719766 0.632407 0.781534 0.535185 0.781534
1 0.534259 0.877113 0.635185 0.877113 0.635185 0.933030 0.534259 0.933030
