0 0.257500 0.698667 0.329167 0.698667 0.329167 0.778667 0.257500 0.778667
0 0.370000 0.736667 0.475000 0.736667 0.475000 0.834000 0.370000 0.834000
0 0.463333 0.728000 0.658333 0.728000 0.658333 0.873333 0.463333 0.873333
0 0.611667 0.609333 0.903333 0.609333 0.903333 0.839333 0.611667 0.839333
0 0.326667 0.678667 0.410833 0.678667 0.410833 0.848667 0.326667 0.848667
2 0.159167 0.087333 0.827500 0.087333 0.827500 0.469333 0.159167 0.469333
0 0.485833 0.659333 0.635833 0.659333 0.635833 0.792000 0.485833 0.792000
0 0.282500 0.577333 0.555000 0.577333 0.555000 0.734000 0.282500 0.734000
0 0.335000 0.812667 0.544167 0.812667 0.544167 0.894000 0.335000 0.894000
0 0.533333 0.264000 0.907500 0.264000 0.907500 0.616667 0.533333 0.616667
0 0.662500 0.500000 0.925833 0.500000 0.925833 0.781333 0.662500 0.781333
0 0.751667 0.399333 1.000000 0.399333 1.000000 0.689333 0.751667 0.689333
1 0.000000 0.259333 0.423333 0.259333 0.423333 0.873333 0.000000 0.873333
0 0.405000 0.478667 0.547500 0.478667 0.547500 0.587333 0.405000 0.587333
0 0.501667 0.466000 0.630833 0.466000 0.630833 0.634667 0.501667 0.634667
