0 0.429412 0.760784 0.625490 0.760784 0.625490 0.945098 0.429412 0.945098
0 0.185294 0.548039 0.353922 0.548039 0.353922 0.636275 0.185294 0.636275
0 0.195098 0.677451 0.280392 0.677451 0.280392 0.717647 0.195098 0.717647
1 0.230392 0.290196 0.360784 0.290196 0.360784 0.384314 0.230392 0.384314
0 0.226471 0.496078 0.375490 0.496078 0.375490 0.578431 0.226471 0.578431
1 0.252941 0.259804 0.325490 0.259804 0.325490 0.325490 0.252941 0.325490
0 0.234314 0.465686 0.383333 0.465686 0.383333 0.533333 0.234314 0.533333
0 0.249020 0.437255 0.390196 0.437255 0.390196 0.516667 0.249020 0.516667
2 0.518627 0.186275 0.842157 0.186275 0.842157 0.678431 0.518627 0.678431
0 0.191176 0.612745 0.347059 0.612745 0.347059 0.686275 0.191176 0.686275
0 0.000000 0.858824 0.287255 0.858824 0.287255 1.000000 0.000000 1.000000
0 0.249020 0.368627 0.396078 0.368627 0.396078 0.437255 0.249020 0.437255
0 0.145098 0.358824 0.252941 0.358824 0.252941 0.410784 0.145098 0.410784
2 0.649020 0.326471 0.774510 0.326471 0.774510 0.444118 0.649020 0.444118
1 0.188235 0.264706 0.238235 0.264706 0.238235 0.345098 0.188235 0.345098
0 0.148039 0.390196 0.283333 0.390196 0.283333 0.446078 0.148039 0.446078
0 0.137255 0.438235 0.251961 0.438235 0.251961 0.512745 0.137255 0.512745
0 0.151961 0.502941 0.250000 0.502941 0.250000 0.594118 0.151961 0.594118
