2 0.240072 0.583994 0.285199 0.583994 0.285199 0.618859 0.240072 0.618859
2 0.168773 0.499208 0.294224 0.499208 0.294224 0.544374 0.168773 0.544374
0 0.546029 0.201268 0.910650 0.201268 0.910650 0.531696 0.546029 0.531696
1 0.433213 0.391442 0.575812 0.391442 0.575812 0.511094 0.433213 0.511094
1 0.269856 0.456418 0.443141 0.456418 0.443141 0.588748 0.269856 0.588748
2 0.207581 0.547544 0.301444 0.547544 0.301444 0.591918 0.207581 0.591918
2 0.555054 0.478605 0.701264 0.478605 0.701264 0.550713 0.555054 0.550713
2 0.326715 0.599049 0.415162 0.599049 0.415162 0.627575 0.326715 0.627575
2 0.544224 0.633122 0.699458 0.633122 0.699458 0.712361 0.544224 0.712361
1 0.290614 0.357369 0.381769 0.357369 0.381769 0.462758 0.290614 0.462758
2 0.345668 0.476228 0.600181 0.476228 0.600181 0.595087 0.345668 0.595087
2 0.267148 0.615689 0.664260 0.615689 0.664260 0.672742 0.267148 0.672742
2 0.390794 0.740095 0.467509 0.740095 0.467509 0.760697 0.390794 0.760697
2 0.231047 0.638669 0.506318 0.638669 0.506318 0.711569 0.231047 0.711569
2 0.208484 0.690967 0.510830 0.690967 0.510830 0.744057 0.208484 0.744057
2 0.632671 0.568146 0.842960 0.568146 0.842960 0.711569 0.632671 0.711569
2 0.564982 0.654517 0.750903 0.654517 0.750903 0.744849 0.564982 0.744849
2 0.470217 0.538827 0.695848 0.538827 0.695848 0.595087 0.470217 0.595087
2 0.473827 0.594295 0.668773 0.594295 0.668773 0.625198 0.473827 0.625198
2 0.412455 0.576862 0.494585 0.576862 0.494585 0.634707 0.412455 0.634707
1 0.336643 0.297940 0.497292 0.297940 0.497292 0.451664 0.336643 0.451664
2 0.259025 0.148177 0.544224 0.148177 0.544224 0.404913 0.259025 0.404913
2 0.669675 0.517433 0.771661 0.517433 0.771661 0.578447 0.669675 0.578447
1 0.166065 0.404913 0.295126 0.404913 0.295126 0.503962 0.166065 0.503962
