2 0.473529 0.254902 0.783333 0.254902 0.783333 0.595098 0.473529 0.595098
1 0.000000 0.000000 0.508824 0.000000 0.508824 0.436275 0.000000 0.436275
0 0.152941 0.310784 0.343137 0.310784 0.343137 0.585294 0.152941 0.585294
1 0.155882 0.133333 0.406863 0.133333 0.406863 0.433333 0.155882 0.433333
0 0.295098 0.445098 0.486275 0.445098 0.486275 0.690196 0.295098 0.690196
0 0.638235 0.697059 0.806863 0.697059 0.806863 0.861765 0.638235 0.861765
0 0.384314 0.094118 0.634314 0.094118 0.634314 0.304902 0.384314 0.304902
0 0.592157 0.140196 0.773529 0.140196 0.773529 0.279412 0.592157 0.279412
0 0.751961 0.507843 1.000000 0.507843 1.000000 0.851961 0.751961 0.851961
0 0.468627 0.617647 0.720588 0.617647 0.720588 1.000000 0.468627 1.000000
0 0.223529 0.508824 0.484314 0.508824 0.484314 0.890196 0.223529 0.890196
0 0.066667 0.312745 0.253922 0.312745 0.253922 0.724510 0.066667 0.724510
0 0.498039 0.242157 0.870588 0.242157 0.870588 0.499020 0.498039 0.499020
0 0.351961 0.265686 0.951961 0.265686 0.951961 0.697059 0.351961 0.697059
2 0.662745 0.496078 0.850980 0.496078 0.850980 0.659804 0.662745 0.659804
