1 0.515000 0.635000 0.576250 0.635000 0.576250 0.806667 0.515000 0.806667
1 0.570000 0.718333 0.667500 0.718333 0.667500 0.858333 0.570000 0.858333
1 0.481250 0.821667 0.562500 0.821667 0.562500 0.875000 0.481250 0.875000
2 0.457500 0.650000 0.552500 0.650000 0.552500 0.770000 0.457500 0.770000
0 0.581250 0.238333 0.650000 0.238333 0.650000 0.591667 0.581250 0.591667
0 0.450000 0.343333 0.560000 0.343333 0.560000 0.506667 0.450000 0.506667
0 0.513750 0.495000 0.631250 0.495000 0.631250 0.706667 0.513750 0.706667
0 0.405000 0.456667 0.477500 0.456667 0.477500 0.560000 0.405000 0.560000
0 0.210000 0.406667 0.307500 0.406667 0.307500 0.653333 0.210000 0.653333
1 0.468750 0.741667 0.558750 0.741667 0.558750 0.835000 0.468750 0.835000
1 0.633750 0.583333 0.661250 0.583333 0.661250 0.735000 0.633750 0.735000
0 0.550000 0.360000 0.596250 0.360000 0.596250 0.610000 0.550000 0.610000
0 0.286250 0.475000 0.405000 0.475000 0.405000 0.623333 0.286250 0.623333
0 0.423750 0.193333 0.538750 0.193333 0.538750 0.341667 0.423750 0.341667
2 0.338750 0.280000 0.452500 0.280000 0.452500 0.470000 0.338750 0.470000
2 0.625000 0.490000 0.762500 0.490000 0.762500 0.680000 0.625000 0.680000
0 0.281250 0.223333 0.407500 0.223333 0.407500 0.405000 0.281250 0.405000
0 0.305000 0.576667 0.475000 0.576667 0.475000 0.825000 0.305000 0.825000
0 0.428750 0.565000 0.492500 0.565000 0.492500 0.693333 0.428750 0.693333
0 0.568750 0.370000 0.625000 0.370000 0.625000 0.496667 0.568750 0.496667
