1 0.468750 0.290520 0.543478 0.290520 0.543478 0.354740 0.468750 0.354740
1 0.311141 0.253823 0.432065 0.253823 0.432065 0.300714 0.311141 0.300714
1 0.163043 0.361876 0.216033 0.361876 0.216033 0.417941 0.163043 0.417941
1 0.203804 0.347604 0.256793 0.347604 0.256793 0.395515 0.203804 0.395515
1 0.270380 0.237513 0.324728 0.237513 0.324728 0.297655 0.270380 0.297655
1 0.426630 0.408767 0.501359 0.408767 0.501359 0.448522 0.426630 0.448522
0 0.283967 0.173293 0.513587 0.173293 0.513587 0.254842 0.283967 0.254842
0 0.410326 0.233435 0.543478 0.233435 0.543478 0.319062 0.410326 0.319062
1 0.610054 0.424057 0.683424 0.424057 0.683424 0.486239 0.610054 0.486239
1 0.630435 0.374108 0.688859 0.374108 0.688859 0.437309 0.630435 0.437309
1 0.730978 0.312946 0.779891 0.312946 0.779891 0.372069 0.730978 0.372069
1 0.591033 0.358818 0.668478 0.358818 0.668478 0.396534 0.591033 0.396534
1 0.514946 0.328236 0.572011 0.328236 0.572011 0.416922 0.514946 0.416922
1 0.675272 0.377166 0.740489 0.377166 0.740489 0.456677 0.675272 0.456677
0 0.519022 0.174312 0.926630 0.174312 0.926630 0.553517 0.519022 0.553517
0 0.172554 0.359837 0.422554 0.359837 0.422554 0.483180 0.172554 0.483180
0 0.228261 0.327217 0.360054 0.327217 0.360054 0.405708 0.228261 0.405708
0 0.188859 0.297655 0.379076 0.297655 0.379076 0.358818 0.188859 0.358818
0 0.400815 0.434251 0.538043 0.434251 0.538043 0.507645 0.400815 0.507645
0 0.110054 0.219164 0.266304 0.219164 0.266304 0.354740 0.110054 0.354740
0 0.066576 0.349643 0.176630 0.349643 0.176630 0.420999 0.066576 0.420999
1 0.035326 0.424057 0.460598 0.424057 0.460598 0.804281 0.035326 0.804281
0 0.362772 0.321101 0.505435 0.321101 0.505435 0.430173 0.362772 0.430173
2 0.438859 0.454638 0.865489 0.454638 0.865489 0.781855 0.438859 0.781855
