0 0.296737 0.384921 0.351852 0.384921 0.351852 0.422619 0.296737 0.422619
1 0.227072 0.711310 0.280423 0.711310 0.280423 0.741567 0.227072 0.741567
0 0.205908 0.451389 0.244709 0.451389 0.244709 0.473462 0.205908 0.473462
0 0.429894 0.684276 0.473545 0.684276 0.473545 0.718998 0.429894 0.718998
0 0.307319 0.593750 0.362875 0.593750 0.362875 0.620040 0.307319 0.620040
0 0.336420 0.490327 0.373457 0.490327 0.373457 0.518849 0.336420 0.518849
0 0.182540 0.468006 0.209877 0.468006 0.209877 0.485119 0.182540 0.485119
2 0.555115 0.345238 0.823192 0.345238 0.823192 0.506696 0.555115 0.506696
0 0.202822 0.610367 0.274250 0.610367 0.274250 0.672867 0.202822 0.672867
0 0.400353 0.433284 0.456349 0.433284 0.456349 0.468006 0.400353 0.468006
0 0.428131 0.467510 0.490300 0.467510 0.490300 0.500496 0.428131 0.500496
0 0.388448 0.496280 0.452822 0.496280 0.452822 0.520833 0.388448 0.520833
0 0.359347 0.468998 0.412698 0.468998 0.412698 0.502976 0.359347 0.502976
0 0.119489 0.617808 0.168871 0.617808 0.168871 0.644345 0.119489 0.644345
1 0.093034 0.479167 0.190035 0.479167 0.190035 0.520337 0.093034 0.520337
0 0.389330 0.752976 0.437390 0.752976 0.437390 0.778770 0.389330 0.778770
1 0.623457 0.462302 0.842152 0.462302 0.842152 0.546131 0.623457 0.546131
1 0.795855 0.491567 0.907407 0.491567 0.907407 0.543155 0.795855 0.543155
1 0.276014 0.387897 0.416667 0.387897 0.416667 0.446181 0.276014 0.446181
1 0.215608 0.462302 0.286596 0.462302 0.286596 0.497520 0.215608 0.497520
1 0.171076 0.522569 0.251323 0.522569 0.251323 0.563244 0.171076 0.563244
0 0.394621 0.704365 0.481041 0.704365 0.481041 0.743800 0.394621 0.743800
0 0.685185 0.549107 0.713845 0.549107 0.713845 0.589534 0.685185 0.589534
0 0.676367 0.494048 0.757937 0.494048 0.757937 0.535714 0.676367 0.535714
0 0.219577 0.663442 0.358466 0.663442 0.358466 0.709821 0.219577 0.709821
0 0.457672 0.599702 0.616402 0.599702 0.616402 0.717510 0.457672 0.717510
0 0.240741 0.534474 0.284832 0.534474 0.284832 0.562004 0.240741 0.562004
0 0.343474 0.712302 0.393739 0.712302 0.393739 0.750248 0.343474 0.750248
0 0.325838 0.625744 0.366843 0.625744 0.366843 0.660714 0.325838 0.660714
0 0.356702 0.663690 0.418871 0.663690 0.418871 0.707093 0.356702 0.707093
0 0.649471 0.613095 0.723104 0.613095 0.723104 0.660218 0.649471 0.660218
0 0.695767 0.641865 0.805556 0.641865 0.805556 0.680308 0.695767 0.680308
0 0.864638 0.516865 0.929453 0.516865 0.929453 0.613095 0.864638 0.613095
0 0.727954 0.347470 0.851411 0.347470 0.851411 0.412698 0.727954 0.412698
0 0.579806 0.619792 0.667549 0.619792 0.667549 0.670635 0.579806 0.670635
0 0.515873 0.630208 0.595238 0.630208 0.595238 0.674107 0.515873 0.674107
0 0.498236 0.534722 0.609347 0.534722 0.609347 0.628224 0.498236 0.628224
0 0.106261 0.442708 0.213404 0.442708 0.213404 0.478423 0.106261 0.478423
0 0.276455 0.513889 0.373898 0.513889 0.373898 0.587054 0.276455 0.587054
0 0.129189 0.653274 0.176367 0.653274 0.176367 0.682044 0.129189 0.682044
2 0.486772 0.502728 0.716931 0.502728 0.716931 0.626240 0.486772 0.626240
2 0.321869 0.526786 0.507937 0.526786 0.507937 0.610119 0.321869 0.610119
2 0.700176 0.544395 0.867284 0.544395 0.867284 0.648562 0.700176 0.648562
2 0.512346 0.656746 0.741182 0.656746 0.741182 0.761161 0.512346 0.761161
2 0.350529 0.334573 0.509259 0.334573 0.509259 0.390377 0.350529 0.390377
2 0.152116 0.374256 0.300265 0.374256 0.300265 0.454365 0.152116 0.454365
2 0.083774 0.549603 0.304233 0.549603 0.304233 0.635913 0.083774 0.635913
0 0.182099 0.486607 0.292769 0.486607 0.292769 0.539435 0.182099 0.539435
2 0.457231 0.496776 0.546296 0.496776 0.546296 0.528026 0.457231 0.528026
2 0.270723 0.364583 0.594797 0.364583 0.594797 0.514137 0.270723 0.514137
0 0.163139 0.674355 0.200617 0.674355 0.200617 0.703125 0.163139 0.703125
