1 0.399912 0.317708 0.465168 0.317708 0.465168 0.358879 0.399912 0.358879
1 0.343915 0.451141 0.469136 0.451141 0.469136 0.508185 0.343915 0.508185
0 0.324074 0.381200 0.453263 0.381200 0.453263 0.431052 0.324074 0.431052
1 0.335097 0.421379 0.495591 0.421379 0.495591 0.486359 0.335097 0.486359
0 0.532628 0.438988 0.635362 0.438988 0.635362 0.490575 0.532628 0.490575
0 0.657407 0.398313 0.741182 0.398313 0.741182 0.459325 0.657407 0.459325
0 0.451499 0.241071 0.709877 0.241071 0.709877 0.398562 0.451499 0.398562
1 0.574956 0.463790 0.682099 0.463790 0.682099 0.513145 0.574956 0.513145
0 0.425485 0.337798 0.486772 0.337798 0.486772 0.374008 0.425485 0.374008
0 0.656966 0.281498 0.758377 0.281498 0.758377 0.377728 0.656966 0.377728
0 0.296737 0.210565 0.487213 0.210565 0.487213 0.327629 0.296737 0.327629
0 0.211199 0.292907 0.390212 0.292907 0.390212 0.390625 0.211199 0.390625
0 0.012346 0.485367 0.743827 0.485367 0.743827 0.843502 0.012346 0.843502
2 0.119929 0.505704 0.171517 0.505704 0.171517 0.547867 0.119929 0.547867
1 0.483686 0.226438 0.665344 0.226438 0.665344 0.281002 0.483686 0.281002
1 0.517637 0.384673 0.656526 0.384673 0.656526 0.443700 0.517637 0.443700
2 0.495150 0.706349 0.696208 0.706349 0.696208 0.805556 0.495150 0.805556
1 0.468695 0.200645 0.553351 0.200645 0.553351 0.230903 0.468695 0.230903
1 0.483245 0.388889 0.565256 0.388889 0.565256 0.436260 0.483245 0.436260
1 0.434303 0.347718 0.527337 0.347718 0.527337 0.407986 0.434303 0.407986
1 0.486332 0.433780 0.597002 0.433780 0.597002 0.508185 0.486332 0.508185
1 0.187390 0.368056 0.339065 0.368056 0.339065 0.436756 0.187390 0.436756
