2 0.691089 0.497207 0.849505 0.497207 0.849505 0.631285 0.691089 0.631285
0 0.546535 0.625698 0.702970 0.625698 0.702970 0.765363 0.546535 0.765363
1 0.120792 0.338920 0.249505 0.338920 0.249505 0.465549 0.120792 0.465549
0 0.425743 0.871508 0.510891 0.871508 0.510891 0.918063 0.425743 0.918063
0 0.516832 0.119181 0.675248 0.119181 0.675248 0.216015 0.516832 0.216015
1 0.316832 0.191806 0.372277 0.191806 0.372277 0.219739 0.316832 0.219739
1 0.124752 0.582868 0.154455 0.582868 0.154455 0.620112 0.124752 0.620112
2 0.221782 0.229050 0.613861 0.229050 0.613861 0.620112 0.221782 0.620112
1 0.362376 0.865922 0.403960 0.865922 0.403960 0.899441 0.362376 0.899441
1 0.239604 0.515829 0.302970 0.515829 0.302970 0.551210 0.239604 0.551210
1 0.152475 0.694600 0.217822 0.694600 0.217822 0.806331 0.152475 0.806331
1 0.443564 0.547486 0.481188 0.547486 0.481188 0.610801 0.443564 0.610801
1 0.196040 0.504655 0.219802 0.504655 0.219802 0.543762 0.196040 0.543762
1 0.237624 0.567970 0.312871 0.567970 0.312871 0.614525 0.237624 0.614525
2 0.225743 0.299814 0.405941 0.299814 0.405941 0.404097 0.225743 0.404097
0 0.233663 0.614525 0.546535 0.614525 0.546535 0.849162 0.233663 0.849162
0 0.538614 0.294227 0.790099 0.294227 0.790099 0.545624 0.538614 0.545624
2 0.293069 0.162011 0.441584 0.162011 0.441584 0.309125 0.293069 0.309125
2 0.409901 0.312849 0.431683 0.312849 0.431683 0.459963 0.409901 0.459963
