2 0.342058 0.447529 0.455776 0.447529 0.455776 0.555179 0.342058 0.555179
2 0.004513 0.309411 0.112816 0.309411 0.112816 0.376439 0.004513 0.376439
0 0.508123 0.215301 0.861011 0.215301 0.861011 0.514557 0.508123 0.514557
0 0.343863 0.107651 0.486462 0.107651 0.486462 0.276236 0.343863 0.276236
2 0.218412 0.172647 0.303249 0.172647 0.303249 0.354773 0.218412 0.354773
2 0.429603 0.302640 0.521661 0.302640 0.521661 0.410291 0.429603 0.410291
2 0.399819 0.354096 0.515343 0.354096 0.515343 0.459039 0.399819 0.459039
2 0.388989 0.405552 0.504513 0.405552 0.504513 0.507109 0.388989 0.507109
2 0.347473 0.243060 0.429603 0.243060 0.429603 0.356127 0.347473 0.356127
0 0.802347 0.366283 0.988267 0.366283 0.988267 0.521327 0.802347 0.521327
0 0.777076 0.205146 1.000000 0.205146 1.000000 0.370345 0.777076 0.370345
2 0.249097 0.509140 0.945848 0.509140 0.945848 0.952607 0.249097 0.952607
2 0.157040 0.324306 0.201264 0.324306 0.201264 0.369668 0.157040 0.369668
2 0.000000 0.352742 0.102888 0.352742 0.102888 0.409614 0.000000 0.409614
2 0.083032 0.238321 0.222924 0.238321 0.222924 0.272850 0.083032 0.272850
0 0.476534 0.104265 0.792419 0.104265 0.792419 0.255247 0.476534 0.255247
2 0.061372 0.264049 0.183213 0.264049 0.183213 0.310088 0.061372 0.310088
2 0.152527 0.244414 0.229242 0.244414 0.229242 0.333785 0.152527 0.333785
2 0.093863 0.312796 0.194946 0.312796 0.194946 0.541638 0.093863 0.541638
2 0.184116 0.371022 0.246390 0.371022 0.246390 0.473257 0.184116 0.473257
2 0.231047 0.186865 0.347473 0.186865 0.347473 0.411645 0.231047 0.411645
2 0.322202 0.312119 0.402527 0.312119 0.402527 0.454299 0.322202 0.454299
2 0.250903 0.375762 0.334838 0.375762 0.334838 0.596479 0.250903 0.596479
2 0.284296 0.500339 0.382671 0.500339 0.382671 0.654705 0.284296 0.654705
