0 0.123188 0.529652 0.403382 0.529652 0.403382 0.698364 0.123188 0.698364
0 0.004831 0.219836 0.451691 0.219836 0.451691 0.439673 0.004831 0.439673
1 0.733092 0.655419 0.913043 0.655419 0.913043 0.878323 0.733092 0.878323
1 0.609903 0.413088 0.640097 0.413088 0.640097 0.433538 0.609903 0.433538
0 0.070048 0.473415 0.391304 0.473415 0.391304 0.637014 0.070048 0.637014
0 0.410628 0.263804 0.935990 0.263804 0.935990 0.647239 0.410628 0.647239
1 0.659420 0.357873 0.765700 0.357873 0.765700 0.464213 0.659420 0.464213
0 0.039855 0.411043 0.402174 0.411043 0.402174 0.556237 0.039855 0.556237
0 0.227053 0.639059 0.567633 0.639059 0.567633 0.788344 0.227053 0.788344
0 0.177536 0.609407 0.407005 0.609407 0.407005 0.734151 0.177536 0.734151
1 0.553140 0.655419 0.782609 0.655419 0.782609 0.898773 0.553140 0.898773
0 0.000000 0.356851 0.391304 0.356851 0.391304 0.509202 0.000000 0.509202
