1 0.460833 0.477500 0.608333 0.477500 0.608333 0.685000 0.460833 0.685000
1 0.350000 0.167500 0.576667 0.167500 0.576667 0.406667 0.350000 0.406667
1 0.724167 0.208333 0.901667 0.208333 0.901667 0.350833 0.724167 0.350833
1 0.636667 0.064167 0.803333 0.064167 0.803333 0.210000 0.636667 0.210000
1 0.499167 0.079167 0.658333 0.079167 0.658333 0.210833 0.499167 0.210833
1 0.539167 0.428333 0.758333 0.428333 0.758333 0.665000 0.539167 0.665000
1 0.604167 0.343333 0.733333 0.343333 0.733333 0.490000 0.604167 0.490000
1 0.670000 0.304167 0.898333 0.304167 0.898333 0.512500 0.670000 0.512500
1 0.733333 0.520833 0.887500 0.520833 0.887500 0.746667 0.733333 0.746667
1 0.370833 0.380000 0.545000 0.380000 0.545000 0.551667 0.370833 0.551667
0 0.306667 0.579167 0.515000 0.579167 0.515000 0.858333 0.306667 0.858333
1 0.365000 0.109167 0.495833 0.109167 0.495833 0.231667 0.365000 0.231667
0 0.500833 0.660833 0.743333 0.660833 0.743333 0.905833 0.500833 0.905833
2 0.053333 0.097500 0.400833 0.097500 0.400833 0.466667 0.053333 0.466667
2 0.096667 0.305833 0.376667 0.305833 0.376667 0.778333 0.096667 0.778333
1 0.544167 0.176667 0.732500 0.176667 0.732500 0.431667 0.544167 0.431667
