0 0.330000 0.291667 0.435000 0.291667 0.435000 0.346667 0.330000 0.346667
1 0.672500 0.630000 0.785000 0.630000 0.785000 0.810000 0.672500 0.810000
0 0.722500 0.328333 0.883750 0.328333 0.883750 0.535000 0.722500 0.535000
0 0.450000 0.661667 0.596250 0.661667 0.596250 0.845000 0.450000 0.845000
0 0.576250 0.101667 0.721250 0.101667 0.721250 0.396667 0.576250 0.396667
0 0.356250 0.606667 0.466250 0.606667 0.466250 0.786667 0.356250 0.786667
1 0.563750 0.750000 0.742500 0.750000 0.742500 0.891667 0.563750 0.891667
0 0.313750 0.506667 0.398750 0.506667 0.398750 0.620000 0.313750 0.620000
1 0.641250 0.711667 0.680000 0.711667 0.680000 0.790000 0.641250 0.790000
1 0.702500 0.680000 0.796250 0.680000 0.796250 0.800000 0.702500 0.800000
0 0.686250 0.088333 0.756250 0.088333 0.756250 0.245000 0.686250 0.245000
0 0.303750 0.258333 0.515000 0.258333 0.515000 0.336667 0.303750 0.336667
0 0.696250 0.211667 0.800000 0.211667 0.800000 0.400000 0.696250 0.400000
1 0.766250 0.530000 0.863750 0.530000 0.863750 0.700000 0.766250 0.700000
2 0.297500 0.365000 0.406250 0.365000 0.406250 0.508333 0.297500 0.508333
2 0.378750 0.295000 0.777500 0.295000 0.777500 0.748333 0.378750 0.748333
0 0.450000 0.168333 0.586250 0.168333 0.586250 0.303333 0.450000 0.303333
0 0.403750 0.086667 0.607500 0.086667 0.607500 0.220000 0.403750 0.220000
