0 0.560000 0.540000 0.610000 0.540000 0.610000 0.581667 0.560000 0.581667
1 0.327500 0.395000 0.412500 0.395000 0.412500 0.630000 0.327500 0.630000
1 0.360000 0.660000 0.381250 0.660000 0.381250 0.688333 0.360000 0.688333
1 0.388750 0.570000 0.665000 0.570000 0.665000 0.803333 0.388750 0.803333
1 0.290000 0.138333 0.776250 0.138333 0.776250 0.438333 0.290000 0.438333
0 0.530000 0.426667 0.555000 0.426667 0.555000 0.460000 0.530000 0.460000
1 0.736250 0.518333 0.760000 0.518333 0.760000 0.551667 0.736250 0.551667
0 0.686250 0.546667 0.715000 0.546667 0.715000 0.580000 0.686250 0.580000
0 0.682500 0.480000 0.716250 0.480000 0.716250 0.513333 0.682500 0.513333
0 0.661250 0.491667 0.710000 0.491667 0.710000 0.563333 0.661250 0.563333
0 0.651250 0.556667 0.687500 0.556667 0.687500 0.630000 0.651250 0.630000
0 0.600000 0.410000 0.683750 0.410000 0.683750 0.520000 0.600000 0.520000
0 0.521250 0.496667 0.548750 0.496667 0.548750 0.543333 0.521250 0.543333
0 0.555000 0.393333 0.613750 0.393333 0.613750 0.515000 0.555000 0.515000
2 0.382500 0.413333 0.558750 0.413333 0.558750 0.643333 0.382500 0.643333
0 0.586250 0.498333 0.611250 0.498333 0.611250 0.523333 0.586250 0.523333
0 0.622500 0.503333 0.655000 0.503333 0.655000 0.585000 0.622500 0.585000
