1 0.822222 0.250926 0.851852 0.250926 0.851852 0.300926 0.822222 0.300926
1 0.496296 0.828704 0.551852 0.828704 0.551852 0.875926 0.496296 0.875926
1 0.348148 0.801852 0.421296 0.801852 0.421296 0.871296 0.348148 0.871296
1 0.593519 0.095370 0.643519 0.095370 0.643519 0.113889 0.593519 0.113889
1 0.416667 0.771296 0.484259 0.771296 0.484259 0.854630 0.416667 0.854630
1 0.405556 0.850000 0.497222 0.850000 0.497222 0.922222 0.405556 0.922222
1 0.505556 0.862963 0.608333 0.862963 0.608333 0.900926 0.505556 0.900926
1 0.471296 0.764815 0.516667 0.764815 0.516667 0.828704 0.471296 0.828704
1 0.844444 0.689815 0.921296 0.689815 0.921296 0.774074 0.844444 0.774074
0 0.497222 0.439815 0.980556 0.439815 0.980556 0.848148 0.497222 0.848148
0 0.335185 0.112963 0.816667 0.112963 0.816667 0.455556 0.335185 0.455556
0 0.071296 0.337037 0.493519 0.337037 0.493519 0.837963 0.071296 0.837963
1 0.047222 0.356481 0.106481 0.356481 0.106481 0.389815 0.047222 0.389815
1 0.055556 0.391667 0.087963 0.391667 0.087963 0.455556 0.055556 0.455556
1 0.088889 0.312037 0.117593 0.312037 0.117593 0.366667 0.088889 0.366667
1 0.032407 0.283333 0.088889 0.283333 0.088889 0.348148 0.032407 0.348148
1 0.057407 0.212963 0.125926 0.212963 0.125926 0.300000 0.057407 0.300000
1 0.123148 0.187037 0.174074 0.187037 0.174074 0.234259 0.123148 0.234259
1 0.119444 0.201852 0.181481 0.201852 0.181481 0.265741 0.119444 0.265741
1 0.265741 0.194444 0.332407 0.194444 0.332407 0.254630 0.265741 0.254630
1 0.170370 0.290741 0.235185 0.290741 0.235185 0.336111 0.170370 0.336111
1 0.325000 0.275000 0.375926 0.275000 0.375926 0.332407 0.325000 0.332407
1 0.493519 0.440741 0.553704 0.440741 0.553704 0.499074 0.493519 0.499074
1 0.116667 0.312963 0.163889 0.312963 0.163889 0.362963 0.116667 0.362963
1 0.050000 0.508333 0.077778 0.508333 0.077778 0.603704 0.050000 0.603704
1 0.470370 0.580556 0.497222 0.580556 0.497222 0.695370 0.470370 0.695370
1 0.437037 0.076852 0.504630 0.076852 0.504630 0.137963 0.437037 0.137963
1 0.796296 0.357407 0.817593 0.357407 0.817593 0.393519 0.796296 0.393519
1 0.906481 0.500000 0.955556 0.500000 0.955556 0.545370 0.906481 0.545370
1 0.789815 0.419444 0.875000 0.419444 0.875000 0.470370 0.789815 0.470370
1 0.822222 0.357407 0.874074 0.357407 0.874074 0.402778 0.822222 0.402778
1 0.138889 0.246296 0.179630 0.246296 0.179630 0.277778 0.138889 0.277778
1 0.175000 0.243519 0.234259 0.243519 0.234259 0.298148 0.175000 0.298148
1 0.224074 0.187963 0.263889 0.187963 0.263889 0.220370 0.224074 0.220370
1 0.239815 0.255556 0.312963 0.255556 0.312963 0.300926 0.239815 0.300926
1 0.445370 0.414815 0.500000 0.414815 0.500000 0.450926 0.445370 0.450926
1 0.147222 0.795370 0.184259 0.795370 0.184259 0.840741 0.147222 0.840741
1 0.178704 0.833333 0.241667 0.833333 0.241667 0.887037 0.178704 0.887037
1 0.111111 0.728704 0.159259 0.728704 0.159259 0.812963 0.111111 0.812963
1 0.225000 0.926852 0.343519 0.926852 0.343519 0.959259 0.225000 0.959259
1 0.266667 0.828704 0.382407 0.828704 0.382407 0.925926 0.266667 0.925926
