1 0.578750 0.253333 0.696250 0.253333 0.696250 0.476667 0.578750 0.476667
1 0.376250 0.576667 0.397500 0.576667 0.397500 0.626667 0.376250 0.626667
1 0.297500 0.666667 0.328750 0.666667 0.328750 0.726667 0.297500 0.726667
1 0.390000 0.348333 0.487500 0.348333 0.487500 0.460000 0.390000 0.460000
1 0.558750 0.370000 0.613750 0.370000 0.613750 0.480000 0.558750 0.480000
1 0.475000 0.306667 0.573750 0.306667 0.573750 0.500000 0.475000 0.500000
1 0.457500 0.623333 0.548750 0.623333 0.548750 0.735000 0.457500 0.735000
1 0.288750 0.155000 0.456250 0.155000 0.456250 0.318333 0.288750 0.318333
1 0.436250 0.155000 0.585000 0.155000 0.585000 0.273333 0.436250 0.273333
0 0.337500 0.268333 0.640000 0.268333 0.640000 0.658333 0.337500 0.658333
0 0.283750 0.545000 0.327500 0.545000 0.327500 0.630000 0.283750 0.630000
0 0.517500 0.116667 0.562500 0.116667 0.562500 0.211667 0.517500 0.211667
1 0.726250 0.641667 0.756250 0.641667 0.756250 0.685000 0.726250 0.685000
1 0.698750 0.626667 0.751250 0.626667 0.751250 0.658333 0.698750 0.658333
1 0.493750 0.148333 0.521250 0.148333 0.521250 0.176667 0.493750 0.176667
1 0.615000 0.570000 0.637500 0.570000 0.637500 0.601667 0.615000 0.601667
1 0.335000 0.676667 0.387500 0.676667 0.387500 0.701667 0.335000 0.701667
0 0.573750 0.135000 0.671250 0.135000 0.671250 0.240000 0.573750 0.240000
1 0.505000 0.480000 0.522500 0.480000 0.522500 0.508333 0.505000 0.508333
1 0.445000 0.373333 0.521250 0.373333 0.521250 0.440000 0.445000 0.440000
0 0.420000 0.756667 0.447500 0.756667 0.447500 0.790000 0.420000 0.790000
0 0.525000 0.491667 0.555000 0.491667 0.555000 0.516667 0.525000 0.516667
0 0.442500 0.473333 0.478750 0.473333 0.478750 0.528333 0.442500 0.528333
0 0.343750 0.548333 0.482500 0.548333 0.482500 0.786667 0.343750 0.786667
0 0.627500 0.223333 0.786250 0.223333 0.786250 0.541667 0.627500 0.541667
1 0.476250 0.120000 0.535000 0.120000 0.535000 0.156667 0.476250 0.156667
1 0.328750 0.590000 0.381250 0.590000 0.381250 0.780000 0.328750 0.780000
