0 0.391250 0.383333 0.438750 0.383333 0.438750 0.458333 0.391250 0.458333
0 0.446250 0.405000 0.486250 0.405000 0.486250 0.461667 0.446250 0.461667
0 0.563750 0.425000 0.607500 0.425000 0.607500 0.471667 0.563750 0.471667
0 0.267500 0.353333 0.295000 0.353333 0.295000 0.396667 0.267500 0.396667
0 0.523750 0.186667 0.562500 0.186667 0.562500 0.236667 0.523750 0.236667
0 0.658750 0.411667 0.681250 0.411667 0.681250 0.446667 0.658750 0.446667
0 0.626250 0.445000 0.675000 0.445000 0.675000 0.496667 0.626250 0.496667
0 0.288750 0.371667 0.347500 0.371667 0.347500 0.436667 0.288750 0.436667
0 0.437500 0.191667 0.475000 0.191667 0.475000 0.285000 0.437500 0.285000
0 0.288750 0.228333 0.382500 0.228333 0.382500 0.388333 0.288750 0.388333
0 0.518750 0.485000 0.550000 0.485000 0.550000 0.558333 0.518750 0.558333
0 0.368750 0.213333 0.448750 0.213333 0.448750 0.298333 0.368750 0.298333
0 0.278750 0.508333 0.327500 0.508333 0.327500 0.578333 0.278750 0.578333
0 0.461250 0.255000 0.502500 0.255000 0.502500 0.320000 0.461250 0.320000
0 0.265000 0.403333 0.323750 0.403333 0.323750 0.505000 0.265000 0.505000
0 0.615000 0.265000 0.691250 0.265000 0.691250 0.431667 0.615000 0.431667
0 0.365000 0.661667 0.390000 0.661667 0.390000 0.698333 0.365000 0.698333
0 0.655000 0.478333 0.713750 0.478333 0.713750 0.578333 0.655000 0.578333
0 0.485000 0.400000 0.560000 0.400000 0.560000 0.488333 0.485000 0.488333
1 0.263750 0.441667 0.552500 0.441667 0.552500 0.715000 0.263750 0.715000
0 0.350000 0.415000 0.377500 0.415000 0.377500 0.480000 0.350000 0.480000
2 0.480000 0.353333 0.626250 0.353333 0.626250 0.466667 0.480000 0.466667
0 0.355000 0.356667 0.406250 0.356667 0.406250 0.540000 0.355000 0.540000
0 0.455000 0.181667 0.518750 0.181667 0.518750 0.265000 0.455000 0.265000
0 0.547500 0.533333 0.600000 0.533333 0.600000 0.636667 0.547500 0.636667
0 0.470000 0.238333 0.596250 0.238333 0.596250 0.370000 0.470000 0.370000
0 0.587500 0.223333 0.651250 0.223333 0.651250 0.313333 0.587500 0.313333
0 0.482500 0.711667 0.595000 0.711667 0.595000 0.800000 0.482500 0.800000
0 0.512500 0.636667 0.612500 0.636667 0.612500 0.736667 0.512500 0.736667
0 0.601250 0.701667 0.652500 0.701667 0.652500 0.778333 0.601250 0.778333
0 0.378750 0.281667 0.477500 0.281667 0.477500 0.388333 0.378750 0.388333
0 0.582500 0.485000 0.720000 0.485000 0.720000 0.631667 0.582500 0.631667
0 0.572500 0.581667 0.655000 0.581667 0.655000 0.701667 0.572500 0.701667
0 0.458750 0.748333 0.546250 0.748333 0.546250 0.833333 0.458750 0.833333
0 0.411250 0.716667 0.481250 0.716667 0.481250 0.801667 0.411250 0.801667
