1 0.528750 0.736667 0.563750 0.736667 0.563750 0.768333 0.528750 0.768333
1 0.560000 0.491667 0.591250 0.491667 0.591250 0.533333 0.560000 0.533333
1 0.622500 0.485000 0.645000 0.485000 0.645000 0.531667 0.622500 0.531667
1 0.598750 0.563333 0.620000 0.563333 0.620000 0.605000 0.598750 0.605000
1 0.593750 0.343333 0.625000 0.343333 0.625000 0.373333 0.593750 0.373333
1 0.601250 0.213333 0.611250 0.213333 0.611250 0.238333 0.601250 0.238333
1 0.653750 0.188333 0.675000 0.188333 0.675000 0.210000 0.653750 0.210000
1 0.711250 0.355000 0.738750 0.355000 0.738750 0.393333 0.711250 0.393333
1 0.558750 0.435000 0.563750 0.435000 0.563750 0.448333 0.558750 0.448333
1 0.777500 0.356667 0.800000 0.356667 0.800000 0.396667 0.777500 0.396667
1 0.647500 0.460000 0.661250 0.460000 0.661250 0.478333 0.647500 0.478333
1 0.683750 0.466667 0.703750 0.466667 0.703750 0.490000 0.683750 0.490000
1 0.670000 0.506667 0.695000 0.506667 0.695000 0.546667 0.670000 0.546667
1 0.646250 0.500000 0.672500 0.500000 0.672500 0.535000 0.646250 0.535000
1 0.741250 0.610000 0.770000 0.610000 0.770000 0.643333 0.741250 0.643333
1 0.601250 0.533333 0.611250 0.533333 0.611250 0.550000 0.601250 0.550000
1 0.608750 0.268333 0.622500 0.268333 0.622500 0.286667 0.608750 0.286667
2 0.508750 0.190000 0.798750 0.190000 0.798750 0.788333 0.508750 0.788333
1 0.513750 0.328333 0.535000 0.328333 0.535000 0.363333 0.513750 0.363333
1 0.685000 0.421667 0.703750 0.421667 0.703750 0.450000 0.685000 0.450000
1 0.710000 0.525000 0.726250 0.525000 0.726250 0.546667 0.710000 0.546667
0 0.445000 0.528333 0.476250 0.528333 0.476250 0.641667 0.445000 0.641667
0 0.423750 0.373333 0.473750 0.373333 0.473750 0.591667 0.423750 0.591667
1 0.693750 0.431667 0.723750 0.431667 0.723750 0.463333 0.693750 0.463333
1 0.790000 0.636667 0.808750 0.636667 0.808750 0.666667 0.790000 0.666667
0 0.382500 0.240000 0.443750 0.240000 0.443750 0.385000 0.382500 0.385000
0 0.282500 0.248333 0.391250 0.248333 0.391250 0.375000 0.282500 0.375000
0 0.438750 0.271667 0.472500 0.271667 0.472500 0.393333 0.438750 0.393333
1 0.680000 0.368333 0.707500 0.368333 0.707500 0.408333 0.680000 0.408333
1 0.600000 0.288333 0.635000 0.288333 0.635000 0.313333 0.600000 0.313333
1 0.615000 0.323333 0.638750 0.323333 0.638750 0.360000 0.615000 0.360000
1 0.511250 0.468333 0.532500 0.468333 0.532500 0.516667 0.511250 0.516667
1 0.513750 0.365000 0.530000 0.365000 0.530000 0.406667 0.513750 0.406667
1 0.556250 0.266667 0.580000 0.266667 0.580000 0.301667 0.556250 0.301667
1 0.653750 0.726667 0.667500 0.726667 0.667500 0.748333 0.653750 0.748333
1 0.557500 0.400000 0.565000 0.400000 0.565000 0.408333 0.557500 0.408333
0 0.370000 0.385000 0.441250 0.385000 0.441250 0.633333 0.370000 0.633333
1 0.651250 0.561667 0.672500 0.561667 0.672500 0.595000 0.651250 0.595000
0 0.306250 0.375000 0.376250 0.375000 0.376250 0.606667 0.306250 0.606667
1 0.637500 0.331667 0.662500 0.331667 0.662500 0.370000 0.637500 0.370000
0 0.328750 0.371667 0.415000 0.371667 0.415000 0.631667 0.328750 0.631667
1 0.672500 0.448333 0.693750 0.448333 0.693750 0.476667 0.672500 0.476667
1 0.678750 0.593333 0.687500 0.593333 0.687500 0.601667 0.678750 0.601667
1 0.645000 0.535000 0.657500 0.535000 0.657500 0.555000 0.645000 0.555000
