1 0.611250 0.558333 0.711250 0.558333 0.711250 0.831667 0.611250 0.831667
2 0.321250 0.308333 0.648750 0.308333 0.648750 0.815000 0.321250 0.815000
1 0.512500 0.146667 0.725000 0.146667 0.725000 0.491167 0.512500 0.491167
1 0.651250 0.456667 0.767500 0.456667 0.767500 0.643333 0.651250 0.643333
0 0.452500 0.618333 0.543750 0.618333 0.543750 0.695000 0.452500 0.695000
0 0.412500 0.691667 0.593750 0.691667 0.593750 0.735000 0.412500 0.735000
0 0.427500 0.725000 0.562500 0.725000 0.562500 0.790000 0.427500 0.790000
0 0.363750 0.586667 0.470000 0.586667 0.470000 0.700000 0.363750 0.700000
0 0.383750 0.538333 0.563750 0.538333 0.563750 0.621667 0.383750 0.621667
0 0.375000 0.490000 0.590000 0.490000 0.590000 0.563333 0.375000 0.563333
0 0.376250 0.421667 0.578750 0.421667 0.578750 0.533333 0.376250 0.533333
0 0.346250 0.360000 0.552500 0.360000 0.552500 0.518333 0.346250 0.518333
0 0.552500 0.621667 0.621250 0.621667 0.621250 0.701667 0.552500 0.701667
