0 0.545833 0.253125 0.617500 0.253125 0.617500 0.317500 0.545833 0.317500
0 0.394167 0.209375 0.565833 0.209375 0.565833 0.355000 0.394167 0.355000
0 0.620000 0.337500 0.781667 0.337500 0.781667 0.443750 0.620000 0.443750
1 0.598333 0.460625 0.785833 0.460625 0.785833 0.524375 0.598333 0.524375
0 0.552500 0.473125 0.757500 0.473125 0.757500 0.577500 0.552500 0.577500
1 0.651667 0.439375 0.804167 0.439375 0.804167 0.496250 0.651667 0.496250
0 0.519167 0.378750 0.641667 0.378750 0.641667 0.461875 0.519167 0.461875
0 0.420000 0.395000 0.578333 0.395000 0.578333 0.531250 0.420000 0.531250
0 0.772500 0.481250 0.815000 0.481250 0.815000 0.522500 0.772500 0.522500
1 0.579167 0.228750 0.670833 0.228750 0.670833 0.364375 0.579167 0.364375
1 0.516667 0.546875 0.660000 0.546875 0.660000 0.628750 0.516667 0.628750
0 0.465000 0.504375 0.560833 0.504375 0.560833 0.610625 0.465000 0.610625
1 0.157500 0.578125 0.468333 0.578125 0.468333 0.751875 0.157500 0.751875
0 0.441667 0.618750 0.601667 0.618750 0.601667 0.758750 0.441667 0.758750
0 0.590833 0.574375 0.759167 0.574375 0.759167 0.711875 0.590833 0.711875
2 0.118333 0.244375 0.506667 0.244375 0.506667 0.595625 0.118333 0.595625
1 0.528333 0.306875 0.621667 0.306875 0.621667 0.381250 0.528333 0.381250
