2 0.560185 0.153086 0.600926 0.153086 0.600926 0.225926 0.560185 0.225926
2 0.387963 0.564198 0.434259 0.564198 0.434259 0.724691 0.387963 0.724691
2 0.260185 0.449383 0.390741 0.449383 0.390741 0.651852 0.260185 0.651852
2 0.500000 0.441975 0.561111 0.441975 0.561111 0.544444 0.500000 0.544444
2 0.499074 0.783951 0.544444 0.783951 0.544444 0.850617 0.499074 0.850617
2 0.527778 0.676543 0.601852 0.676543 0.601852 0.893827 0.527778 0.893827
2 0.438889 0.786420 0.487963 0.786420 0.487963 0.890123 0.438889 0.890123
2 0.462963 0.751852 0.522222 0.751852 0.522222 0.797531 0.462963 0.797531
2 0.687963 0.439506 0.760185 0.439506 0.760185 0.503704 0.687963 0.503704
2 0.587037 0.302469 0.625926 0.302469 0.625926 0.367901 0.587037 0.367901
2 0.660185 0.388889 0.718519 0.388889 0.718519 0.545679 0.660185 0.545679
2 0.683333 0.513580 0.784259 0.513580 0.784259 0.649383 0.683333 0.649383
2 0.615741 0.348148 0.687963 0.348148 0.687963 0.677778 0.615741 0.677778
2 0.521296 0.541975 0.600000 0.541975 0.600000 0.648148 0.521296 0.648148
2 0.436111 0.544444 0.515741 0.544444 0.515741 0.766667 0.436111 0.766667
2 0.339815 0.719753 0.473148 0.719753 0.473148 0.796296 0.339815 0.796296
2 0.593519 0.602469 0.650926 0.602469 0.650926 0.843210 0.593519 0.843210
2 0.559259 0.516049 0.627778 0.516049 0.627778 0.676543 0.559259 0.676543
2 0.551852 0.660494 0.624074 0.660494 0.624074 0.833333 0.551852 0.833333
2 0.476852 0.596296 0.526852 0.596296 0.526852 0.739506 0.476852 0.739506
2 0.674074 0.511111 0.701852 0.511111 0.701852 0.581481 0.674074 0.581481
2 0.684259 0.646914 0.719444 0.646914 0.719444 0.703704 0.684259 0.703704
2 0.637963 0.623457 0.671296 0.623457 0.671296 0.700000 0.637963 0.700000
2 0.400926 0.786420 0.446296 0.786420 0.446296 0.837037 0.400926 0.837037
2 0.266667 0.282716 0.387963 0.282716 0.387963 0.440741 0.266667 0.440741
2 0.325926 0.637037 0.387963 0.637037 0.387963 0.709877 0.325926 0.709877
2 0.645370 0.260494 0.766667 0.260494 0.766667 0.455556 0.645370 0.455556
2 0.537037 0.249383 0.645370 0.249383 0.645370 0.339506 0.537037 0.339506
2 0.510185 0.259259 0.536111 0.259259 0.536111 0.327160 0.510185 0.327160
2 0.391667 0.254321 0.479630 0.254321 0.479630 0.575309 0.391667 0.575309
2 0.466667 0.202469 0.561111 0.202469 0.561111 0.260494 0.466667 0.260494
2 0.465741 0.148148 0.508333 0.148148 0.508333 0.217284 0.465741 0.217284
2 0.525000 0.186420 0.641667 0.186420 0.641667 0.308642 0.525000 0.308642
2 0.395370 0.211111 0.465741 0.211111 0.465741 0.272840 0.395370 0.272840
2 0.480556 0.253086 0.534259 0.253086 0.534259 0.437037 0.480556 0.437037
2 0.461111 0.339506 0.499074 0.339506 0.499074 0.488889 0.461111 0.488889
2 0.414815 0.285185 0.441667 0.285185 0.441667 0.361728 0.414815 0.361728
2 0.365741 0.255556 0.439815 0.255556 0.439815 0.338272 0.365741 0.338272
2 0.359259 0.334568 0.425926 0.334568 0.425926 0.459259 0.359259 0.459259
2 0.312037 0.393827 0.403704 0.393827 0.403704 0.518519 0.312037 0.518519
2 0.447222 0.486420 0.529630 0.486420 0.529630 0.655556 0.447222 0.655556
2 0.557407 0.377778 0.612963 0.377778 0.612963 0.539506 0.557407 0.539506
2 0.531481 0.338272 0.626852 0.338272 0.626852 0.404938 0.531481 0.404938
2 0.646296 0.307407 0.725000 0.307407 0.725000 0.437037 0.646296 0.437037
