0 0.738675 0.331550 0.787150 0.331550 0.787150 0.391950 0.738675 0.391950
0 0.571125 0.405533 0.841075 0.405533 0.841075 0.618717 0.571125 0.618717
0 0.736762 0.367800 0.812250 0.367800 0.812250 0.469133 0.736762 0.469133
0 0.571650 0.358717 0.624062 0.358717 0.624062 0.419517 0.571650 0.419517
0 0.676600 0.532967 0.814875 0.532967 0.814875 0.735950 0.676600 0.735950
0 0.613525 0.556417 0.690550 0.556417 0.690550 0.623533 0.613525 0.623533
0 0.669275 0.715667 0.748100 0.715667 0.748100 0.805683 0.669275 0.805683
0 0.608650 0.313433 0.638550 0.313433 0.638550 0.367183 0.608650 0.367183
2 0.231250 0.363333 0.582500 0.363333 0.582500 0.786667 0.231250 0.786667
0 0.636288 0.254233 0.799837 0.254233 0.799837 0.330950 0.636288 0.330950
0 0.549787 0.631433 0.694200 0.631433 0.694200 0.878333 0.549787 0.878333
1 0.196250 0.071667 0.412500 0.071667 0.412500 0.406667 0.196250 0.406667
1 0.258750 0.085000 0.470000 0.085000 0.470000 0.388333 0.258750 0.388333
1 0.620000 0.298333 0.740000 0.298333 0.740000 0.455000 0.620000 0.455000
0 0.707412 0.422317 0.803337 0.422317 0.803337 0.519467 0.707412 0.519467
1 0.616250 0.590000 0.738750 0.590000 0.738750 0.756667 0.616250 0.756667
