1 0.349185 0.678351 0.429348 0.678351 0.429348 0.734021 0.349185 0.734021
0 0.205163 0.418557 0.457880 0.418557 0.457880 0.588660 0.205163 0.588660
0 0.279891 0.638144 0.335598 0.638144 0.335598 0.686598 0.279891 0.686598
0 0.327446 0.719588 0.366848 0.719588 0.366848 0.769072 0.327446 0.769072
0 0.442935 0.558763 0.563859 0.558763 0.563859 0.640206 0.442935 0.640206
0 0.384511 0.318557 0.820652 0.318557 0.820652 0.570103 0.384511 0.570103
0 0.110054 0.475258 0.294837 0.475258 0.294837 0.695876 0.110054 0.695876
0 0.421196 0.342268 0.510870 0.342268 0.510870 0.420619 0.421196 0.420619
0 0.358696 0.346392 0.468750 0.346392 0.468750 0.437113 0.358696 0.437113
0 0.319293 0.377320 0.434783 0.377320 0.434783 0.463918 0.319293 0.463918
0 0.273098 0.400000 0.389946 0.400000 0.389946 0.492784 0.273098 0.492784
0 0.163043 0.465979 0.389946 0.465979 0.389946 0.623711 0.163043 0.623711
2 0.547554 0.471134 0.879076 0.471134 0.879076 0.712371 0.547554 0.712371
1 0.379076 0.777320 0.570652 0.777320 0.570652 0.851546 0.379076 0.851546
1 0.457880 0.644330 0.527174 0.644330 0.527174 0.671134 0.457880 0.671134
1 0.523098 0.640206 0.589674 0.640206 0.589674 0.689691 0.523098 0.689691
1 0.585598 0.606186 0.779891 0.606186 0.779891 0.760825 0.585598 0.760825
1 0.342391 0.591753 0.483696 0.591753 0.483696 0.688660 0.342391 0.688660
0 0.639946 0.765979 0.769022 0.765979 0.769022 0.843299 0.639946 0.843299
0 0.540761 0.728866 0.722826 0.728866 0.722826 0.846392 0.540761 0.846392
0 0.383152 0.710309 0.601902 0.710309 0.601902 0.811340 0.383152 0.811340
0 0.437500 0.668041 0.570652 0.668041 0.570652 0.722680 0.437500 0.722680
0 0.286685 0.647423 0.402174 0.647423 0.402174 0.705155 0.286685 0.705155
0 0.201087 0.680412 0.330163 0.680412 0.330163 0.785567 0.201087 0.785567
0 0.248641 0.764948 0.388587 0.764948 0.388587 0.838144 0.248641 0.838144
