1 0.367531 0.501269 0.429538 0.501269 0.429538 0.529611 0.367531 0.529611
1 0.365840 0.295685 0.444758 0.295685 0.444758 0.359983 0.365840 0.359983
1 0.345547 0.442893 0.454904 0.442893 0.454904 0.503384 0.345547 0.503384
1 0.314543 0.134518 0.348929 0.134518 0.348929 0.154822 0.314543 0.154822
1 0.579481 0.413706 0.623450 0.413706 0.623450 0.461083 0.579481 0.461083
1 0.061443 0.607868 0.317926 0.607868 0.317926 0.712352 0.061443 0.712352
1 0.328636 0.373942 0.424464 0.373942 0.424464 0.475042 0.328636 0.475042
1 0.064825 0.686548 0.302706 0.686548 0.302706 0.777073 0.064825 0.777073
0 0.399662 0.293570 0.576663 0.293570 0.576663 0.410321 0.399662 0.410321
1 0.288613 0.352792 0.359076 0.352792 0.359076 0.491540 0.288613 0.491540
1 0.629087 0.436125 0.653890 0.436125 0.653890 0.476311 0.629087 0.476311
1 0.311725 0.195431 0.338219 0.195431 0.338219 0.232234 0.311725 0.232234
1 0.238444 0.199239 0.279594 0.199239 0.279594 0.226311 0.238444 0.226311
1 0.237880 0.183164 0.260992 0.183164 0.260992 0.203046 0.237880 0.203046
1 0.276212 0.168782 0.299324 0.168782 0.299324 0.184856 0.276212 0.184856
1 0.547351 0.397631 0.588501 0.397631 0.588501 0.424281 0.547351 0.424281
1 0.449831 0.461506 0.529876 0.461506 0.529876 0.494501 0.449831 0.494501
1 0.279030 0.185279 0.308343 0.185279 0.308343 0.222504 0.279030 0.222504
1 0.340474 0.507614 0.374295 0.507614 0.374295 0.535533 0.340474 0.535533
1 0.285795 0.499154 0.389515 0.499154 0.389515 0.554992 0.285795 0.554992
1 0.398534 0.476734 0.454904 0.476734 0.454904 0.495770 0.398534 0.495770
1 0.232807 0.150169 0.251409 0.150169 0.251409 0.171320 0.232807 0.171320
1 0.317926 0.163283 0.350620 0.163283 0.350620 0.186971 0.317926 0.186971
1 0.243517 0.141709 0.276776 0.141709 0.276776 0.175973 0.243517 0.175973
1 0.624577 0.343486 0.729425 0.343486 0.729425 0.401438 0.624577 0.401438
1 0.078918 0.528342 0.328636 0.528342 0.328636 0.614636 0.078918 0.614636
0 0.404171 0.411168 0.562570 0.411168 0.562570 0.477580 0.404171 0.477580
0 0.294814 0.497462 0.811725 0.497462 0.811725 0.861675 0.294814 0.861675
1 0.330891 0.340102 0.361894 0.340102 0.361894 0.359983 0.330891 0.359983
1 0.341037 0.358291 0.391770 0.358291 0.391770 0.412860 0.341037 0.412860
1 0.282413 0.130711 0.328072 0.130711 0.328072 0.167513 0.282413 0.167513
1 0.575536 0.359560 0.664600 0.359560 0.664600 0.442047 0.575536 0.442047
