1 0.677444 0.324030 0.715038 0.324030 0.715038 0.362151 0.677444 0.362151
1 0.660150 0.315861 0.685714 0.315861 0.685714 0.336964 0.660150 0.336964
0 0.533083 0.204901 0.740602 0.204901 0.740602 0.529612 0.533083 0.529612
1 0.671429 0.375766 0.699248 0.375766 0.699248 0.398230 0.671429 0.398230
0 0.618797 0.027229 0.905263 0.027229 0.905263 0.314500 0.618797 0.314500
2 0.248120 0.352621 0.530827 0.352621 0.530827 0.631722 0.248120 0.631722
1 0.539850 0.176991 0.571429 0.176991 0.571429 0.206943 0.539850 0.206943
0 0.114286 0.424779 0.257895 0.424779 0.257895 0.562968 0.114286 0.562968
1 0.903008 0.202859 0.937594 0.202859 0.937594 0.237577 0.903008 0.237577
1 0.911278 0.236896 0.952632 0.236896 0.952632 0.262083 0.911278 0.262083
1 0.859398 0.279101 0.885714 0.279101 0.885714 0.298843 0.859398 0.298843
1 0.875188 0.358747 0.915038 0.358747 0.915038 0.409803 0.875188 0.409803
1 0.821805 0.434990 0.879699 0.434990 0.879699 0.471749 0.821805 0.471749
1 0.874436 0.326753 0.912030 0.326753 0.912030 0.357386 0.874436 0.357386
1 0.621805 0.294078 0.652632 0.294078 0.652632 0.347856 0.621805 0.347856
1 0.518797 0.332880 0.594737 0.332880 0.594737 0.394826 0.518797 0.394826
1 0.525564 0.390061 0.609774 0.390061 0.609774 0.486045 0.525564 0.486045
1 0.878947 0.281824 0.952632 0.281824 0.952632 0.444520 0.878947 0.444520
1 0.886466 0.310415 0.923308 0.310415 0.923308 0.344452 0.886466 0.344452
1 0.904511 0.288632 0.930827 0.288632 0.930827 0.311777 0.904511 0.311777
1 0.930827 0.264125 0.951880 0.264125 0.951880 0.283867 0.930827 0.283867
1 0.859398 0.258679 0.879699 0.258679 0.879699 0.275698 0.859398 0.275698
1 0.726316 0.402995 0.768421 0.402995 0.768421 0.421375 0.726316 0.421375
1 0.742857 0.345813 0.779699 0.345813 0.779699 0.378489 0.742857 0.378489
1 0.704511 0.304969 0.745113 0.304969 0.745113 0.334922 0.704511 0.334922
1 0.847368 0.331518 0.872932 0.331518 0.872932 0.351259 0.847368 0.351259
1 0.694737 0.370320 0.718797 0.370320 0.718797 0.390742 0.694737 0.390742
1 0.779699 0.349217 0.815789 0.349217 0.815789 0.379170 0.779699 0.379170
1 0.623308 0.352621 0.660902 0.352621 0.660902 0.389381 0.623308 0.389381
1 0.656391 0.380531 0.681955 0.380531 0.681955 0.404357 0.656391 0.404357
1 0.717293 0.341048 0.742105 0.341048 0.742105 0.402314 0.717293 0.402314
