0 0.545894 0.183732 0.835749 0.183732 0.835749 0.319617 0.545894 0.319617
0 0.030193 0.281340 0.577295 0.281340 0.577295 0.716746 0.030193 0.716746
1 0.236715 0.427751 0.352657 0.427751 0.352657 0.511962 0.236715 0.511962
0 0.589372 0.324402 0.937198 0.324402 0.937198 0.454545 0.589372 0.454545
0 0.594203 0.268900 0.915459 0.268900 0.915459 0.382775 0.594203 0.382775
0 0.565217 0.536842 0.995169 0.536842 0.995169 0.726316 0.565217 0.726316
0 0.592995 0.430622 0.996377 0.430622 0.996377 0.533971 0.592995 0.533971
1 0.167874 0.083254 0.385266 0.083254 0.385266 0.288995 0.167874 0.288995
1 0.247585 0.015311 0.450483 0.015311 0.450483 0.295694 0.247585 0.295694
0 0.555556 0.640191 0.891304 0.640191 0.891304 0.780861 0.555556 0.780861
