1 0.409420 0.250000 0.446860 0.250000 0.446860 0.293165 0.409420 0.293165
1 0.320048 0.683453 0.572464 0.683453 0.572464 0.920863 0.320048 0.920863
0 0.429952 0.148381 0.611111 0.148381 0.611111 0.231115 0.429952 0.231115
2 0.147343 0.292266 0.685990 0.292266 0.685990 0.701439 0.147343 0.701439
0 0.743961 0.413669 0.851449 0.413669 0.851449 0.481115 0.743961 0.481115
0 0.252415 0.229317 0.334541 0.229317 0.334541 0.272482 0.252415 0.272482
0 0.344203 0.121403 0.413043 0.121403 0.413043 0.187950 0.344203 0.187950
0 0.730676 0.186151 0.774155 0.186151 0.774155 0.260791 0.730676 0.260791
0 0.647343 0.306655 0.693237 0.306655 0.693237 0.332734 0.647343 0.332734
0 0.564010 0.290468 0.625604 0.290468 0.625604 0.330935 0.564010 0.330935
1 0.733092 0.457734 0.758454 0.457734 0.758454 0.494604 0.733092 0.494604
0 0.592995 0.157374 0.716184 0.157374 0.716184 0.286871 0.592995 0.286871
0 0.771739 0.194245 0.863527 0.194245 0.863527 0.295863 0.771739 0.295863
1 0.701691 0.282374 0.740338 0.282374 0.740338 0.314748 0.701691 0.314748
1 0.712560 0.190647 0.758454 0.190647 0.758454 0.222122 0.712560 0.222122
1 0.826087 0.304856 0.874396 0.304856 0.874396 0.350719 0.826087 0.350719
1 0.544686 0.231115 0.641304 0.231115 0.641304 0.303058 0.544686 0.303058
1 0.140097 0.683453 0.446860 0.683453 0.446860 0.845324 0.140097 0.845324
1 0.369565 0.258094 0.411836 0.258094 0.411836 0.288669 0.369565 0.288669
1 0.594203 0.335432 0.670290 0.335432 0.670290 0.403777 0.594203 0.403777
1 0.736715 0.268885 0.772947 0.268885 0.772947 0.296763 0.736715 0.296763
1 0.730676 0.281475 0.776570 0.281475 0.776570 0.311151 0.730676 0.311151
1 0.439614 0.219424 0.531401 0.219424 0.531401 0.303957 0.439614 0.303957
1 0.314010 0.102518 0.428744 0.102518 0.428744 0.172662 0.314010 0.172662
0 0.669082 0.308453 0.804348 0.308453 0.804348 0.444245 0.669082 0.444245
1 0.341787 0.114209 0.495169 0.114209 0.495169 0.248201 0.341787 0.248201
0 0.788647 0.300360 0.978261 0.300360 0.978261 0.417266 0.788647 0.417266
