1 0.645833 0.535156 0.690972 0.535156 0.690972 0.574219 0.645833 0.574219
1 0.468750 0.404948 0.673611 0.404948 0.673611 0.554688 0.468750 0.554688
1 0.345486 0.308594 0.534722 0.308594 0.534722 0.477865 0.345486 0.477865
1 0.309028 0.380208 0.399306 0.380208 0.399306 0.453125 0.309028 0.453125
1 0.282986 0.285156 0.387153 0.285156 0.387153 0.371094 0.282986 0.371094
1 0.223958 0.216146 0.350694 0.216146 0.350694 0.303385 0.223958 0.303385
1 0.328125 0.131510 0.470486 0.131510 0.470486 0.252604 0.328125 0.252604
1 0.430556 0.125000 0.588542 0.125000 0.588542 0.209635 0.430556 0.209635
1 0.491319 0.194010 0.623264 0.194010 0.623264 0.268229 0.491319 0.268229
0 0.689236 0.229167 0.869792 0.229167 0.869792 0.415365 0.689236 0.415365
0 0.607639 0.119792 0.852431 0.119792 0.852431 0.259115 0.607639 0.259115
0 0.256944 0.376302 0.446181 0.376302 0.446181 0.555990 0.256944 0.555990
0 0.000000 0.501302 0.213542 0.501302 0.213542 0.669271 0.000000 0.669271
0 0.578125 0.615885 0.826389 0.615885 0.826389 0.864583 0.578125 0.864583
0 0.185764 0.640625 0.317708 0.640625 0.317708 0.774740 0.185764 0.774740
0 0.430556 0.479167 0.595486 0.479167 0.595486 0.635417 0.430556 0.635417
0 0.564236 0.246094 0.690972 0.246094 0.690972 0.351562 0.564236 0.351562
0 0.137153 0.279948 0.312500 0.279948 0.312500 0.428385 0.137153 0.428385
0 0.157986 0.436198 0.274306 0.436198 0.274306 0.554688 0.157986 0.554688
0 0.366319 0.226562 0.524306 0.226562 0.524306 0.332031 0.366319 0.332031
0 0.265625 0.786458 0.505208 0.786458 0.505208 0.994792 0.265625 0.994792
0 0.586806 0.498698 0.781250 0.498698 0.781250 0.694010 0.586806 0.694010
0 0.763889 0.678385 0.920139 0.678385 0.920139 0.825521 0.763889 0.825521
0 0.786458 0.524740 0.994792 0.524740 0.994792 0.680990 0.786458 0.680990
0 0.770833 0.373698 0.979167 0.373698 0.979167 0.536458 0.770833 0.536458
0 0.618056 0.394531 0.763889 0.394531 0.763889 0.523438 0.618056 0.523438
0 0.776042 0.312500 0.930556 0.312500 0.930556 0.415365 0.776042 0.415365
0 0.600694 0.359375 0.711806 0.359375 0.711806 0.410156 0.600694 0.410156
0 0.524306 0.300781 0.626736 0.300781 0.626736 0.404948 0.524306 0.404948
1 0.428819 0.808594 0.607639 0.808594 0.607639 0.981771 0.428819 0.981771
1 0.236111 0.645833 0.500000 0.645833 0.500000 0.819010 0.236111 0.819010
1 0.453125 0.617188 0.605903 0.617188 0.605903 0.759115 0.453125 0.759115
1 0.348958 0.524740 0.439236 0.524740 0.439236 0.661458 0.348958 0.661458
1 0.208333 0.546875 0.354167 0.546875 0.354167 0.640625 0.208333 0.640625
1 0.062500 0.343750 0.265625 0.343750 0.265625 0.493490 0.062500 0.493490
1 0.689236 0.500000 0.809028 0.500000 0.809028 0.576823 0.689236 0.576823
