0 0.443750 0.258333 0.481250 0.258333 0.481250 0.301667 0.443750 0.301667
0 0.610000 0.513333 0.728750 0.513333 0.728750 0.573333 0.610000 0.573333
0 0.623750 0.340000 0.735000 0.340000 0.735000 0.458333 0.623750 0.458333
0 0.610000 0.238333 0.696250 0.238333 0.696250 0.328333 0.610000 0.328333
0 0.502500 0.161667 0.563750 0.161667 0.563750 0.236667 0.502500 0.236667
1 0.617500 0.461667 0.668750 0.461667 0.668750 0.511667 0.617500 0.511667
1 0.535000 0.431667 0.572500 0.431667 0.572500 0.471667 0.535000 0.471667
1 0.676250 0.231667 0.721250 0.231667 0.721250 0.340000 0.676250 0.340000
1 0.266250 0.478333 0.547500 0.478333 0.547500 0.805000 0.266250 0.805000
1 0.498750 0.541667 0.716250 0.541667 0.716250 0.776667 0.498750 0.776667
0 0.461250 0.216667 0.510000 0.216667 0.510000 0.296667 0.461250 0.296667
0 0.667500 0.460000 0.705000 0.460000 0.705000 0.520000 0.667500 0.520000
2 0.281250 0.186667 0.566250 0.186667 0.566250 0.655000 0.281250 0.655000
0 0.422500 0.188333 0.470000 0.188333 0.470000 0.243333 0.422500 0.243333
0 0.526250 0.260000 0.618750 0.260000 0.618750 0.483333 0.526250 0.483333
