1 0.385000 0.165000 0.550000 0.165000 0.550000 0.236667 0.385000 0.236667
1 0.241250 0.265000 0.521250 0.265000 0.521250 0.355000 0.241250 0.355000
2 0.590000 0.608333 0.668750 0.608333 0.668750 0.720000 0.590000 0.720000
1 0.397500 0.311667 0.530000 0.311667 0.530000 0.355000 0.397500 0.355000
2 0.341250 0.710000 0.403750 0.710000 0.403750 0.800000 0.341250 0.800000
2 0.313750 0.368333 0.346250 0.368333 0.346250 0.488333 0.313750 0.488333
0 0.561250 0.360000 0.717500 0.360000 0.717500 0.653333 0.561250 0.653333
0 0.496250 0.336667 0.576250 0.336667 0.576250 0.463333 0.496250 0.463333
1 0.320000 0.245000 0.427500 0.245000 0.427500 0.301667 0.320000 0.301667
0 0.443750 0.350000 0.606250 0.350000 0.606250 0.630000 0.443750 0.630000
0 0.363750 0.691667 0.511250 0.691667 0.511250 0.838333 0.363750 0.838333
0 0.420500 0.600667 0.553750 0.600667 0.553750 0.791667 0.420500 0.791667
0 0.243750 0.461667 0.342500 0.461667 0.342500 0.610000 0.243750 0.610000
0 0.276250 0.568333 0.373750 0.568333 0.373750 0.716667 0.276250 0.716667
0 0.317500 0.366667 0.445000 0.366667 0.445000 0.670000 0.317500 0.670000
1 0.266250 0.351667 0.373750 0.351667 0.373750 0.376667 0.266250 0.376667
0 0.375000 0.353333 0.595000 0.353333 0.595000 0.796667 0.375000 0.796667
1 0.337500 0.196667 0.653750 0.196667 0.653750 0.316667 0.337500 0.316667
