0 0.323750 0.245000 0.806250 0.245000 0.806250 0.741667 0.323750 0.741667
1 0.832500 0.356667 0.851250 0.356667 0.851250 0.385000 0.832500 0.385000
1 0.481250 0.111667 0.498750 0.111667 0.498750 0.146667 0.481250 0.146667
1 0.558750 0.120000 0.585000 0.120000 0.585000 0.140000 0.558750 0.140000
1 0.700000 0.223333 0.747500 0.223333 0.747500 0.266667 0.700000 0.266667
1 0.658750 0.176667 0.712500 0.176667 0.712500 0.245000 0.658750 0.245000
1 0.856250 0.386667 0.870000 0.386667 0.870000 0.408333 0.856250 0.408333
1 0.671250 0.243333 0.715000 0.243333 0.715000 0.296667 0.671250 0.296667
1 0.716250 0.136667 0.746250 0.136667 0.746250 0.200000 0.716250 0.200000
1 0.742500 0.185000 0.788750 0.185000 0.788750 0.243333 0.742500 0.243333
1 0.500000 0.141667 0.521250 0.141667 0.521250 0.175000 0.500000 0.175000
0 0.413750 0.196667 0.650000 0.196667 0.650000 0.306667 0.413750 0.306667
1 0.498750 0.633333 0.513750 0.633333 0.513750 0.671667 0.498750 0.671667
1 0.453750 0.240000 0.467500 0.240000 0.467500 0.260000 0.453750 0.260000
0 0.405000 0.640000 0.613750 0.640000 0.613750 0.751667 0.405000 0.751667
1 0.733750 0.280000 0.776250 0.280000 0.776250 0.353333 0.733750 0.353333
1 0.333750 0.260000 0.346250 0.260000 0.346250 0.285000 0.333750 0.285000
1 0.610000 0.203333 0.623750 0.203333 0.623750 0.221667 0.610000 0.221667
1 0.455000 0.206667 0.470000 0.206667 0.470000 0.233333 0.455000 0.233333
1 0.485000 0.196667 0.503750 0.196667 0.503750 0.223333 0.485000 0.223333
1 0.635000 0.611667 0.666250 0.611667 0.666250 0.701667 0.635000 0.701667
1 0.831250 0.608333 0.855000 0.608333 0.855000 0.651667 0.831250 0.651667
1 0.457500 0.415000 0.498750 0.415000 0.498750 0.481667 0.457500 0.481667
