1 0.495833 0.691667 0.739167 0.691667 0.739167 0.874167 0.495833 0.874167
1 0.640833 0.388333 0.858333 0.388333 0.858333 0.573333 0.640833 0.573333
1 0.186667 0.250000 0.254167 0.250000 0.254167 0.494167 0.186667 0.494167
1 0.630833 0.523333 0.880000 0.523333 0.880000 0.653333 0.630833 0.653333
1 0.623333 0.311667 0.828333 0.311667 0.828333 0.484167 0.623333 0.484167
1 0.550833 0.201667 0.777500 0.201667 0.777500 0.441667 0.550833 0.441667
1 0.224167 0.221667 0.342500 0.221667 0.342500 0.480833 0.224167 0.480833
1 0.311667 0.182500 0.394167 0.182500 0.394167 0.439167 0.311667 0.439167
0 0.142500 0.376667 0.640000 0.376667 0.640000 0.844167 0.142500 0.844167
1 0.637500 0.230000 0.665000 0.230000 0.665000 0.272500 0.637500 0.272500
1 0.566667 0.177500 0.645000 0.177500 0.645000 0.357500 0.566667 0.357500
1 0.509167 0.150833 0.585833 0.150833 0.585833 0.405000 0.509167 0.405000
1 0.475000 0.151667 0.548333 0.151667 0.548333 0.394167 0.475000 0.394167
1 0.374167 0.157500 0.496667 0.157500 0.496667 0.406667 0.374167 0.406667
1 0.140833 0.308333 0.196667 0.308333 0.196667 0.541667 0.140833 0.541667
1 0.560000 0.641667 0.826667 0.641667 0.826667 0.760833 0.560000 0.760833
