0 0.381250 0.398333 0.493750 0.398333 0.493750 0.648333 0.381250 0.648333
1 0.392500 0.666667 0.420000 0.666667 0.420000 0.713333 0.392500 0.713333
0 0.485000 0.350000 0.651250 0.350000 0.651250 0.578333 0.485000 0.578333
1 0.443750 0.266667 0.455000 0.266667 0.455000 0.295000 0.443750 0.295000
0 0.358750 0.303333 0.447500 0.303333 0.447500 0.411667 0.358750 0.411667
0 0.297500 0.445000 0.381250 0.445000 0.381250 0.563333 0.297500 0.563333
1 0.313750 0.395000 0.337500 0.395000 0.337500 0.425000 0.313750 0.425000
1 0.258750 0.503333 0.296250 0.503333 0.296250 0.538333 0.258750 0.538333
1 0.426250 0.248333 0.440000 0.248333 0.440000 0.275000 0.426250 0.275000
1 0.483750 0.651667 0.555000 0.651667 0.555000 0.778333 0.483750 0.778333
1 0.546250 0.610000 0.661250 0.610000 0.661250 0.726667 0.546250 0.726667
0 0.518750 0.280000 0.671250 0.280000 0.671250 0.468333 0.518750 0.468333
2 0.521250 0.558333 0.623750 0.558333 0.623750 0.643333 0.521250 0.643333
1 0.656250 0.528333 0.696250 0.528333 0.696250 0.611667 0.656250 0.611667
