0 0.751563 0.365912 0.912500 0.365912 0.912500 0.505364 0.751563 0.505364
1 0.356250 0.220501 0.450000 0.220501 0.450000 0.247914 0.356250 0.247914
1 0.239063 0.309893 0.464062 0.309893 0.464062 0.431466 0.239063 0.431466
1 0.532813 0.381406 0.782813 0.381406 0.782813 0.470799 0.532813 0.470799
0 0.531250 0.286055 0.718750 0.286055 0.718750 0.396901 0.531250 0.396901
1 0.387500 0.243147 0.548438 0.243147 0.548438 0.300358 0.387500 0.300358
1 0.246875 0.676996 0.535937 0.676996 0.535937 0.766389 0.246875 0.766389
1 0.509375 0.635280 0.779687 0.635280 0.779687 0.786651 0.509375 0.786651
0 0.671875 0.265793 0.829688 0.265793 0.829688 0.368296 0.671875 0.368296
1 0.701562 0.555423 0.906250 0.555423 0.906250 0.653159 0.701562 0.653159
1 0.757812 0.649583 0.839063 0.649583 0.839063 0.688915 0.757812 0.688915
1 0.206250 0.717521 0.317188 0.717521 0.317188 0.772348 0.206250 0.772348
1 0.526563 0.581645 0.704688 0.581645 0.704688 0.649583 0.526563 0.649583
0 0.832812 0.518474 0.929688 0.518474 0.929688 0.662694 0.832812 0.662694
0 0.514062 0.365912 0.579688 0.365912 0.579688 0.455304 0.514062 0.455304
0 0.442188 0.474374 0.609375 0.474374 0.609375 0.673421 0.442188 0.673421
1 0.423438 0.290822 0.531250 0.290822 0.531250 0.479142 0.423438 0.479142
0 0.657813 0.650775 0.810937 0.650775 0.810937 0.756853 0.657813 0.756853
0 0.695312 0.427890 0.885938 0.427890 0.885938 0.573302 0.695312 0.573302
0 0.595313 0.417163 0.696875 0.417163 0.696875 0.547080 0.595313 0.547080
0 0.156250 0.380215 0.281250 0.380215 0.281250 0.415971 0.156250 0.415971
2 0.109375 0.412396 0.490625 0.412396 0.490625 0.707986 0.109375 0.707986
0 0.490625 0.705602 0.685937 0.705602 0.685937 0.811681 0.490625 0.811681
0 0.329688 0.766389 0.525000 0.766389 0.525000 0.834327 0.329688 0.834327
0 0.353125 0.631704 0.440625 0.631704 0.440625 0.686532 0.353125 0.686532
0 0.548438 0.232420 0.671875 0.232420 0.671875 0.289631 0.548438 0.289631
