2 0.600242 0.315738 0.699275 0.315738 0.699275 0.478983 0.600242 0.478983
2 0.121981 0.326491 0.210145 0.326491 0.210145 0.432063 0.121981 0.432063
2 0.165459 0.618768 0.305556 0.618768 0.305556 0.737048 0.165459 0.737048
1 0.564010 0.564027 0.721014 0.564027 0.721014 0.758553 0.564010 0.758553
1 0.591787 0.434995 0.846618 0.434995 0.846618 0.661779 0.591787 0.661779
0 0.297101 0.549365 0.626812 0.549365 0.626812 0.827957 0.297101 0.827957
1 0.566425 0.544477 0.820048 0.544477 0.820048 0.712610 0.566425 0.712610
0 0.171498 0.180841 0.433575 0.180841 0.433575 0.386119 0.171498 0.386119
0 0.677536 0.310850 0.898551 0.310850 0.898551 0.539589 0.677536 0.539589
2 0.559179 0.605083 0.672705 0.605083 0.672705 0.776149 0.559179 0.776149
0 0.084541 0.369501 0.355072 0.369501 0.355072 0.628543 0.084541 0.628543
1 0.426329 0.211144 0.648551 0.211144 0.648551 0.350929 0.426329 0.350929
1 0.332126 0.307918 0.641304 0.307918 0.641304 0.608016 0.332126 0.608016
1 0.000000 0.455523 0.330918 0.455523 0.330918 0.871945 0.000000 0.871945
