1 0.585813 0.324074 0.729911 0.324074 0.729911 0.497795 0.585813 0.497795
1 0.524058 0.154321 0.576885 0.154321 0.576885 0.309083 0.524058 0.309083
1 0.575149 0.186508 0.642857 0.186508 0.642857 0.376102 0.575149 0.376102
1 0.635913 0.082451 0.735367 0.082451 0.735367 0.220018 0.635913 0.220018
2 0.253472 0.692681 0.300843 0.692681 0.300843 0.873898 0.253472 0.873898
1 0.495536 0.325838 0.555556 0.325838 0.555556 0.424603 0.495536 0.424603
1 0.519841 0.254850 0.563492 0.254850 0.563492 0.358907 0.519841 0.358907
1 0.594742 0.087302 0.679812 0.087302 0.679812 0.213404 0.594742 0.213404
1 0.624504 0.214286 0.748760 0.214286 0.748760 0.412698 0.624504 0.412698
2 0.421379 0.453704 0.749008 0.453704 0.749008 0.600529 0.421379 0.600529
2 0.226935 0.660053 0.280010 0.660053 0.280010 0.820547 0.226935 0.820547
1 0.660714 0.181658 0.712054 0.181658 0.712054 0.260582 0.660714 0.260582
1 0.703373 0.082451 0.796875 0.082451 0.796875 0.406966 0.703373 0.406966
1 0.518105 0.100970 0.612103 0.100970 0.612103 0.269400 0.518105 0.269400
2 0.417411 0.726631 0.789683 0.726631 0.789683 0.939153 0.417411 0.939153
0 0.322421 0.176367 0.407738 0.176367 0.407738 0.309524 0.322421 0.309524
0 0.250992 0.330688 0.320933 0.330688 0.320933 0.488536 0.250992 0.488536
0 0.670883 0.504409 0.799355 0.504409 0.799355 0.836420 0.670883 0.836420
0 0.414187 0.529101 0.601438 0.529101 0.601438 0.859788 0.414187 0.859788
1 0.500496 0.165785 0.535218 0.165785 0.535218 0.271164 0.500496 0.271164
0 0.551587 0.526896 0.691220 0.526896 0.691220 0.864638 0.551587 0.864638
1 0.552331 0.316138 0.580357 0.316138 0.580357 0.409612 0.552331 0.409612
2 0.290427 0.666226 0.336062 0.666226 0.336062 0.856261 0.290427 0.856261
