1 0.533125 0.288333 0.486250 0.300000
1 0.748125 0.535000 0.023750 0.033333
0 0.542500 0.443333 0.025000 0.033333
0 0.584375 0.454167 0.058750 0.121667
0 0.585000 0.560833 0.050000 0.041667
0 0.535000 0.520000 0.027500 0.046667
0 0.641875 0.465000 0.083750 0.110000
0 0.669375 0.593333 0.036250 0.073333
0 0.685625 0.527500 0.048750 0.071667
0 0.699375 0.496667 0.033750 0.033333
0 0.700625 0.563333 0.028750 0.033333
0 0.598750 0.510833 0.025000 0.025000
0 0.638750 0.544167 0.032500 0.081667
2 0.470625 0.528333 0.176250 0.230000
1 0.370000 0.512500 0.085000 0.235000
1 0.370625 0.674167 0.021250 0.028333
1 0.526875 0.686667 0.276250 0.233333
