1 0.444118 0.629412 0.503922 0.629412 0.503922 0.669608 0.444118 0.669608
1 0.514706 0.537255 0.622549 0.537255 0.622549 0.714706 0.514706 0.714706
1 0.718627 0.453922 0.920588 0.453922 0.920588 0.787255 0.718627 0.787255
1 0.236275 0.250980 0.533333 0.250980 0.533333 0.517647 0.236275 0.517647
1 0.228431 0.193137 0.300000 0.193137 0.300000 0.281373 0.228431 0.281373
1 0.371569 0.126471 0.512745 0.126471 0.512745 0.270588 0.371569 0.270588
1 0.356863 0.500000 0.436275 0.500000 0.436275 0.613725 0.356863 0.613725
2 0.124510 0.254902 0.353922 0.254902 0.353922 0.500000 0.124510 0.500000
2 0.157843 0.532353 0.357843 0.532353 0.357843 0.734314 0.157843 0.734314
2 0.090196 0.567647 0.311765 0.567647 0.311765 0.855882 0.090196 0.855882
2 0.205882 0.684314 0.527451 0.684314 0.527451 0.978431 0.205882 0.978431
2 0.179412 0.493137 0.413725 0.493137 0.413725 0.680392 0.179412 0.680392
2 0.451961 0.429412 0.678431 0.429412 0.678431 0.532353 0.451961 0.532353
2 0.662745 0.348039 0.739216 0.348039 0.739216 0.450980 0.662745 0.450980
2 0.451961 0.102941 0.568627 0.102941 0.568627 0.190196 0.451961 0.190196
0 0.050000 0.408824 0.186275 0.408824 0.186275 0.638235 0.050000 0.638235
0 0.302941 0.512745 0.726471 0.512745 0.726471 0.861765 0.302941 0.861765
0 0.455882 0.157843 0.772549 0.157843 0.772549 0.367647 0.455882 0.367647
0 0.243137 0.112745 0.429412 0.112745 0.429412 0.257843 0.243137 0.257843
0 0.442157 0.352941 0.614706 0.352941 0.614706 0.446078 0.442157 0.446078
0 0.381373 0.088235 0.465686 0.088235 0.465686 0.135294 0.381373 0.135294
2 0.653922 0.328431 0.844118 0.328431 0.844118 0.593137 0.653922 0.593137
2 0.610784 0.376471 0.661765 0.376471 0.661765 0.435294 0.610784 0.435294
2 0.528431 0.715686 0.779412 0.715686 0.779412 0.895098 0.528431 0.895098
2 0.345098 0.219608 0.445098 0.219608 0.445098 0.284314 0.345098 0.284314
1 0.587255 0.712745 0.644118 0.712745 0.644118 0.763725 0.587255 0.763725
1 0.519608 0.144118 0.595098 0.144118 0.595098 0.220588 0.519608 0.220588
1 0.622549 0.134314 0.666667 0.134314 0.666667 0.199020 0.622549 0.199020
1 0.719608 0.200980 0.748039 0.200980 0.748039 0.256863 0.719608 0.256863
