2 0.062802 0.343750 0.855072 0.343750 0.855072 0.603261 0.062802 0.603261
1 0.086957 0.619565 0.196860 0.619565 0.196860 0.753397 0.086957 0.753397
1 0.327295 0.536005 0.420290 0.536005 0.420290 0.621603 0.327295 0.621603
0 0.211353 0.306386 0.327295 0.306386 0.327295 0.372283 0.211353 0.372283
1 0.136473 0.459918 0.169082 0.459918 0.169082 0.480299 0.136473 0.480299
1 0.167874 0.625679 0.484300 0.625679 0.484300 0.730978 0.167874 0.730978
1 0.216184 0.546875 0.362319 0.546875 0.362319 0.632473 0.216184 0.632473
1 0.057971 0.527174 0.101449 0.527174 0.101449 0.612092 0.057971 0.612092
1 0.262077 0.718750 0.516908 0.718750 0.516908 0.832201 0.262077 0.832201
1 0.504831 0.754755 0.766908 0.754755 0.766908 0.815897 0.504831 0.815897
1 0.600242 0.613451 0.690821 0.613451 0.690821 0.688859 0.600242 0.688859
1 0.062802 0.504755 0.297101 0.504755 0.297101 0.626359 0.062802 0.626359
1 0.193237 0.493207 0.270531 0.493207 0.270531 0.523098 0.193237 0.523098
0 0.262077 0.394022 0.359903 0.394022 0.359903 0.457201 0.262077 0.457201
1 0.112319 0.521739 0.181159 0.521739 0.181159 0.561141 0.112319 0.561141
1 0.117150 0.618207 0.167874 0.618207 0.167874 0.655571 0.117150 0.655571
1 0.316425 0.540761 0.351449 0.540761 0.351449 0.550951 0.316425 0.550951
2 0.118357 0.485734 0.167874 0.485734 0.167874 0.510190 0.118357 0.510190
0 0.595411 0.688859 0.678744 0.688859 0.678744 0.719429 0.595411 0.719429
0 0.289855 0.654212 0.376812 0.654212 0.376812 0.704484 0.289855 0.704484
0 0.365942 0.648098 0.445652 0.648098 0.445652 0.705842 0.365942 0.705842
0 0.311594 0.647418 0.464976 0.647418 0.464976 0.735054 0.311594 0.735054
0 0.444444 0.640625 0.787440 0.640625 0.787440 0.765625 0.444444 0.765625
0 0.115942 0.376359 0.272947 0.376359 0.272947 0.441576 0.115942 0.441576
0 0.154589 0.430707 0.320048 0.430707 0.320048 0.504755 0.154589 0.504755
1 0.003623 0.691576 0.131643 0.691576 0.131643 0.717391 0.003623 0.717391
0 0.421498 0.536685 0.625604 0.536685 0.625604 0.658967 0.421498 0.658967
0 0.126812 0.663723 0.283816 0.663723 0.283816 0.771739 0.126812 0.771739
0 0.264493 0.705163 0.306763 0.705163 0.306763 0.745245 0.264493 0.745245
0 0.000000 0.499321 0.065217 0.499321 0.065217 0.566576 0.000000 0.566576
