0 0.165459 0.412288 0.236715 0.412288 0.236715 0.518189 0.165459 0.518189
0 0.199275 0.520614 0.501208 0.520614 0.501208 0.669361 0.199275 0.669361
0 0.557971 0.595796 0.717391 0.595796 0.717391 0.776071 0.557971 0.776071
0 0.701691 0.582053 0.882850 0.582053 0.882850 0.731609 0.701691 0.731609
0 0.807971 0.478577 1.000000 0.478577 1.000000 0.643492 0.807971 0.643492
0 0.108696 0.305578 0.346618 0.305578 0.346618 0.360550 0.108696 0.360550
0 0.153382 0.096200 0.342995 0.096200 0.342995 0.219887 0.153382 0.219887
0 0.543478 0.233630 0.705314 0.233630 0.705314 0.319321 0.543478 0.319321
0 0.481884 0.172191 0.584541 0.172191 0.584541 0.266774 0.481884 0.266774
0 0.264493 0.126112 0.516908 0.126112 0.516908 0.304770 0.264493 0.304770
0 0.158213 0.215845 0.288647 0.215845 0.288647 0.303153 0.158213 0.303153
