1 0.734314 0.388235 0.837255 0.388235 0.837255 0.462745 0.734314 0.462745
1 0.180392 0.414706 0.320588 0.414706 0.320588 0.498039 0.180392 0.498039
1 0.500000 0.596078 0.651961 0.596078 0.651961 0.658824 0.500000 0.658824
1 0.358824 0.688235 0.396078 0.688235 0.396078 0.719608 0.358824 0.719608
1 0.474510 0.848039 0.569608 0.848039 0.569608 0.904902 0.474510 0.904902
1 0.709804 0.772549 0.767647 0.772549 0.767647 0.814706 0.709804 0.814706
1 0.870588 0.299020 1.000000 0.299020 1.000000 0.347059 0.870588 0.347059
2 0.070588 0.110784 0.995098 0.110784 0.995098 0.969608 0.070588 0.969608
0 0.545098 0.347059 0.728431 0.347059 0.728431 0.482353 0.545098 0.482353
0 0.272549 0.311765 0.383333 0.311765 0.383333 0.473529 0.272549 0.473529
0 0.530392 0.130392 0.600000 0.130392 0.600000 0.206863 0.530392 0.206863
0 0.295098 0.225490 0.398039 0.225490 0.398039 0.307843 0.295098 0.307843
0 0.222549 0.505882 0.379412 0.505882 0.379412 0.677451 0.222549 0.677451
0 0.409804 0.301961 0.502941 0.301961 0.502941 0.380392 0.409804 0.380392
0 0.186275 0.298039 0.291176 0.298039 0.291176 0.426471 0.186275 0.426471
1 0.330392 0.234314 0.678431 0.234314 0.678431 0.550980 0.330392 0.550980
1 0.055882 0.452941 0.117647 0.452941 0.117647 0.640196 0.055882 0.640196
1 0.397059 0.530392 0.478431 0.530392 0.478431 0.592157 0.397059 0.592157
1 0.489216 0.824510 0.703922 0.824510 0.703922 1.000000 0.489216 1.000000
