1 0.682500 0.526667 0.025000 0.040000
1 0.659375 0.517500 0.026250 0.035000
1 0.633750 0.508333 0.022500 0.046667
1 0.575625 0.512500 0.031250 0.041667
1 0.661875 0.578333 0.021250 0.033333
1 0.799375 0.651667 0.018750 0.030000
1 0.609375 0.584167 0.021250 0.041667
1 0.546250 0.752500 0.035000 0.031667
1 0.755625 0.626667 0.028750 0.033333
1 0.693750 0.478333 0.020000 0.023333
1 0.718125 0.535833 0.016250 0.021667
1 0.654375 0.469167 0.013750 0.018333
1 0.694375 0.435833 0.018750 0.028333
1 0.617500 0.300833 0.035000 0.025000
1 0.615625 0.277500 0.013750 0.018333
1 0.606250 0.225833 0.010000 0.025000
1 0.664375 0.199167 0.021250 0.021667
1 0.725000 0.374167 0.027500 0.038333
1 0.561250 0.441667 0.005000 0.013333
1 0.561250 0.404167 0.007500 0.008333
1 0.606250 0.541667 0.010000 0.016667
1 0.651250 0.545000 0.012500 0.020000
1 0.683125 0.597500 0.008750 0.008333
1 0.660625 0.737500 0.013750 0.021667
2 0.653750 0.489167 0.290000 0.598333
0 0.413125 0.312500 0.061250 0.145000
0 0.336875 0.311667 0.108750 0.126667
0 0.455625 0.332500 0.033750 0.121667
0 0.448750 0.482500 0.050000 0.218333
0 0.460625 0.585000 0.031250 0.113333
0 0.405625 0.509167 0.071250 0.248333
0 0.371875 0.501667 0.086250 0.260000
0 0.341250 0.490833 0.070000 0.231667
1 0.568125 0.284167 0.023750 0.035000
1 0.524375 0.345833 0.021250 0.035000
1 0.521875 0.385833 0.016250 0.041667
1 0.521875 0.492500 0.021250 0.048333
1 0.626875 0.341667 0.023750 0.036667
1 0.650000 0.350833 0.025000 0.038333
1 0.609375 0.358333 0.031250 0.030000
1 0.693750 0.388333 0.027500 0.040000
1 0.788750 0.376667 0.022500 0.040000
1 0.708750 0.447500 0.030000 0.031667
1 0.683125 0.462500 0.021250 0.028333
