2 0.561875 0.604167 0.308750 0.418333
0 0.685000 0.416667 0.112500 0.056667
1 0.360000 0.588333 0.202500 0.366667
1 0.411875 0.318333 0.398750 0.363333
1 0.486250 0.582500 0.007500 0.091667
0 0.718125 0.577500 0.046250 0.088333
0 0.603125 0.257500 0.096250 0.135000
0 0.636250 0.307500 0.070000 0.075000
0 0.685000 0.299167 0.045000 0.105000
0 0.652500 0.384167 0.092500 0.081667
0 0.707500 0.355833 0.045000 0.088333
0 0.584375 0.368333 0.056250 0.110000
0 0.670000 0.470000 0.030000 0.043333
0 0.713750 0.514167 0.067500 0.075000
0 0.713125 0.440000 0.056250 0.080000
