0 0.872134 0.336558 0.970459 0.336558 0.970459 0.404018 0.872134 0.404018
1 0.579365 0.141121 0.687831 0.141121 0.687831 0.243056 0.579365 0.243056
1 0.195326 0.610863 0.367284 0.610863 0.367284 0.670635 0.195326 0.670635
1 0.397707 0.540923 0.444885 0.540923 0.444885 0.640873 0.397707 0.640873
1 0.490300 0.626984 0.744268 0.626984 0.744268 0.651290 0.490300 0.651290
2 0.129189 0.482639 0.258377 0.482639 0.258377 0.530754 0.129189 0.530754
2 0.634921 0.499256 0.690035 0.499256 0.690035 0.538194 0.634921 0.538194
0 0.603175 0.651290 0.679012 0.651290 0.679012 0.701637 0.603175 0.701637
1 0.439594 0.252976 0.519841 0.252976 0.519841 0.286954 0.439594 0.286954
2 0.292328 0.163938 0.595238 0.163938 0.595238 0.252232 0.292328 0.252232
2 0.192240 0.235615 0.787919 0.235615 0.787919 0.514881 0.192240 0.514881
2 0.186067 0.375744 0.422399 0.375744 0.422399 0.565228 0.186067 0.565228
0 0.406085 0.466518 0.658289 0.466518 0.658289 0.572917 0.406085 0.572917
1 0.159612 0.521329 0.218695 0.521329 0.218695 0.540427 0.159612 0.540427
2 0.481481 0.667659 0.545855 0.667659 0.545855 0.689980 0.481481 0.689980
2 0.211199 0.203621 0.279982 0.203621 0.279982 0.263889 0.211199 0.263889
0 0.220018 0.410714 0.311728 0.410714 0.311728 0.440972 0.220018 0.440972
0 0.311287 0.429067 0.406966 0.429067 0.406966 0.500000 0.311287 0.500000
0 0.125220 0.526290 0.417989 0.526290 0.417989 0.636409 0.125220 0.636409
0 0.697531 0.405506 0.902557 0.405506 0.902557 0.630952 0.697531 0.630952
