1 0.487500 0.704167 0.362500 0.308333
0 0.566250 0.285000 0.037500 0.063333
0 0.376875 0.382500 0.111250 0.088333
0 0.395000 0.221667 0.190000 0.120000
0 0.489375 0.180000 0.043750 0.106667
0 0.508750 0.267500 0.045000 0.071667
0 0.535625 0.235833 0.048750 0.111667
0 0.361250 0.300000 0.162500 0.100000
1 0.602500 0.212500 0.050000 0.035000
1 0.676250 0.311667 0.035000 0.036667
1 0.705625 0.367500 0.018750 0.038333
1 0.715625 0.411667 0.023750 0.026667
1 0.728750 0.516667 0.020000 0.050000
1 0.695000 0.666667 0.015000 0.023333
2 0.500000 0.481667 0.467500 0.506667
