0 0.597856 0.389117 0.052413 0.060800
0 0.774506 0.418467 0.075487 0.101333
0 0.755375 0.470892 0.095925 0.097150
1 0.680000 0.376667 0.120000 0.156667
1 0.677500 0.673333 0.122500 0.166667
2 0.406875 0.575000 0.351250 0.423333
1 0.364375 0.236667 0.211250 0.303333
1 0.304375 0.239167 0.216250 0.335000
0 0.621994 0.754883 0.144413 0.246900
0 0.718063 0.292592 0.163550 0.076717
0 0.762913 0.361750 0.048475 0.060400
0 0.623600 0.340308 0.029900 0.053750
0 0.708688 0.760675 0.078825 0.090017
0 0.652038 0.589975 0.077025 0.067117
0 0.745737 0.634458 0.138275 0.202983
0 0.706100 0.512125 0.269950 0.213183
