0 0.325000 0.642500 0.097500 0.148333
0 0.381250 0.518333 0.127500 0.303333
1 0.320000 0.364167 0.107500 0.025000
0 0.485000 0.575000 0.220000 0.443333
1 0.381250 0.310000 0.280000 0.090000
1 0.373750 0.273333 0.107500 0.056667
0 0.525000 0.490000 0.162500 0.280000
0 0.437500 0.765000 0.147500 0.146667
0 0.487125 0.696167 0.133250 0.191000
0 0.293125 0.535833 0.098750 0.148333
1 0.467500 0.200833 0.165000 0.071667
2 0.629375 0.664167 0.078750 0.111667
1 0.463750 0.333333 0.132500 0.043333
2 0.372500 0.755000 0.062500 0.090000
2 0.330000 0.428333 0.032500 0.120000
0 0.639375 0.506667 0.156250 0.293333
0 0.536250 0.400000 0.080000 0.126667
1 0.495625 0.256667 0.316250 0.120000
