1 0.541887 0.602431 0.670194 0.602431 0.670194 0.641121 0.541887 0.641121
1 0.688713 0.528026 0.749118 0.528026 0.749118 0.662698 0.688713 0.662698
1 0.576279 0.571677 0.691799 0.571677 0.691799 0.616567 0.576279 0.616567
1 0.405203 0.320437 0.707231 0.320437 0.707231 0.355407 0.405203 0.355407
0 0.406085 0.452629 0.477513 0.452629 0.477513 0.495784 0.406085 0.495784
0 0.578924 0.380952 0.623898 0.380952 0.623898 0.488095 0.578924 0.488095
1 0.000000 0.540923 0.281305 0.540923 0.281305 0.640377 0.000000 0.640377
1 0.002205 0.605159 0.239418 0.605159 0.239418 0.718006 0.002205 0.718006
1 0.282187 0.667907 0.346120 0.667907 0.346120 0.732887 0.282187 0.732887
1 0.337302 0.673611 0.407407 0.673611 0.407407 0.764633 0.337302 0.764633
1 0.192681 0.668155 0.286596 0.668155 0.286596 0.699405 0.192681 0.699405
2 0.275132 0.420387 0.585538 0.420387 0.585538 0.457589 0.275132 0.457589
2 0.220018 0.427331 0.350529 0.427331 0.350529 0.489583 0.220018 0.489583
2 0.042328 0.509673 0.171958 0.509673 0.171958 0.542411 0.042328 0.542411
0 0.235009 0.568452 0.399471 0.568452 0.399471 0.608631 0.235009 0.608631
0 0.212522 0.486359 0.326720 0.486359 0.326720 0.560764 0.212522 0.560764
0 0.457231 0.536706 0.558201 0.536706 0.558201 0.603423 0.457231 0.603423
0 0.309965 0.529514 0.454145 0.529514 0.454145 0.574901 0.309965 0.574901
0 0.459877 0.726935 0.569224 0.726935 0.569224 0.789187 0.459877 0.789187
0 0.552910 0.546379 0.628307 0.546379 0.628307 0.601438 0.552910 0.601438
0 0.593034 0.697669 0.685185 0.697669 0.685185 0.745784 0.593034 0.745784
0 0.388448 0.571925 0.455908 0.571925 0.455908 0.616567 0.388448 0.616567
0 0.334215 0.616319 0.387125 0.616319 0.387125 0.653274 0.334215 0.653274
0 0.321429 0.497272 0.402116 0.497272 0.402116 0.528274 0.321429 0.528274
0 0.265873 0.512401 0.313051 0.512401 0.313051 0.540675 0.265873 0.540675
0 0.207231 0.470982 0.260141 0.470982 0.260141 0.507440 0.207231 0.507440
0 0.193122 0.515129 0.230600 0.515129 0.230600 0.537698 0.193122 0.537698
0 0.321429 0.392113 0.366843 0.392113 0.366843 0.417659 0.321429 0.417659
0 0.426808 0.385169 0.500441 0.385169 0.500441 0.417411 0.426808 0.417411
0 0.416226 0.351190 0.460317 0.351190 0.460317 0.386161 0.416226 0.386161
0 0.485891 0.475694 0.561728 0.475694 0.561728 0.504216 0.485891 0.504216
0 0.486332 0.497520 0.546737 0.497520 0.546737 0.519593 0.486332 0.519593
0 0.758818 0.406250 0.808201 0.406250 0.808201 0.433284 0.758818 0.433284
0 0.380952 0.621528 0.439153 0.621528 0.439153 0.649802 0.380952 0.649802
0 0.402998 0.551835 0.455026 0.551835 0.455026 0.579861 0.402998 0.579861
0 0.399912 0.494544 0.442240 0.494544 0.442240 0.524058 0.399912 0.524058
0 0.427249 0.514881 0.462081 0.514881 0.462081 0.534970 0.427249 0.534970
0 0.498236 0.644345 0.548060 0.644345 0.548060 0.677827 0.498236 0.677827
0 0.637566 0.632440 0.687831 0.632440 0.687831 0.662450 0.637566 0.662450
0 0.497354 0.616071 0.561728 0.616071 0.561728 0.652034 0.497354 0.652034
0 0.488095 0.601190 0.535714 0.601190 0.535714 0.629712 0.488095 0.629712
0 0.421517 0.672371 0.469577 0.672371 0.469577 0.690228 0.421517 0.690228
0 0.415344 0.615823 0.464727 0.615823 0.464727 0.636409 0.415344 0.636409
1 0.455467 0.663690 0.806878 0.663690 0.806878 0.700645 0.455467 0.700645
1 0.407407 0.686012 0.513228 0.686012 0.513228 0.724950 0.407407 0.724950
1 0.407407 0.722470 0.513228 0.722470 0.513228 0.755704 0.407407 0.755704
1 0.081570 0.564980 0.218254 0.564980 0.218254 0.601190 0.081570 0.601190
1 0.126543 0.530506 0.205026 0.530506 0.205026 0.565228 0.126543 0.565228
1 0.173721 0.364335 0.413580 0.364335 0.413580 0.424851 0.173721 0.424851
1 0.460758 0.360863 0.621693 0.360863 0.621693 0.380208 0.460758 0.380208
1 0.270723 0.411954 0.458554 0.411954 0.458554 0.443204 0.270723 0.443204
1 0.242945 0.410466 0.295855 0.410466 0.295855 0.443452 0.242945 0.443452
1 0.727513 0.433780 0.927690 0.433780 0.927690 0.467510 0.727513 0.467510
1 0.688713 0.590030 0.726631 0.590030 0.726631 0.661706 0.688713 0.661706
1 0.610229 0.450397 0.667989 0.450397 0.667989 0.528274 0.610229 0.528274
1 0.472663 0.452877 0.623016 0.452877 0.623016 0.510169 0.472663 0.510169
1 0.158730 0.475694 0.206349 0.475694 0.206349 0.530506 0.158730 0.530506
1 0.625220 0.363343 0.768078 0.363343 0.768078 0.429067 0.625220 0.429067
1 0.088183 0.538690 0.171517 0.538690 0.171517 0.565476 0.088183 0.565476
1 0.204586 0.644345 0.389330 0.644345 0.389330 0.667163 0.204586 0.667163
1 0.593034 0.387401 0.686508 0.387401 0.686508 0.416667 0.593034 0.416667
1 0.478395 0.382937 0.577601 0.382937 0.577601 0.406250 0.478395 0.406250
1 0.652998 0.504464 0.744709 0.504464 0.744709 0.576885 0.652998 0.576885
1 0.600088 0.418155 0.728836 0.418155 0.728836 0.448413 0.600088 0.448413
1 0.000000 0.313244 0.936067 0.313244 0.936067 0.796627 0.000000 0.796627
1 0.631834 0.446429 0.841711 0.446429 0.841711 0.501240 0.631834 0.501240
1 0.685626 0.487847 0.741623 0.487847 0.741623 0.524802 0.685626 0.524802
1 0.673721 0.482143 0.729277 0.482143 0.729277 0.513145 0.673721 0.513145
1 0.741182 0.484127 0.816138 0.484127 0.816138 0.566220 0.741182 0.566220
1 0.733686 0.515625 0.789242 0.515625 0.789242 0.605159 0.733686 0.605159
1 0.382275 0.390377 0.429012 0.390377 0.429012 0.410466 0.382275 0.410466
0 0.130511 0.441964 0.181658 0.441964 0.181658 0.469494 0.130511 0.469494
0 0.417989 0.430060 0.497795 0.430060 0.497795 0.460069 0.417989 0.460069
