1 0.513750 0.788333 0.090000 0.093333
1 0.618750 0.788333 0.097500 0.140000
1 0.521875 0.848333 0.081250 0.053333
2 0.505000 0.710000 0.095000 0.120000
2 0.395625 0.375000 0.113750 0.190000
2 0.693750 0.585000 0.137500 0.190000
0 0.615625 0.415000 0.068750 0.353333
0 0.345625 0.549167 0.118750 0.148333
0 0.258750 0.530000 0.097500 0.246667
0 0.344375 0.314167 0.126250 0.181667
0 0.390000 0.700833 0.170000 0.248333
0 0.460625 0.629167 0.063750 0.128333
1 0.545625 0.720833 0.061250 0.171667
1 0.647500 0.659167 0.027500 0.151667
0 0.481250 0.267500 0.115000 0.148333
0 0.505000 0.425000 0.110000 0.163333
0 0.596875 0.433333 0.056250 0.126667
0 0.441250 0.508333 0.072500 0.103333
0 0.573125 0.485000 0.046250 0.250000
0 0.572500 0.600833 0.117500 0.211667
