0 0.213750 0.379167 0.055000 0.068333
0 0.251750 0.333333 0.061500 0.036667
0 0.212313 0.323333 0.035125 0.023333
0 0.241875 0.359167 0.041250 0.038333
1 0.250000 0.180833 0.045000 0.025000
1 0.303750 0.265000 0.012500 0.046667
1 0.185000 0.287500 0.027500 0.078333
1 0.172500 0.225833 0.040000 0.031667
1 0.356875 0.215000 0.018750 0.023333
1 0.336875 0.366667 0.021250 0.046667
1 0.288750 0.329167 0.012500 0.011667
1 0.264375 0.360833 0.023750 0.021667
2 0.650000 0.665833 0.270000 0.328333
0 0.195625 0.687500 0.063750 0.088333
0 0.268750 0.780000 0.120000 0.236667
0 0.245625 0.621667 0.086250 0.100000
0 0.149375 0.652500 0.078750 0.138333
0 0.136250 0.781667 0.082500 0.126667
0 0.206625 0.754167 0.068250 0.125000
0 0.193750 0.174167 0.045000 0.038333
0 0.218750 0.140000 0.025000 0.043333
0 0.257500 0.150000 0.065000 0.053333
0 0.313125 0.156667 0.036250 0.040000
0 0.334375 0.184167 0.036250 0.051667
0 0.301250 0.200833 0.032500 0.041667
0 0.229375 0.227500 0.068750 0.061667
0 0.205000 0.287500 0.030000 0.068333
0 0.325625 0.252500 0.041250 0.065000
0 0.346875 0.290833 0.026250 0.045000
0 0.248750 0.401667 0.025000 0.033333
0 0.282500 0.377500 0.017500 0.018333
0 0.296875 0.361667 0.036250 0.036667
0 0.186875 0.348333 0.018750 0.023333
0 0.258750 0.274167 0.075000 0.105000
1 0.220625 0.190000 0.026250 0.013333
0 0.315000 0.277500 0.012500 0.018333
0 0.313750 0.320833 0.045000 0.048333
0 0.193750 0.334167 0.010000 0.015000
1 0.289375 0.303333 0.011250 0.013333
