0 0.038235 0.624510 0.160784 0.624510 0.160784 0.818627 0.038235 0.818627
0 0.123529 0.665686 0.284314 0.665686 0.284314 0.969608 0.123529 0.969608
0 0.450980 0.187255 0.594118 0.187255 0.594118 0.343137 0.450980 0.343137
0 0.320588 0.177451 0.471569 0.177451 0.471569 0.377451 0.320588 0.377451
0 0.090196 0.202941 0.353922 0.202941 0.353922 0.451961 0.090196 0.451961
0 0.108824 0.015686 0.347059 0.015686 0.347059 0.217647 0.108824 0.217647
0 0.496078 0.086275 0.803922 0.086275 0.803922 0.423529 0.496078 0.423529
0 0.267647 0.659804 0.578431 0.659804 0.578431 1.000000 0.267647 1.000000
0 0.658824 0.425490 0.962745 0.425490 0.962745 0.691176 0.658824 0.691176
0 0.529412 0.628431 0.915686 0.628431 0.915686 0.971569 0.529412 0.971569
0 0.239216 0.379412 0.547059 0.379412 0.547059 0.666667 0.239216 0.666667
0 0.025490 0.399020 0.313725 0.399020 0.313725 0.609804 0.025490 0.609804
0 0.416667 0.360784 0.676471 0.360784 0.676471 0.650980 0.416667 0.650980
