0 0.731121 0.362500 0.790618 0.362500 0.790618 0.415972 0.731121 0.415972
0 0.663043 0.280556 0.749428 0.280556 0.749428 0.376389 0.663043 0.376389
0 0.671625 0.402778 0.731693 0.402778 0.731693 0.491667 0.671625 0.491667
0 0.505149 0.369444 0.548627 0.369444 0.548627 0.454861 0.505149 0.454861
0 0.520595 0.161111 0.592677 0.161111 0.592677 0.280556 0.520595 0.280556
0 0.592677 0.209722 0.649886 0.209722 0.649886 0.277083 0.592677 0.277083
0 0.172197 0.286111 0.520023 0.286111 0.520023 0.781250 0.172197 0.781250
2 0.176773 0.458333 0.224828 0.458333 0.224828 0.546528 0.176773 0.546528
2 0.235126 0.153472 0.524027 0.153472 0.524027 0.386111 0.235126 0.386111
2 0.251716 0.579167 0.513730 0.579167 0.513730 0.897917 0.251716 0.897917
2 0.602403 0.334722 0.686499 0.334722 0.686499 0.443750 0.602403 0.443750
2 0.609268 0.686806 0.682494 0.686806 0.682494 0.780556 0.609268 0.780556
2 0.503432 0.716667 0.608124 0.716667 0.608124 0.800000 0.503432 0.800000
2 0.503432 0.797917 0.569222 0.797917 0.569222 0.886111 0.503432 0.886111
2 0.521739 0.568056 0.584096 0.568056 0.584096 0.667361 0.521739 0.667361
2 0.477117 0.264583 0.546911 0.264583 0.546911 0.366667 0.477117 0.366667
2 0.627002 0.638194 0.679634 0.638194 0.679634 0.689583 0.627002 0.689583
2 0.570938 0.268750 0.631579 0.268750 0.631579 0.341667 0.570938 0.341667
0 0.610412 0.487500 0.700229 0.487500 0.700229 0.575000 0.610412 0.575000
0 0.719108 0.550694 0.808352 0.550694 0.808352 0.649306 0.719108 0.649306
0 0.705950 0.649306 0.783181 0.649306 0.783181 0.750694 0.705950 0.750694
0 0.569794 0.791667 0.637872 0.791667 0.637872 0.877083 0.569794 0.877083
0 0.534325 0.640278 0.611556 0.640278 0.611556 0.722222 0.534325 0.722222
2 0.533181 0.400000 0.594394 0.400000 0.594394 0.513194 0.533181 0.513194
