0 0.328502 0.368073 0.443237 0.368073 0.443237 0.487179 0.328502 0.487179
0 0.520531 0.424318 0.632850 0.424318 0.632850 0.523573 0.520531 0.523573
0 0.263285 0.376344 0.376812 0.376344 0.376812 0.480562 0.263285 0.480562
0 0.172705 0.376344 0.935990 0.376344 0.935990 0.780811 0.172705 0.780811
0 0.654589 0.482217 0.880435 0.482217 0.880435 0.668321 0.654589 0.668321
0 0.571256 0.453267 0.713768 0.453267 0.713768 0.562448 0.571256 0.562448
1 0.506039 0.288668 0.780193 0.288668 0.780193 0.396195 0.506039 0.396195
0 0.397343 0.369727 0.513285 0.369727 0.513285 0.484698 0.397343 0.484698
1 0.242754 0.277089 0.533816 0.277089 0.533816 0.380480 0.242754 0.380480
0 0.458937 0.401158 0.577295 0.401158 0.577295 0.500414 0.458937 0.500414
