0 0.621759 0.160745 0.701804 0.160745 0.701804 0.273689 0.621759 0.273689
2 0.205750 0.431049 0.797069 0.431049 0.797069 0.859137 0.205750 0.859137
1 0.684329 0.427665 0.919955 0.427665 0.919955 0.695008 0.684329 0.695008
0 0.483653 0.157783 0.596392 0.157783 0.596392 0.236464 0.483653 0.236464
0 0.149380 0.372673 0.356257 0.372673 0.356257 0.489848 0.149380 0.489848
0 0.136979 0.279188 0.284667 0.279188 0.284667 0.368020 0.136979 0.368020
0 0.200113 0.188663 0.448703 0.188663 0.448703 0.333333 0.200113 0.333333
0 0.671364 0.289340 0.793687 0.289340 0.793687 0.360829 0.671364 0.360829
0 0.496618 0.243232 0.662345 0.243232 0.662345 0.318105 0.496618 0.318105
0 0.521421 0.335448 0.687711 0.335448 0.687711 0.425127 0.521421 0.425127
