1 0.645625 0.723333 0.021250 0.033333
1 0.449375 0.194167 0.086250 0.188333
1 0.548750 0.162500 0.110000 0.175000
1 0.703750 0.851667 0.030000 0.033333
1 0.670000 0.789167 0.032500 0.031667
1 0.672500 0.751667 0.027500 0.040000
1 0.663125 0.709167 0.031250 0.041667
1 0.629375 0.753333 0.013750 0.030000
1 0.631250 0.723333 0.012500 0.026667
1 0.694375 0.824167 0.021250 0.025000
1 0.733125 0.800833 0.018750 0.038333
1 0.685000 0.789167 0.017500 0.028333
1 0.771875 0.669167 0.023750 0.038333
0 0.513750 0.693333 0.100000 0.143333
0 0.375475 0.498108 0.188775 0.167483
0 0.383544 0.553775 0.195087 0.220817
0 0.480731 0.667458 0.135437 0.236717
0 0.386350 0.614125 0.197900 0.247950
0 0.424600 0.631908 0.181750 0.232983
1 0.716250 0.813333 0.027500 0.036667
1 0.712500 0.609167 0.035000 0.038333
1 0.795000 0.591667 0.030000 0.023333
1 0.740625 0.605000 0.023750 0.030000
1 0.666875 0.657500 0.026250 0.035000
1 0.738125 0.630000 0.023750 0.020000
1 0.748125 0.665000 0.021250 0.033333
1 0.593750 0.606667 0.022500 0.026667
1 0.636250 0.780000 0.045000 0.080000
1 0.696875 0.577500 0.181250 0.095000
2 0.623750 0.395833 0.317500 0.395000
0 0.356875 0.330833 0.176250 0.191667
0 0.362500 0.441667 0.190000 0.140000
0 0.543750 0.775000 0.160000 0.266667
