0 0.568125 0.464167 0.166250 0.228333
0 0.437500 0.523333 0.112500 0.250000
0 0.595000 0.374167 0.152500 0.188333
1 0.676250 0.570000 0.040000 0.083333
1 0.603750 0.668333 0.115000 0.116667
1 0.277500 0.520833 0.037500 0.035000
1 0.406250 0.690000 0.027500 0.046667
1 0.519375 0.715000 0.071250 0.126667
1 0.325625 0.410000 0.023750 0.030000
0 0.339375 0.504167 0.083750 0.118333
0 0.403125 0.357500 0.088750 0.108333
1 0.449375 0.280833 0.011250 0.028333
1 0.433125 0.261667 0.013750 0.026667
2 0.572500 0.600833 0.102500 0.085000
