0 0.394118 0.201961 0.815686 0.201961 0.815686 0.420588 0.394118 0.420588
0 0.601961 0.000000 0.874510 0.000000 0.874510 0.245098 0.601961 0.245098
1 0.537255 0.000000 0.732353 0.000000 0.732353 0.057843 0.537255 0.057843
1 0.557843 0.446078 0.726471 0.446078 0.726471 0.578431 0.557843 0.578431
1 0.472549 0.334314 0.656863 0.334314 0.656863 0.374510 0.472549 0.374510
1 0.499020 0.252941 0.600980 0.252941 0.600980 0.305882 0.499020 0.305882
0 0.034314 0.395098 0.380392 0.395098 0.380392 0.738235 0.034314 0.738235
0 0.073529 0.641176 0.328431 0.641176 0.328431 0.921569 0.073529 0.921569
0 0.164706 0.767647 0.577451 0.767647 0.577451 0.946078 0.164706 0.946078
0 0.503922 0.500980 0.683333 0.500980 0.683333 0.792157 0.503922 0.792157
0 0.407843 0.488235 0.534314 0.488235 0.534314 0.612745 0.407843 0.612745
1 0.360784 0.427451 0.422549 0.427451 0.422549 0.578431 0.360784 0.578431
1 0.305882 0.643137 0.441176 0.643137 0.441176 0.789216 0.305882 0.789216
0 0.279412 0.579412 0.500980 0.579412 0.500980 0.770588 0.279412 0.770588
0 0.648039 0.500000 0.881373 0.500000 0.881373 0.751961 0.648039 0.751961
0 0.459804 0.387255 0.703922 0.387255 0.703922 0.538235 0.459804 0.538235
0 0.689216 0.351961 0.871569 0.351961 0.871569 0.574510 0.689216 0.574510
