1 0.710000 0.348333 0.705000 0.350000 0.696250 0.371667 0.696250 0.383333 0.698750 0.386667 0.707500 0.381667 0.715000 0.360000 0.713750 0.351667
0 0.535000 0.180000 0.525000 0.185000 0.511250 0.211667 0.511250 0.225000 0.533750 0.268333 0.540000 0.288333 0.546250 0.291667 0.548750 0.288333 0.551250 0.263333 0.556250 0.258333 0.560000 0.236667 0.560000 0.216667 0.542500 0.181667
0 0.492500 0.233333 0.486250 0.253333 0.490000 0.276667 0.498750 0.293333 0.508750 0.303333 0.523750 0.303333 0.531250 0.285000 0.531250 0.276667 0.523750 0.251667 0.505000 0.231667
1 0.693750 0.300000 0.687500 0.293333 0.682500 0.293333 0.658750 0.320000 0.658750 0.330000 0.670000 0.330000 0.691250 0.310000
0 0.577500 0.255000 0.566250 0.253333 0.550000 0.263333 0.547500 0.300000 0.557500 0.316667 0.568750 0.315000 0.581250 0.295000 0.585000 0.265000
0 0.321250 0.358333 0.321250 0.366667 0.326250 0.376667 0.328750 0.413333 0.336250 0.421667 0.370000 0.421667 0.385000 0.416667 0.393750 0.425000 0.405000 0.426667 0.420000 0.420000 0.427500 0.401667 0.430000 0.405000 0.432500 0.403333 0.428750 0.388333 0.431250 0.365000 0.428750 0.361667 0.416250 0.365000 0.410000 0.356667 0.406250 0.340000 0.388750 0.346667 0.380000 0.338333 0.365000 0.343333 0.355000 0.343333 0.341250 0.351667 0.328750 0.351667
0 0.490000 0.226667 0.485000 0.213333 0.487500 0.208333 0.483750 0.211667 0.477500 0.205000 0.476250 0.193333 0.470000 0.181667 0.468750 0.166667 0.463750 0.161667 0.457500 0.163333 0.451250 0.175000 0.438750 0.165000 0.415000 0.163333 0.388750 0.181667 0.367500 0.188333 0.338750 0.206667 0.321250 0.213333 0.303750 0.235000 0.300000 0.248333 0.303750 0.256667 0.335000 0.256667 0.381250 0.270000 0.391250 0.266667 0.410000 0.245000 0.423750 0.245000 0.428750 0.236667 0.437500 0.245000 0.430000 0.251667 0.431250 0.261667 0.445000 0.280000 0.456250 0.281667 0.468750 0.275000 0.475000 0.266667 0.478750 0.246667 0.488750 0.236667
0 0.480000 0.126667 0.467500 0.143333 0.470000 0.185000 0.476250 0.193333 0.487500 0.225000 0.493750 0.231667 0.506250 0.233333 0.508750 0.226667 0.501250 0.193333 0.511250 0.183333 0.507500 0.161667 0.496250 0.138333
0 0.442500 0.283333 0.436250 0.278333 0.436250 0.273333 0.422500 0.263333 0.420000 0.250000 0.407500 0.250000 0.393750 0.268333 0.386250 0.271667 0.342500 0.258333 0.326250 0.258333 0.320000 0.261667 0.308750 0.280000 0.300000 0.283333 0.290000 0.295000 0.286250 0.308333 0.281250 0.315000 0.280000 0.331667 0.283750 0.341667 0.290000 0.345000 0.300000 0.340000 0.310000 0.340000 0.317500 0.346667 0.340000 0.350000 0.355000 0.336667 0.373750 0.335000 0.390000 0.328333 0.400000 0.315000 0.412500 0.306667 0.423750 0.285000 0.438750 0.288333
1 0.312500 0.623333 0.326250 0.635000 0.322500 0.638333 0.326250 0.643333 0.326250 0.653333 0.321250 0.658333 0.313750 0.653333 0.313750 0.663333 0.317500 0.666667 0.315000 0.671667 0.323750 0.675000 0.318750 0.686667 0.326250 0.688333 0.328750 0.698333 0.325000 0.703333 0.306250 0.701667 0.306250 0.710000 0.313750 0.735000 0.340000 0.765000 0.348750 0.780000 0.370000 0.795000 0.365000 0.820000 0.368750 0.820000 0.373750 0.808333 0.381250 0.801667 0.397500 0.818333 0.427500 0.826667 0.431250 0.830000 0.431250 0.858333 0.435000 0.858333 0.436250 0.831667 0.440000 0.826667 0.458750 0.823333 0.471250 0.815000 0.515000 0.816667 0.547500 0.813333 0.570000 0.805000 0.601250 0.805000 0.632500 0.800000 0.645000 0.790000 0.668750 0.755000 0.667500 0.745000 0.651250 0.733333 0.641250 0.730000 0.628750 0.733333 0.612500 0.730000 0.601250 0.721667 0.600000 0.713333 0.607500 0.696667 0.610000 0.660000 0.603750 0.648333 0.595000 0.641667 0.577500 0.640000 0.560000 0.660000 0.548750 0.665000 0.543750 0.671667 0.532500 0.671667 0.527500 0.680000 0.511250 0.686667 0.501250 0.670000 0.500000 0.655000 0.496250 0.646667 0.478750 0.636667 0.435000 0.596667 0.410000 0.583333 0.403750 0.573333 0.373750 0.553333 0.352500 0.550000 0.335000 0.565000 0.333750 0.575000 0.321250 0.593333 0.313750 0.591667
1 0.577500 0.200000 0.578750 0.213333 0.586250 0.230000 0.593750 0.230000 0.596250 0.223333 0.606250 0.226667 0.626250 0.225000 0.627500 0.211667 0.625000 0.205000 0.613750 0.203333 0.607500 0.198333 0.596250 0.201667 0.591250 0.195000 0.581250 0.195000
1 0.726250 0.400000 0.720000 0.398333 0.705000 0.415000 0.703750 0.423333 0.708750 0.425000 0.727500 0.411667
1 0.723750 0.491667 0.718750 0.508333 0.720000 0.525000 0.723750 0.536667 0.730000 0.541667 0.733750 0.538333 0.733750 0.523333 0.738750 0.511667 0.738750 0.501667 0.732500 0.491667
1 0.702500 0.656667 0.695000 0.655000 0.690000 0.658333 0.687500 0.665000 0.690000 0.678333 0.697500 0.678333 0.702500 0.673333
2 0.711250 0.331667 0.701250 0.313333 0.691250 0.313333 0.695000 0.305000 0.693750 0.296667 0.678750 0.288333 0.678750 0.278333 0.675000 0.268333 0.670000 0.271667 0.662500 0.268333 0.670000 0.265000 0.666250 0.243333 0.650000 0.230000 0.625000 0.228333 0.617500 0.230000 0.616250 0.233333 0.633750 0.235000 0.631250 0.241667 0.617500 0.240000 0.612500 0.231667 0.605000 0.236667 0.595000 0.236667 0.591250 0.241667 0.580000 0.238333 0.586250 0.243333 0.586250 0.250000 0.591250 0.251667 0.587500 0.255000 0.590000 0.260000 0.587500 0.265000 0.593750 0.268333 0.592500 0.293333 0.586250 0.296667 0.576250 0.313333 0.571250 0.313333 0.563750 0.320000 0.555000 0.320000 0.545000 0.310000 0.533750 0.313333 0.527500 0.310000 0.526250 0.306667 0.528750 0.303333 0.537500 0.303333 0.537500 0.293333 0.525000 0.303333 0.526250 0.311667 0.501250 0.315000 0.487500 0.306667 0.481250 0.306667 0.466250 0.290000 0.446250 0.288333 0.436250 0.298333 0.423750 0.301667 0.433750 0.305000 0.441250 0.298333 0.452500 0.300000 0.455000 0.313333 0.437500 0.326667 0.390000 0.330000 0.381250 0.336667 0.367500 0.336667 0.353750 0.341667 0.341250 0.351667 0.321250 0.351667 0.315000 0.358333 0.307500 0.351667 0.303750 0.341667 0.287500 0.345000 0.291250 0.353333 0.283750 0.356667 0.286250 0.363333 0.280000 0.373333 0.288750 0.376667 0.295000 0.373333 0.297500 0.366667 0.307500 0.368333 0.308750 0.373333 0.301250 0.371667 0.297500 0.391667 0.286250 0.391667 0.293750 0.401667 0.300000 0.393333 0.303750 0.400000 0.297500 0.406667 0.287500 0.405000 0.281250 0.408333 0.282500 0.411667 0.278750 0.420000 0.281250 0.428333 0.276250 0.438333 0.276250 0.450000 0.267500 0.455000 0.273750 0.461667 0.271250 0.465000 0.267500 0.461667 0.267500 0.465000 0.277500 0.475000 0.275000 0.478333 0.276250 0.481667 0.272500 0.483333 0.275000 0.490000 0.272500 0.498333 0.282500 0.506667 0.278750 0.513333 0.278750 0.518333 0.282500 0.521667 0.276250 0.531667 0.267500 0.525000 0.266250 0.535000 0.268750 0.545000 0.266250 0.546667 0.266250 0.555000 0.275000 0.570000 0.290000 0.570000 0.292500 0.575000 0.288750 0.578333 0.270000 0.578333 0.267500 0.581667 0.272500 0.590000 0.275375 0.596667 0.278750 0.600000 0.287500 0.596667 0.291250 0.588333 0.303750 0.593333 0.307500 0.586667 0.326250 0.581667 0.327500 0.558333 0.330000 0.555000 0.343750 0.555000 0.353750 0.546667 0.365000 0.546667 0.373750 0.551667 0.376250 0.558333 0.402500 0.566667 0.407500 0.578333 0.418750 0.581667 0.423750 0.591667 0.435000 0.593333 0.440000 0.605000 0.451250 0.608333 0.477500 0.636667 0.496250 0.645000 0.500000 0.651667 0.501250 0.670000 0.508750 0.675000 0.508750 0.681667 0.516250 0.685000 0.528750 0.678333 0.533750 0.670000 0.545000 0.670000 0.548750 0.663333 0.561250 0.658333 0.576250 0.640000 0.590000 0.638333 0.598750 0.641667 0.608750 0.651667 0.612500 0.668333 0.607500 0.705000 0.610000 0.723333 0.652500 0.721667 0.658750 0.733333 0.663750 0.735000 0.677500 0.718333 0.686250 0.716667 0.688750 0.708333 0.695000 0.703333 0.696250 0.683333 0.701250 0.678333 0.703750 0.663333 0.711250 0.653333 0.711250 0.645000 0.717500 0.630000 0.718750 0.616667 0.727500 0.593333 0.733750 0.565000 0.733750 0.550000 0.730000 0.545000 0.732500 0.535000 0.731250 0.516667 0.725000 0.500000 0.721250 0.505000 0.718750 0.501667 0.720000 0.486667 0.726250 0.483333 0.725000 0.470000 0.730000 0.466667 0.730000 0.458333 0.725000 0.451667 0.732500 0.441667 0.732500 0.430000 0.727500 0.418333 0.727500 0.401667 0.722500 0.393333 0.725000 0.390000 0.725000 0.380000 0.718750 0.371667 0.717500 0.360000 0.711250 0.346667
