0 0.667120 0.165150 0.638587 0.145644 0.630435 0.146944 0.614130 0.158648 0.593750 0.145644 0.577446 0.143043 0.561141 0.127438 0.552989 0.124837 0.531250 0.127438 0.510870 0.139142 0.500000 0.111834 0.493207 0.109233 0.408967 0.111834 0.394022 0.115735 0.381793 0.123537 0.364130 0.119636 0.353261 0.120936 0.335598 0.139142 0.297554 0.146944 0.269022 0.170351 0.247283 0.183355 0.226902 0.188557 0.207880 0.200260 0.172554 0.211964 0.158967 0.226268 0.156250 0.252276 0.148098 0.267880 0.148098 0.282185 0.156250 0.302991 0.156250 0.315995 0.141304 0.332900 0.138587 0.377113 0.133152 0.386216 0.110054 0.405722 0.097826 0.438231 0.099185 0.451235 0.108696 0.461638 0.107337 0.486346 0.114130 0.530559 0.131793 0.547464 0.146739 0.551365 0.167120 0.537061 0.194293 0.525358 0.205163 0.516255 0.221467 0.513654 0.247283 0.520156 0.266304 0.533160 0.273098 0.546164 0.283967 0.556567 0.297554 0.563069 0.308424 0.563069 0.328804 0.534460 0.346467 0.517555 0.394022 0.508453 0.419837 0.507152 0.455163 0.521456 0.466033 0.512354 0.476902 0.516255 0.480978 0.520156 0.475543 0.531860 0.476902 0.544863 0.486413 0.553966 0.497283 0.553966 0.502717 0.550065 0.524457 0.546164 0.544837 0.548765 0.559783 0.546164 0.563859 0.538362 0.563859 0.524057 0.550272 0.492848 0.546196 0.438231 0.552989 0.396619 0.561141 0.378414 0.593750 0.348505 0.616848 0.314694 0.629076 0.304291 0.667120 0.282185 0.701087 0.273082 0.716033 0.266580 0.722826 0.260078 0.721467 0.254876 0.702446 0.252276 0.699728 0.249675 0.699728 0.228869 0.688859 0.213264
1 0.440217 0.700910 0.414402 0.699610 0.360054 0.703511 0.357337 0.707412 0.349185 0.708713 0.342391 0.719116 0.332880 0.720416 0.328804 0.724317 0.327446 0.732120 0.317935 0.736021 0.313859 0.742523 0.311141 0.755527 0.312500 0.784135 0.309783 0.793238 0.312500 0.798440 0.312500 0.842653 0.317935 0.847854 0.323370 0.843953 0.328804 0.846554 0.326087 0.850455 0.328804 0.860858 0.331522 0.863459 0.336957 0.859558 0.343750 0.862159 0.338315 0.867360 0.339674 0.872562 0.361413 0.893368 0.411685 0.894668 0.438859 0.889467 0.468750 0.869961 0.479620 0.855657 0.502717 0.812744 0.501359 0.804941 0.505435 0.793238 0.501359 0.790637 0.505435 0.788036 0.505435 0.778934 0.501359 0.776333 0.502717 0.747724 0.490489 0.736021 0.479620 0.730819 0.475543 0.725618 0.471467 0.725618 0.467391 0.716515
1 0.569293 0.577373 0.540761 0.587776 0.533967 0.587776 0.516304 0.598179 0.501359 0.631990 0.498641 0.644993 0.486413 0.664499 0.485054 0.678804 0.490489 0.700910 0.495924 0.710013 0.501359 0.737321 0.510870 0.749025 0.524457 0.752926 0.533967 0.762029 0.566576 0.777633 0.610054 0.780234 0.656250 0.756827 0.672554 0.743823 0.694293 0.702211 0.697011 0.678804 0.683424 0.650195 0.650815 0.600780 0.620924 0.586476
1 0.748641 0.622887 0.699728 0.626788 0.688859 0.635891 0.684783 0.631990 0.682065 0.637191 0.686141 0.647594 0.691576 0.651495 0.699728 0.674902 0.702446 0.691808 0.698370 0.716515 0.702446 0.721717 0.710598 0.763329 0.718750 0.777633 0.783967 0.772432 0.800272 0.768531 0.815217 0.754226 0.820652 0.738622 0.819293 0.711313 0.812500 0.673602 0.804348 0.654096 0.763587 0.628088
1 0.698370 0.726918 0.688859 0.725618 0.679348 0.741222 0.669837 0.750325 0.603261 0.786736 0.600543 0.794538 0.601902 0.827048 0.592391 0.858257 0.593750 0.866060 0.627717 0.875163 0.648098 0.876463 0.679348 0.859558 0.699728 0.841352 0.714674 0.804941 0.716033 0.789337 0.709239 0.764629 0.705163 0.759428
1 0.298913 0.570871 0.277174 0.555267 0.263587 0.535761 0.251359 0.527958 0.225543 0.518856 0.205163 0.521456 0.157609 0.547464 0.138587 0.561769 0.118207 0.624187 0.119565 0.641092 0.122283 0.644993 0.130435 0.642393 0.160326 0.613784 0.221467 0.586476 0.248641 0.589077 0.296196 0.612484
1 0.230978 0.799740 0.229620 0.804941 0.235054 0.819246 0.259511 0.856957 0.311141 0.880364 0.324728 0.880364 0.334239 0.876463 0.334239 0.868661 0.315217 0.849155 0.307065 0.834850 0.302989 0.764629 0.298913 0.764629 0.278533 0.780234 0.259511 0.785436
1 0.536685 0.551365 0.519022 0.551365 0.500000 0.556567 0.486413 0.565670 0.490489 0.615085 0.466033 0.668401 0.448370 0.689207 0.456522 0.700910 0.464674 0.703511 0.468750 0.710013 0.489130 0.716515 0.491848 0.711313 0.486413 0.695709 0.483696 0.669701 0.516304 0.596879 0.527174 0.589077 0.559783 0.579974 0.567935 0.573472 0.559783 0.564369
2 0.711957 0.276983 0.673913 0.287386 0.633152 0.306892 0.616848 0.321196 0.592391 0.353706 0.578804 0.365410 0.562500 0.390117 0.554348 0.408322 0.548913 0.435631 0.550272 0.473342 0.557065 0.500650 0.578804 0.546164 0.608696 0.576073 0.654891 0.594278 0.657609 0.598179 0.695652 0.609883 0.718750 0.613784 0.756793 0.613784 0.789402 0.605982 0.835598 0.583875 0.868207 0.560468 0.884511 0.543563 0.902174 0.512354 0.903533 0.501951 0.913043 0.482445 0.918478 0.455137 0.918478 0.434330 0.906250 0.391417 0.891304 0.360208 0.879076 0.344603 0.845109 0.313394 0.816576 0.293888 0.794837 0.284785 0.758152 0.276983
1 0.514946 0.752926 0.509511 0.754226 0.512228 0.791938 0.508152 0.811443 0.482337 0.858257 0.468750 0.875163 0.447011 0.893368 0.451087 0.902471 0.463315 0.912874 0.478261 0.920676 0.508152 0.928479 0.531250 0.923277 0.550272 0.914174 0.562500 0.903771 0.593750 0.849155 0.596467 0.837451 0.592391 0.786736 0.584239 0.781534 0.562500 0.778934
1 0.229620 0.587776 0.203804 0.592978 0.184783 0.604681 0.173913 0.607282 0.157609 0.618986 0.154891 0.625488 0.141304 0.637191 0.139946 0.642393 0.126359 0.656697 0.120924 0.691808 0.125000 0.730819 0.141304 0.763329 0.150815 0.772432 0.167120 0.780234 0.217391 0.797139 0.228261 0.797139 0.277174 0.777633 0.296196 0.764629 0.315217 0.730819 0.322011 0.703511 0.322011 0.676203 0.296196 0.618986 0.281250 0.605982 0.269022 0.602081 0.252717 0.591678
1 0.426630 0.513654 0.408967 0.511053 0.391304 0.512354 0.345109 0.522757 0.330163 0.538362 0.327446 0.546164 0.305707 0.574772 0.298913 0.590377 0.305707 0.624187 0.322011 0.665800 0.347826 0.686606 0.368207 0.697009 0.418478 0.695709 0.440217 0.687906 0.452446 0.680104 0.467391 0.661899 0.487772 0.616385 0.486413 0.574772 0.482337 0.561769 0.453804 0.530559
