0 0.355000 0.505000 0.337500 0.516667 0.322500 0.533333 0.321250 0.550000 0.327500 0.568333 0.328750 0.603333 0.350000 0.635000 0.360000 0.640000 0.381250 0.640000 0.390000 0.633333 0.390000 0.628333 0.405000 0.606667 0.406250 0.585000 0.395000 0.565000 0.392500 0.551667 0.393750 0.538333 0.390000 0.525000 0.373750 0.505000
0 0.573750 0.376667 0.558750 0.396667 0.557500 0.410000 0.560000 0.418333 0.552500 0.425000 0.550000 0.440000 0.563750 0.463333 0.577500 0.468333 0.588750 0.480000 0.618750 0.486667 0.628750 0.483333 0.632500 0.476667 0.632500 0.466667 0.628750 0.461667 0.632500 0.448333 0.618750 0.428333 0.621250 0.410000 0.618750 0.393333 0.591250 0.375000
0 0.468750 0.613333 0.462500 0.628333 0.460000 0.683333 0.472500 0.718333 0.477500 0.725000 0.488750 0.730000 0.498750 0.726667 0.507500 0.730000 0.518750 0.723333 0.526250 0.715000 0.528750 0.705000 0.541250 0.686667 0.543750 0.651667 0.541250 0.635000 0.530000 0.623333 0.502500 0.618333 0.493750 0.625000 0.488750 0.623333 0.481250 0.610000
0 0.437500 0.485000 0.422500 0.491667 0.406250 0.511667 0.395000 0.535000 0.393750 0.551667 0.410000 0.588333 0.426250 0.601667 0.436250 0.601667 0.443750 0.608333 0.447500 0.595000 0.460000 0.593333 0.468750 0.586667 0.478750 0.571667 0.482500 0.556667 0.478750 0.540000 0.468750 0.523333 0.461250 0.498333 0.450000 0.486667
1 0.385000 0.653333 0.386250 0.660000 0.403750 0.681667 0.407500 0.691667 0.423750 0.671667 0.426250 0.675000 0.423750 0.681667 0.425000 0.691667 0.437500 0.718333 0.445000 0.725000 0.455000 0.721667 0.455000 0.711667 0.445000 0.690000 0.451250 0.676667 0.451250 0.670000 0.443750 0.661667 0.447500 0.648333 0.445000 0.640000 0.437500 0.633333 0.422500 0.635000 0.422500 0.640000 0.431250 0.655000 0.427500 0.660000 0.420000 0.660000 0.407500 0.650000 0.393750 0.646667
0 0.607500 0.553333 0.602500 0.551667 0.582500 0.565000 0.573750 0.561667 0.557500 0.573333 0.552500 0.561667 0.543750 0.578333 0.547500 0.600000 0.555000 0.615000 0.551250 0.636667 0.563750 0.660000 0.588750 0.663333 0.608750 0.631667 0.615000 0.595000 0.612500 0.563333
2 0.478750 0.118333 0.452500 0.113333 0.415000 0.116667 0.376250 0.135000 0.353750 0.156667 0.348750 0.168333 0.341250 0.175000 0.337500 0.173333 0.336250 0.178333 0.330000 0.180000 0.326250 0.186667 0.320000 0.181667 0.313750 0.181667 0.310000 0.221667 0.306250 0.228333 0.306250 0.356667 0.310000 0.380000 0.317500 0.388333 0.326250 0.391667 0.327500 0.426667 0.352500 0.455000 0.375000 0.468333 0.401250 0.473333 0.416250 0.481667 0.443750 0.481667 0.456250 0.476667 0.472500 0.476667 0.482500 0.468333 0.506250 0.460000 0.538750 0.431667 0.546250 0.421667 0.557500 0.393333 0.571250 0.373333 0.580000 0.336667 0.581250 0.250000 0.578750 0.228333 0.552500 0.171667 0.536250 0.161667 0.520000 0.140000 0.500000 0.126667
1 0.483750 0.606667 0.483750 0.613333 0.488750 0.621667 0.496250 0.621667 0.505000 0.613333 0.516250 0.620000 0.523750 0.620000 0.530000 0.603333 0.541250 0.630000 0.546250 0.631667 0.553750 0.625000 0.553750 0.613333 0.538750 0.578333 0.531250 0.571667 0.530000 0.556667 0.521250 0.556667 0.516250 0.565000 0.515000 0.576667 0.520000 0.580000
1 0.608750 0.513333 0.605000 0.510000 0.591250 0.510000 0.585000 0.503333 0.576250 0.501667 0.560000 0.513333 0.547500 0.515000 0.540000 0.528333 0.540000 0.533333 0.536250 0.538333 0.522500 0.543333 0.522500 0.548333 0.535000 0.553333 0.552500 0.543333 0.555000 0.548333 0.553750 0.561667 0.561250 0.558333 0.562500 0.568333 0.575000 0.560000 0.587500 0.563333 0.601250 0.553333 0.608750 0.536667 0.608750 0.528333 0.605000 0.521667
0 0.560000 0.456667 0.547500 0.441667 0.535000 0.440000 0.502500 0.465000 0.481250 0.471667 0.468750 0.493333 0.467500 0.506667 0.471250 0.523333 0.477500 0.533333 0.486250 0.538333 0.498750 0.536667 0.506250 0.541667 0.513750 0.541667 0.535000 0.516667 0.561250 0.505000 0.567500 0.486667 0.567500 0.478333
