1 0.688907 0.563990 0.673895 0.570891 0.670559 0.575282 0.665555 0.577164 0.661384 0.586575 0.662219 0.597867 0.667223 0.604141 0.667223 0.607277 0.675563 0.623588 0.681401 0.627980 0.693078 0.632999 0.717264 0.650565 0.725605 0.659348 0.733111 0.671267 0.742285 0.678795 0.747289 0.691970 0.753128 0.696989 0.767306 0.690088 0.779817 0.678795 0.794829 0.661857 0.800667 0.650565 0.802335 0.636136 0.794829 0.607277 0.788157 0.590966 0.776480 0.570263 0.770642 0.563363 0.763136 0.558971 0.751460 0.558344
0 0.351126 0.299247 0.345288 0.307403 0.345288 0.319950 0.365304 0.327478 0.369475 0.330615 0.376147 0.341280 0.394495 0.345044 0.423686 0.355082 0.432027 0.354454 0.430359 0.341907 0.425354 0.329987 0.420350 0.323714 0.410342 0.315558 0.393661 0.308030 0.371143 0.294228 0.361968 0.293601
1 0.248540 0.388959 0.220183 0.389586 0.205171 0.393977 0.185988 0.405897 0.172644 0.424090 0.170142 0.434128 0.170142 0.450439 0.172644 0.461731 0.180150 0.474906 0.185154 0.478670 0.187656 0.483061 0.199333 0.488708 0.217681 0.489335 0.233528 0.484316 0.261885 0.470514 0.291910 0.459222 0.296914 0.454831 0.295246 0.451694 0.281068 0.442284 0.264387 0.421581 0.254379 0.406524 0.251877 0.393977
0 0.418682 0.681305 0.422852 0.693225 0.428691 0.700753 0.442869 0.712673 0.452043 0.712673 0.478732 0.710163 0.483736 0.707026 0.492911 0.695734 0.510425 0.681932 0.532944 0.672522 0.555463 0.668758 0.569641 0.668758 0.582152 0.671267 0.597164 0.671895 0.601334 0.670013 0.601334 0.667503 0.597998 0.661857 0.592994 0.658093 0.589658 0.657465 0.563803 0.658093 0.552127 0.661857 0.547957 0.661230 0.543786 0.662484 0.528774 0.660602 0.495413 0.653074 0.467890 0.651819 0.451209 0.653701 0.435363 0.653074 0.426188 0.656838 0.422852 0.661230 0.418682 0.673777
0 0.172644 0.670013 0.170976 0.678795 0.173478 0.681932 0.173478 0.685069 0.189324 0.700753 0.212677 0.717064 0.220183 0.720201 0.236864 0.730866 0.259383 0.740903 0.298582 0.753450 0.308590 0.754705 0.312761 0.752823 0.318599 0.735257 0.320267 0.718946 0.333611 0.698243 0.330275 0.687578 0.318599 0.676286 0.315263 0.674404 0.310259 0.675031 0.307756 0.673149 0.291076 0.670640 0.271059 0.669385 0.266055 0.666248 0.265221 0.662484 0.260217 0.659348 0.247706 0.656211 0.233528 0.655583 0.211843 0.656838 0.189324 0.661230 0.180150 0.664366
0 0.278565 0.328733 0.262719 0.321832 0.253545 0.320577 0.248540 0.318068 0.216847 0.319322 0.199333 0.324341 0.189324 0.324969 0.172644 0.332497 0.156797 0.345044 0.154295 0.355709 0.154295 0.367629 0.157631 0.378294 0.166806 0.389586 0.180984 0.397114 0.188490 0.398996 0.193495 0.398369 0.206839 0.392095 0.224354 0.388331 0.252711 0.387077 0.261885 0.380803 0.276063 0.363237 0.295246 0.350063 0.296080 0.345044
0 0.043369 0.318695 0.036697 0.321205 0.032527 0.321205 0.028357 0.324969 0.025021 0.324969 0.020851 0.328105 0.016681 0.328733 0.005004 0.340025 0.000000 0.341907 0.000000 0.414053 0.010842 0.422208 0.025021 0.429109 0.035863 0.430991 0.053378 0.431619 0.068390 0.429109 0.084237 0.422208 0.100917 0.406524 0.110092 0.390841 0.113428 0.380176 0.115096 0.364492 0.110926 0.351945 0.105088 0.346299 0.095913 0.341907 0.067556 0.323087 0.059216 0.320577
0 0.080901 0.282309 0.069224 0.274153 0.059216 0.269762 0.048374 0.266625 0.035029 0.265370 0.020017 0.267880 0.000000 0.278545 0.000000 0.336888 0.002502 0.336888 0.011676 0.329360 0.020851 0.326851 0.048374 0.311167 0.051710 0.306148 0.071726 0.296738 0.081735 0.287327
0 0.217681 0.284818 0.193495 0.274153 0.171810 0.269134 0.156797 0.268507 0.132611 0.270389 0.096747 0.282309 0.082569 0.291719 0.070892 0.305521 0.070892 0.321832 0.079233 0.331242 0.114262 0.350063 0.124270 0.350063 0.128440 0.348181 0.153461 0.345044 0.164304 0.336261 0.175980 0.329360 0.189324 0.323714 0.210175 0.319322 0.217681 0.314304 0.220183 0.303011 0.220183 0.292974
0 0.329441 0.707654 0.321935 0.720201 0.320267 0.728356 0.321101 0.747177 0.319433 0.755960 0.323603 0.760351 0.361134 0.769134 0.398666 0.774153 0.442035 0.777290 0.452877 0.776662 0.457882 0.774153 0.461218 0.769134 0.460384 0.759097 0.462052 0.752196 0.474562 0.722710 0.474562 0.714555 0.453711 0.716437 0.441201 0.720828 0.436197 0.719573 0.427023 0.720201 0.405338 0.704517 0.387823 0.699498 0.377815 0.698243 0.377815 0.691970 0.374479 0.688206 0.368641 0.688833 0.356964 0.696989 0.345288 0.699498
0 0.344454 0.540151 0.341952 0.542660 0.334445 0.545169 0.309425 0.547679 0.298582 0.557716 0.281902 0.564617 0.271893 0.572773 0.270225 0.576537 0.274395 0.580928 0.271893 0.585320 0.270225 0.598494 0.271059 0.605395 0.275229 0.612296 0.275229 0.629235 0.271893 0.643036 0.271893 0.652447 0.274395 0.656838 0.286072 0.663739 0.308590 0.666876 0.314429 0.666248 0.316931 0.668130 0.322769 0.668130 0.340284 0.673777 0.372811 0.676913 0.393661 0.672522 0.402002 0.666876 0.407840 0.664994 0.421184 0.653701 0.426188 0.652447 0.441201 0.642409 0.441201 0.638645 0.446205 0.629862 0.446205 0.625471 0.443703 0.622961 0.447873 0.611041 0.441201 0.607277 0.441201 0.596612 0.437865 0.592221 0.436197 0.578419 0.429525 0.571518 0.429525 0.568381 0.425354 0.565245 0.422852 0.560226 0.407840 0.550816 0.405338 0.545169 0.401168 0.542033 0.393661 0.540151 0.381985 0.542033 0.367807 0.542033 0.357798 0.538896
2 0.578816 0.303011 0.582986 0.311167 0.602168 0.324969 0.638866 0.342535 0.666389 0.351317 0.671393 0.354454 0.684737 0.358846 0.703920 0.363237 0.710592 0.363237 0.734779 0.370765 0.755630 0.374529 0.824854 0.382685 0.858215 0.383940 0.860717 0.385194 0.934112 0.383312 0.956631 0.380176 0.965805 0.380176 0.974979 0.377039 1.000000 0.374529 1.000000 0.185696 0.982485 0.186324 0.971643 0.191343 0.967473 0.191343 0.958299 0.183814 0.954128 0.174404 0.949958 0.172522 0.942452 0.173149 0.929942 0.170640 0.914929 0.170640 0.910759 0.171895 0.889074 0.164994 0.873228 0.168130 0.862385 0.171895 0.856547 0.171895 0.846539 0.168758 0.829024 0.158720 0.814012 0.158720 0.813178 0.161230 0.801501 0.170013 0.793995 0.173149 0.792327 0.178795 0.787323 0.183187 0.779817 0.185069 0.766472 0.185069 0.755630 0.189460 0.751460 0.189460 0.739783 0.198871 0.726439 0.202008 0.708090 0.212673 0.704754 0.212673 0.697248 0.215809 0.687239 0.216437 0.678899 0.212045 0.678065 0.208908 0.673895 0.205772 0.669725 0.207026 0.663053 0.217064 0.638032 0.235257 0.628857 0.249686 0.623019 0.253450 0.621351 0.258469 0.612177 0.267252 0.601334 0.287955 0.591326 0.297365
1 0.000000 0.415935 0.000000 0.479297 0.015847 0.483061 0.033361 0.484944 0.050042 0.483689 0.060050 0.480552 0.075897 0.468632 0.081735 0.461104 0.085071 0.441029 0.091743 0.425972 0.092577 0.419699 0.087573 0.420326 0.085071 0.422836 0.060050 0.430991 0.048374 0.432246 0.027523 0.429109 0.011676 0.422208 0.005838 0.417189
1 0.163470 0.395232 0.141785 0.396487 0.138449 0.398996 0.127606 0.401506 0.113428 0.407152 0.102585 0.415935 0.095079 0.427227 0.092577 0.436010 0.087573 0.443538 0.087573 0.458595 0.091743 0.463614 0.095913 0.475533 0.110092 0.490590 0.122602 0.493726 0.166806 0.494354 0.190992 0.489962 0.191827 0.486826 0.186822 0.483689 0.182652 0.475533 0.174312 0.466123 0.169308 0.454203 0.167640 0.444166 0.170142 0.431619 0.175980 0.418444 0.182652 0.409661 0.182652 0.406524 0.175146 0.402760 0.170976 0.397742
1 0.256047 0.393977 0.256047 0.404015 0.267723 0.424718 0.282736 0.442284 0.301918 0.453576 0.311927 0.453576 0.365304 0.441656 0.402836 0.436010 0.415346 0.428482 0.419516 0.420954 0.419516 0.408407 0.407840 0.390213 0.380317 0.368256 0.364470 0.359473 0.356964 0.357591 0.348624 0.353199 0.319433 0.349435 0.298582 0.351945 0.279399 0.361982
1 0.349458 0.353199 0.355296 0.358218 0.371143 0.364492 0.394495 0.380176 0.415346 0.402760 0.422852 0.402133 0.432027 0.397742 0.436197 0.393977 0.439533 0.388331 0.441201 0.374529 0.437865 0.365119 0.431193 0.358846 0.396997 0.346299 0.380317 0.343789 0.370309 0.343789
1 0.243536 0.279172 0.240200 0.283563 0.240200 0.291719 0.251877 0.311794 0.271893 0.323087 0.299416 0.342535 0.339450 0.350690 0.351960 0.350690 0.361134 0.347553 0.366972 0.343789 0.369475 0.334379 0.365304 0.328105 0.355296 0.325596 0.348624 0.325596 0.340284 0.321205 0.314429 0.313049 0.282736 0.291092 0.278565 0.286700 0.256881 0.273526 0.251877 0.272898 0.248540 0.275408 0.248540 0.278545
1 0.562135 0.462359 0.516264 0.465496 0.507089 0.469260 0.501251 0.469887 0.497081 0.472396 0.486239 0.472396 0.480400 0.474906 0.455379 0.479297 0.442869 0.484316 0.430359 0.485571 0.424520 0.488080 0.418682 0.493726 0.408674 0.509410 0.406172 0.516939 0.405338 0.534504 0.408674 0.543287 0.411176 0.545797 0.422852 0.549561 0.433695 0.550816 0.449541 0.559598 0.453711 0.567127 0.465388 0.575910 0.462886 0.580928 0.469558 0.583438 0.478732 0.592221 0.478732 0.595358 0.487073 0.609787 0.502085 0.622334 0.505421 0.622334 0.510425 0.626725 0.507089 0.634881 0.507089 0.640527 0.509591 0.646173 0.517098 0.654956 0.524604 0.656211 0.555463 0.656838 0.580484 0.652447 0.596330 0.653074 0.612177 0.644918 0.629691 0.639900 0.650542 0.629862 0.663053 0.626098 0.666389 0.623588 0.668057 0.619197 0.667223 0.611669 0.656380 0.594730 0.651376 0.590966 0.653878 0.584693 0.663887 0.576537 0.687239 0.561481 0.686405 0.554580 0.681401 0.547051 0.665555 0.532622 0.653878 0.525094 0.648874 0.510665 0.641368 0.501882 0.619683 0.493099 0.608841 0.477415 0.599666 0.472396 0.585488 0.469887
1 0.687239 0.710163 0.677231 0.700125 0.663053 0.692597 0.648874 0.687578 0.619683 0.680050 0.615513 0.680050 0.600500 0.675031 0.571309 0.670013 0.547957 0.670640 0.532944 0.673777 0.517932 0.678795 0.512927 0.682560 0.502085 0.686951 0.481234 0.712673 0.472060 0.730238 0.466222 0.759724 0.468724 0.771644 0.473728 0.776035 0.509591 0.776662 0.545455 0.774153 0.592994 0.766625 0.628023 0.758469 0.655546 0.750314 0.680567 0.740276 0.688073 0.735885 0.689741 0.733375 0.689741 0.722083
1 0.618015 0.646801 0.607173 0.654329 0.605505 0.658093 0.610509 0.671267 0.618849 0.678168 0.662219 0.692597 0.674729 0.699498 0.683069 0.705772 0.688073 0.712045 0.693078 0.723338 0.693078 0.730238 0.694746 0.731493 0.703920 0.730238 0.724771 0.720828 0.746455 0.705772 0.748123 0.696361 0.744787 0.688206 0.724771 0.658093 0.708924 0.643664 0.693912 0.634253 0.683069 0.631744 0.664721 0.632999 0.635530 0.640527
0 0.219349 0.262861 0.217681 0.259724 0.204337 0.251568 0.189324 0.249059 0.180150 0.249059 0.157631 0.252196 0.141785 0.260979 0.136781 0.268507 0.147623 0.269134 0.167640 0.267252 0.193495 0.272271 0.200167 0.274780 0.209341 0.274780 0.216013 0.272271 0.218515 0.269762
0 0.303586 0.281054 0.303586 0.274780 0.300250 0.271016 0.288574 0.264743 0.277731 0.262233 0.271059 0.263488 0.251043 0.263488 0.240200 0.265997 0.223520 0.265997 0.218515 0.264743 0.209341 0.272271 0.204337 0.270389 0.200167 0.274153 0.205171 0.278545 0.208507 0.278545 0.219349 0.286073 0.223520 0.292974 0.234362 0.291719 0.239366 0.287327 0.243536 0.276662 0.252711 0.272898 0.261885 0.276035 0.266055 0.280427 0.274395 0.282936 0.283570 0.289210 0.295246 0.287955
