1 0.720000 0.133333 0.713750 0.133333 0.707500 0.141667 0.701250 0.143333 0.687500 0.126667 0.671250 0.120000 0.647500 0.123333 0.638750 0.116667 0.630000 0.116667 0.613750 0.128333 0.593750 0.120000 0.586250 0.121667 0.586250 0.140000 0.603750 0.138333 0.613750 0.141667 0.628750 0.156667 0.633750 0.166667 0.651250 0.248333 0.662500 0.286667 0.661250 0.310000 0.667500 0.331667 0.665000 0.346667 0.670000 0.361667 0.670000 0.386667 0.663750 0.400000 0.655000 0.405000 0.646250 0.405000 0.628750 0.376667 0.608750 0.365000 0.611250 0.370000 0.602500 0.373333 0.583750 0.400000 0.577500 0.403333 0.548750 0.400000 0.536250 0.420000 0.536250 0.428333 0.546250 0.440000 0.551250 0.461667 0.553750 0.495000 0.568750 0.515000 0.566250 0.531667 0.571250 0.541667 0.597500 0.545000 0.618750 0.553333 0.631250 0.548333 0.640000 0.531667 0.660000 0.510000 0.671250 0.518333 0.680000 0.518333 0.700000 0.505000 0.717500 0.506667 0.726250 0.501667 0.728750 0.491667 0.763750 0.435000 0.766250 0.420000 0.777500 0.410000 0.786250 0.395000 0.787500 0.381667 0.785000 0.368333 0.775000 0.353333 0.763750 0.320000 0.752500 0.305000 0.751250 0.300000 0.755000 0.295000 0.760000 0.270000 0.760000 0.251667 0.750000 0.225000 0.748750 0.208333 0.735000 0.158333
0 0.312500 0.233333 0.298750 0.235000 0.278750 0.260000 0.273750 0.280000 0.258750 0.315000 0.260000 0.356667 0.271250 0.386667 0.283750 0.398333 0.295000 0.396667 0.300000 0.381667 0.313750 0.363333 0.316250 0.355000 0.315000 0.316667 0.322500 0.303333 0.327500 0.271667
0 0.478750 0.296667 0.472500 0.298333 0.467500 0.326667 0.441250 0.375000 0.431250 0.385000 0.427500 0.385000 0.418750 0.400000 0.411250 0.400000 0.396250 0.410000 0.398750 0.433333 0.403750 0.441667 0.417500 0.451667 0.443750 0.445000 0.456250 0.416667 0.475000 0.391667 0.483750 0.368333 0.486250 0.343333 0.483750 0.306667
0 0.497500 0.026667 0.486250 0.043333 0.483750 0.065000 0.485000 0.088333 0.493750 0.105000 0.500000 0.140000 0.503750 0.145000 0.525000 0.226667 0.530000 0.233333 0.537500 0.215000 0.562500 0.186667 0.563750 0.176667 0.568750 0.168333 0.570000 0.153333 0.575000 0.140000 0.571250 0.100000 0.556250 0.058333 0.548750 0.048333 0.537500 0.041667 0.532500 0.031667 0.522500 0.026667 0.511250 0.030000
1 0.222500 0.346667 0.200000 0.346667 0.186250 0.356667 0.178750 0.371667 0.165000 0.388333 0.155000 0.416667 0.155000 0.481667 0.157500 0.503333 0.172500 0.543333 0.180000 0.553333 0.185000 0.571667 0.201250 0.593333 0.203750 0.586667 0.197500 0.565000 0.195000 0.533333 0.200000 0.495000 0.205000 0.483333 0.210000 0.456667 0.226250 0.430000 0.241250 0.418333 0.250000 0.406667 0.272500 0.396667 0.256250 0.360000 0.250000 0.360000 0.242500 0.351667 0.228750 0.353333
0 0.638750 0.215000 0.636250 0.218333 0.636250 0.246667 0.618750 0.278333 0.615000 0.295000 0.602500 0.311667 0.602500 0.325000 0.605000 0.336667 0.617500 0.363333 0.631250 0.380000 0.640000 0.398333 0.646250 0.403333 0.652500 0.403333 0.667500 0.393333 0.668750 0.366667 0.663750 0.350000 0.665000 0.326667 0.656250 0.301667 0.657500 0.280000 0.655000 0.266667 0.651250 0.261667 0.642500 0.216667
0 0.570000 0.280000 0.555000 0.278333 0.538750 0.291667 0.530000 0.308333 0.517500 0.390000 0.517500 0.408333 0.523750 0.420000 0.528750 0.421667 0.567500 0.365000 0.578750 0.341667 0.583750 0.320000 0.583750 0.301667 0.578750 0.286667
0 0.360000 0.100000 0.342500 0.110000 0.336250 0.118333 0.328750 0.145000 0.323750 0.153333 0.325000 0.158333 0.318750 0.166667 0.315000 0.221667 0.321250 0.245000 0.320000 0.253333 0.326250 0.263333 0.345000 0.271667 0.356250 0.271667 0.360000 0.268333 0.365000 0.253333 0.365000 0.221667 0.355000 0.206667 0.352500 0.195000 0.361250 0.166667 0.381250 0.126667 0.380000 0.111667 0.373750 0.101667
2 0.512500 0.461667 0.483750 0.460000 0.462500 0.463333 0.435000 0.483333 0.415000 0.473333 0.402500 0.486667 0.391250 0.490000 0.377500 0.501667 0.361250 0.506667 0.327500 0.551667 0.326250 0.560000 0.311250 0.590000 0.305000 0.616667 0.300000 0.656667 0.306250 0.691667 0.306250 0.723333 0.312500 0.748333 0.317500 0.753333 0.318750 0.761667 0.345000 0.810000 0.365000 0.833333 0.367500 0.841667 0.380000 0.858333 0.411250 0.890000 0.433750 0.900000 0.473750 0.903333 0.523750 0.896667 0.568750 0.865000 0.590000 0.840000 0.601250 0.818333 0.613750 0.780000 0.621250 0.745000 0.622500 0.698333 0.625000 0.688333 0.622500 0.615000 0.620000 0.593333 0.611250 0.563333 0.605000 0.558333 0.581250 0.553333 0.567500 0.545000 0.556250 0.518333 0.550000 0.511667 0.538750 0.480000 0.531250 0.470000 0.517500 0.466667
0 0.477500 0.060000 0.443750 0.053333 0.427500 0.073333 0.415000 0.073333 0.413750 0.076667 0.420000 0.078333 0.420000 0.083333 0.406250 0.100000 0.393750 0.108333 0.381250 0.125000 0.371250 0.150000 0.360000 0.168333 0.352500 0.188333 0.352500 0.200000 0.356250 0.211667 0.383750 0.241667 0.391250 0.246667 0.405000 0.246667 0.411250 0.243333 0.428750 0.215000 0.443750 0.201667 0.451250 0.203333 0.455000 0.210000 0.466250 0.206667 0.482500 0.171667 0.498750 0.145000 0.491250 0.120000 0.486250 0.115000
1 0.272500 0.396667 0.250000 0.403333 0.238750 0.420000 0.217500 0.438333 0.211250 0.450000 0.208750 0.466667 0.201250 0.485000 0.198750 0.510000 0.195000 0.520000 0.195000 0.565000 0.205000 0.600000 0.216250 0.623333 0.225000 0.623333 0.232500 0.635000 0.246250 0.638333 0.258750 0.646667 0.276250 0.643333 0.303750 0.601667 0.306250 0.586667 0.313750 0.576667 0.325000 0.536667 0.330000 0.500000 0.326250 0.461667 0.320000 0.451667 0.318750 0.436667 0.315000 0.431667 0.311250 0.411667 0.298750 0.410000 0.291250 0.403333 0.280000 0.403333
