1 0.662500 0.188333 0.658750 0.201667 0.663750 0.215000 0.680000 0.238333 0.692500 0.245000 0.697500 0.241667 0.712500 0.211667 0.712500 0.203333 0.705000 0.181667 0.701250 0.176667 0.692500 0.176667
1 0.466250 0.241667 0.462500 0.240000 0.453750 0.250000 0.455000 0.260000 0.467500 0.253333
1 0.505000 0.633333 0.500000 0.645000 0.498750 0.660000 0.501250 0.670000 0.506250 0.671667 0.513750 0.656667 0.513750 0.643333
0 0.413750 0.305000 0.450000 0.306667 0.460000 0.298333 0.468750 0.281667 0.486250 0.280000 0.505000 0.263333 0.535000 0.250000 0.568750 0.251667 0.608750 0.243333 0.640000 0.250000 0.642500 0.253333 0.650000 0.251667 0.643750 0.250000 0.638750 0.238333 0.616250 0.221667 0.596250 0.215000 0.583750 0.205000 0.550000 0.205000 0.532500 0.198333 0.498750 0.196667 0.482500 0.206667 0.471250 0.208333 0.468750 0.216667 0.458750 0.230000 0.441250 0.241667 0.430000 0.258333 0.415000 0.291667
1 0.508750 0.141667 0.501250 0.148333 0.500000 0.158333 0.513750 0.175000 0.521250 0.165000 0.521250 0.158333
1 0.752500 0.188333 0.742500 0.208333 0.747500 0.220000 0.753750 0.220000 0.757500 0.233333 0.767500 0.241667 0.776250 0.243333 0.783750 0.238333 0.788750 0.230000 0.788750 0.221667 0.767500 0.188333 0.761250 0.185000
1 0.723750 0.136667 0.716250 0.170000 0.716250 0.181667 0.721250 0.196667 0.730000 0.200000 0.738750 0.183333 0.746250 0.158333 0.746250 0.148333 0.731250 0.136667
1 0.675000 0.243333 0.671250 0.251667 0.671250 0.263333 0.686250 0.283333 0.700000 0.280000 0.706250 0.286667 0.707500 0.295000 0.712500 0.296667 0.715000 0.281667 0.708750 0.268333 0.690000 0.246667
1 0.700000 0.245000 0.702500 0.256667 0.726250 0.265000 0.741250 0.266667 0.747500 0.256667 0.746250 0.250000 0.733750 0.235000 0.717500 0.223333 0.710000 0.223333
1 0.558750 0.123333 0.558750 0.131667 0.565000 0.140000 0.585000 0.136667 0.576250 0.120000
1 0.486250 0.111667 0.481250 0.116667 0.481250 0.126667 0.485000 0.141667 0.493750 0.146667 0.496250 0.143333 0.495000 0.131667 0.498750 0.125000 0.498750 0.116667 0.495000 0.111667
0 0.405000 0.645000 0.411250 0.670000 0.420000 0.686667 0.443750 0.705000 0.455000 0.718333 0.480000 0.735000 0.530000 0.741667 0.541250 0.750000 0.570000 0.751667 0.580000 0.745000 0.592500 0.743333 0.613750 0.730000 0.612500 0.723333 0.598750 0.706667 0.592500 0.691667 0.580000 0.695000 0.568750 0.703333 0.556250 0.703333 0.548750 0.700000 0.540000 0.686667 0.520000 0.666667 0.516250 0.670000 0.512500 0.688333 0.506250 0.698333 0.487500 0.698333 0.468750 0.681667 0.458750 0.658333 0.437500 0.658333 0.421250 0.640000 0.407500 0.641667
1 0.861250 0.386667 0.856250 0.400000 0.858750 0.406667 0.866250 0.408333 0.870000 0.403333 0.870000 0.390000
1 0.837500 0.356667 0.832500 0.376667 0.837500 0.385000 0.842500 0.385000 0.851250 0.376667 0.851250 0.368333 0.842500 0.356667
1 0.767500 0.280000 0.753750 0.286667 0.747500 0.283333 0.741250 0.285000 0.733750 0.298333 0.736250 0.336667 0.750000 0.353333 0.768750 0.346667 0.776250 0.331667 0.776250 0.303333 0.772500 0.286667
1 0.343750 0.260000 0.338750 0.260000 0.333750 0.266667 0.333750 0.285000 0.343750 0.278333 0.346250 0.271667
1 0.611250 0.208333 0.610000 0.215000 0.617500 0.221667 0.623750 0.220000 0.622500 0.205000 0.617500 0.203333
1 0.467500 0.206667 0.462500 0.206667 0.455000 0.213333 0.455000 0.233333 0.465000 0.233333 0.470000 0.220000
1 0.498750 0.196667 0.486250 0.203333 0.485000 0.216667 0.488750 0.223333 0.498750 0.223333 0.503750 0.218333 0.503750 0.205000
1 0.648750 0.611667 0.642500 0.613333 0.635000 0.626667 0.642500 0.650000 0.635000 0.693333 0.637500 0.701667 0.650000 0.693333 0.660000 0.695000 0.665000 0.688333 0.661250 0.651667 0.666250 0.635000
1 0.841250 0.608333 0.831250 0.631667 0.831250 0.643333 0.845000 0.651667 0.852500 0.636667 0.855000 0.618333 0.848750 0.610000
1 0.495000 0.415000 0.486250 0.415000 0.480000 0.431667 0.468750 0.430000 0.457500 0.435000 0.457500 0.478333 0.460000 0.481667 0.471250 0.480000 0.495000 0.458333 0.498750 0.446667
0 0.657500 0.263333 0.651250 0.260000 0.646250 0.261667 0.643750 0.256667 0.612500 0.245000 0.602500 0.245000 0.600000 0.248333 0.587500 0.245000 0.571250 0.253333 0.531250 0.253333 0.516250 0.261667 0.508750 0.261667 0.502500 0.270000 0.495000 0.271667 0.490000 0.278333 0.477500 0.285000 0.466250 0.286667 0.452500 0.305000 0.420000 0.310000 0.400000 0.306667 0.386250 0.311667 0.358750 0.333333 0.352500 0.341667 0.352500 0.358333 0.357500 0.365000 0.363750 0.365000 0.367500 0.370000 0.367500 0.378333 0.343750 0.410000 0.323750 0.511667 0.323750 0.563333 0.326250 0.576667 0.345000 0.611667 0.357500 0.616667 0.357500 0.638333 0.366250 0.646667 0.415000 0.640000 0.415000 0.648333 0.420000 0.645000 0.428750 0.651667 0.430000 0.663333 0.433750 0.663333 0.435000 0.658333 0.437500 0.660000 0.438750 0.666667 0.435000 0.671667 0.431250 0.668333 0.435000 0.673333 0.430000 0.676667 0.431250 0.680000 0.435000 0.675000 0.438750 0.680000 0.442500 0.675000 0.448750 0.680000 0.458750 0.668333 0.461250 0.688333 0.473750 0.688333 0.476250 0.695000 0.485000 0.696667 0.482500 0.700000 0.477500 0.698333 0.477500 0.703333 0.503750 0.703333 0.508750 0.706667 0.508750 0.711667 0.512500 0.705000 0.518750 0.703333 0.520000 0.706667 0.516250 0.710000 0.518750 0.711667 0.521250 0.706667 0.522500 0.711667 0.516250 0.715000 0.517500 0.718333 0.521250 0.715000 0.523750 0.720000 0.533750 0.718333 0.536250 0.721667 0.531250 0.723333 0.528750 0.733333 0.526250 0.730000 0.521250 0.735000 0.508750 0.731667 0.503750 0.736667 0.563750 0.741667 0.565000 0.733333 0.573750 0.735000 0.582500 0.721667 0.586250 0.726667 0.593750 0.720000 0.597500 0.720000 0.601250 0.726667 0.605000 0.726667 0.606250 0.721667 0.610000 0.726667 0.618750 0.725000 0.633750 0.706667 0.638750 0.693333 0.643750 0.700000 0.645000 0.693333 0.641250 0.690000 0.642500 0.685000 0.640000 0.681667 0.640000 0.635000 0.635000 0.628333 0.640000 0.623333 0.643750 0.610000 0.653750 0.613333 0.657500 0.623333 0.663750 0.628333 0.665000 0.686667 0.671250 0.690000 0.672500 0.685000 0.678750 0.683333 0.686250 0.675000 0.685000 0.668333 0.691250 0.663333 0.690000 0.658333 0.697500 0.643333 0.728750 0.601667 0.742500 0.595000 0.758750 0.596667 0.771250 0.586667 0.786250 0.583333 0.787500 0.575000 0.802500 0.561667 0.806250 0.536667 0.803750 0.525000 0.788750 0.508333 0.782500 0.485000 0.771250 0.463333 0.757500 0.376667 0.748750 0.363333 0.748750 0.358333 0.721250 0.321667 0.702500 0.303333 0.698750 0.293333 0.688750 0.291667 0.685000 0.295000 0.677500 0.290000
