0 0.223827 0.335102 0.223827 0.342175 0.227437 0.348364 0.255415 0.377542 0.284296 0.389920 0.295126 0.389920 0.296931 0.388152 0.297834 0.359859 0.278881 0.340407 0.260830 0.333333 0.226534 0.333333
1 0.280686 0.479222 0.274368 0.481874 0.267148 0.492485 0.262635 0.503979 0.260830 0.523431 0.263538 0.529620 0.272563 0.531388 0.277978 0.526967 0.287004 0.506631 0.288809 0.489832 0.286101 0.482759
1 0.095668 0.312997 0.091155 0.319187 0.090253 0.324492 0.093863 0.333333 0.102888 0.343059 0.106498 0.352785 0.112816 0.356322 0.123646 0.356322 0.129964 0.359859 0.134477 0.358974 0.130866 0.328912 0.118231 0.311229 0.113718 0.308576 0.105596 0.308576
1 0.157040 0.297082 0.149819 0.297082 0.146209 0.300619 0.139892 0.320955 0.140794 0.332449 0.149819 0.335986 0.156137 0.333333 0.162455 0.312997 0.162455 0.303271
1 0.264440 0.375774 0.264440 0.378426 0.268051 0.381963 0.284296 0.389920 0.292419 0.390805 0.296029 0.389920 0.298736 0.386384 0.296931 0.375774 0.285199 0.367816 0.275271 0.367816
1 0.117329 0.411141 0.116426 0.419098 0.120939 0.427940 0.126354 0.433245 0.137184 0.437666 0.145307 0.445623 0.157040 0.470380 0.166065 0.480990 0.174188 0.480990 0.190433 0.471264 0.214801 0.469496 0.220217 0.465959 0.222022 0.457118 0.217509 0.448276 0.211191 0.445623 0.191336 0.429708 0.175993 0.414677 0.170578 0.405836 0.158845 0.396110 0.153430 0.393457 0.144404 0.393457
1 0.429603 0.100796 0.417870 0.101680 0.406137 0.106985 0.398917 0.114943 0.397112 0.121132 0.398014 0.143236 0.407040 0.183024 0.410650 0.236958 0.412455 0.244916 0.418773 0.249337 0.426895 0.248453 0.443141 0.241379 0.452166 0.234306 0.457581 0.226348 0.472022 0.224580 0.475632 0.220159 0.472924 0.192750 0.456679 0.129973 0.444043 0.109637 0.436823 0.103448
1 0.750000 0.108753 0.740072 0.107869 0.729242 0.110522 0.696751 0.124668 0.657040 0.163572 0.656137 0.169761 0.664260 0.175066 0.675993 0.176835 0.700361 0.185676 0.731949 0.205128 0.748195 0.204244 0.764440 0.198055 0.765343 0.190981 0.741877 0.123784 0.742780 0.115827 0.749097 0.114058 0.750903 0.112290
1 0.581227 0.061892 0.573105 0.061892 0.568592 0.065429 0.564982 0.063660 0.556859 0.064545 0.545126 0.076923 0.530686 0.079576 0.519856 0.089302 0.501805 0.095491 0.490072 0.107869 0.462094 0.122016 0.458484 0.127321 0.458484 0.136163 0.465704 0.161804 0.468412 0.180371 0.472924 0.189213 0.479242 0.190097 0.494585 0.183908 0.508123 0.182140 0.531588 0.171530 0.579422 0.125553 0.583032 0.119363 0.581227 0.112290 0.582130 0.106101 0.589350 0.088417
0 0.531588 0.486295 0.532491 0.497790 0.542419 0.514589 0.562274 0.539346 0.581227 0.570292 0.603791 0.595049 0.607401 0.595049 0.623646 0.586207 0.645307 0.567639 0.662455 0.561450 0.685018 0.546419 0.709386 0.524315 0.722022 0.516357 0.728339 0.502210 0.726534 0.495137 0.722022 0.491600 0.660650 0.483643 0.645307 0.484527 0.601986 0.479222 0.539711 0.481874
2 0.814079 0.629531 0.811372 0.640141 0.805054 0.646331 0.806859 0.670203 0.811372 0.675508 0.813177 0.686118 0.818592 0.687003 0.833032 0.682582 0.848375 0.692308 0.860108 0.702918 0.870036 0.702918 0.871841 0.693192 0.870036 0.672856 0.861913 0.670203 0.844765 0.653404 0.842058 0.642794 0.832130 0.636605 0.825812 0.628647 0.817690 0.627763
0 0.850181 0.500442 0.838448 0.499558 0.832130 0.504863 0.831227 0.513705 0.833935 0.517241 0.834838 0.531388 0.824007 0.541998 0.817690 0.543767 0.805957 0.539346 0.802347 0.535809 0.788809 0.533156 0.783394 0.529620 0.774368 0.529620 0.771661 0.532272 0.765343 0.528736 0.753610 0.526967 0.752708 0.525199 0.742780 0.524315 0.740072 0.526083 0.727437 0.522546 0.712996 0.526083 0.700361 0.543767 0.700361 0.549072 0.695848 0.556145 0.692238 0.558798 0.690433 0.555261 0.688628 0.556145 0.691336 0.561450 0.710289 0.561450 0.712094 0.555261 0.716606 0.552608 0.720217 0.534041 0.722022 0.532272 0.731949 0.533156 0.736462 0.545535 0.740975 0.549072 0.731047 0.568523 0.730144 0.577365 0.740975 0.587975 0.741877 0.592396 0.726534 0.611848 0.723827 0.629531 0.725632 0.633952 0.738267 0.646331 0.742780 0.669319 0.749097 0.672856 0.755415 0.679929 0.758123 0.687003 0.762635 0.690539 0.768051 0.705570 0.793321 0.702034 0.805054 0.695844 0.809567 0.690539 0.811372 0.684350 0.806859 0.668435 0.805054 0.648983 0.808664 0.639257 0.814079 0.630416 0.818592 0.626879 0.823105 0.626879 0.833032 0.631300 0.847473 0.650752 0.852888 0.662246 0.861913 0.669319 0.869134 0.667551 0.876354 0.645447 0.885379 0.633068 0.886282 0.622458 0.883574 0.613616 0.881769 0.589744 0.878159 0.583554 0.873646 0.558798 0.865523 0.541114 0.864621 0.531388 0.858303 0.510168
2 0.572202 0.560566 0.565884 0.561450 0.563177 0.568523 0.562274 0.608311 0.563177 0.623342 0.565884 0.625111 0.569495 0.625111 0.576715 0.614500 0.579422 0.595933 0.589350 0.592396 0.592058 0.588859 0.591155 0.583554 0.583935 0.577365 0.579422 0.576481 0.577617 0.565871
0 0.834838 0.684350 0.828520 0.684350 0.813177 0.690539 0.805054 0.699381 0.794224 0.704686 0.782491 0.707339 0.778881 0.712644 0.775271 0.713528 0.768953 0.719717 0.768953 0.724138 0.773466 0.729443 0.776173 0.737401 0.776173 0.743590 0.763538 0.761273 0.751805 0.773652 0.749097 0.779841 0.749097 0.788683 0.763538 0.812555 0.777076 0.831123 0.782491 0.835544 0.787906 0.835544 0.799639 0.830239 0.826715 0.805482 0.861011 0.786030 0.868231 0.778957 0.877256 0.764810 0.879964 0.756852 0.879964 0.742706 0.872744 0.716180 0.852888 0.700265 0.846570 0.692308
2 0.721119 0.517241 0.721119 0.519010 0.723827 0.518126 0.736462 0.523431 0.759025 0.522546 0.778881 0.526083 0.814079 0.540230 0.828520 0.538462 0.832130 0.533156 0.833032 0.526967 0.832130 0.518126 0.828520 0.511052 0.814982 0.503095 0.809567 0.496905 0.796029 0.491600 0.771661 0.491600 0.764440 0.486295 0.759928 0.487179 0.757220 0.485411 0.750000 0.487179 0.751805 0.495137 0.759025 0.501326 0.758123 0.509284 0.754513 0.513705 0.745487 0.516357 0.736462 0.511936 0.732852 0.507515 0.729242 0.507515
2 0.515343 0.505747 0.508123 0.505747 0.490072 0.512821 0.482852 0.513705 0.475632 0.530504 0.470217 0.535809 0.466606 0.533156 0.458484 0.519894 0.453971 0.520778 0.445848 0.528736 0.443141 0.534041 0.443141 0.541114 0.435921 0.569408 0.425993 0.593280 0.425993 0.606543 0.416065 0.625995 0.415162 0.657825 0.411552 0.666667 0.407942 0.694076 0.407942 0.723254 0.410650 0.749779 0.415162 0.766578 0.420578 0.767462 0.424188 0.763042 0.444043 0.774536 0.449458 0.779841 0.460289 0.779841 0.470217 0.784262 0.481949 0.783378 0.487365 0.778073 0.500000 0.780725 0.517148 0.771883 0.524368 0.770999 0.521661 0.757737 0.527076 0.732980 0.527076 0.648983 0.530686 0.633068 0.532491 0.607427 0.528881 0.595933 0.522563 0.589744 0.510830 0.583554 0.504513 0.574713 0.505415 0.564103 0.519856 0.549956 0.523466 0.540230 0.521661 0.515473 0.518051 0.507515
0 0.774368 0.734748 0.761733 0.715296 0.762635 0.703802 0.758123 0.690539 0.753610 0.685234 0.750903 0.676393 0.740975 0.664014 0.740072 0.649867 0.737365 0.642794 0.729242 0.635721 0.721119 0.633952 0.711191 0.641910 0.709386 0.651636 0.704874 0.658709 0.702166 0.669319 0.688628 0.690539 0.685921 0.704686 0.679603 0.717949 0.676895 0.729443 0.672383 0.729443 0.663357 0.724138 0.657040 0.724138 0.635379 0.732095 0.626354 0.724138 0.619134 0.724138 0.607401 0.729443 0.602888 0.729443 0.592960 0.724138 0.587545 0.724138 0.577617 0.727675 0.555054 0.743590 0.554152 0.751547 0.555957 0.756852 0.571300 0.770115 0.577617 0.771883 0.580325 0.777188 0.590253 0.779841 0.589350 0.772767 0.591155 0.770999 0.593863 0.774536 0.593863 0.779841 0.599278 0.779841 0.607401 0.784262 0.609206 0.794872 0.620939 0.803714 0.631769 0.804598 0.647112 0.799293 0.653430 0.790451 0.669675 0.786030 0.676895 0.787798 0.687726 0.793988 0.705776 0.795756 0.728339 0.786914 0.741877 0.785146 0.749097 0.778073 0.766245 0.753316 0.772563 0.748011
1 0.629964 0.502210 0.624549 0.509284 0.625451 0.519010 0.641697 0.535809 0.651625 0.538462 0.668773 0.523431 0.670578 0.519894 0.669675 0.514589 0.655235 0.504863 0.642599 0.500442
2 0.574910 0.782493 0.577617 0.786914 0.576715 0.791335 0.580325 0.801945 0.587545 0.809019 0.597473 0.807250 0.605596 0.811671 0.611011 0.819629 0.615523 0.818744 0.621841 0.822281 0.627256 0.821397 0.638087 0.824050 0.658845 0.823165 0.665162 0.825818 0.696751 0.826702 0.723827 0.813439 0.727437 0.809019 0.735560 0.806366 0.743682 0.799293 0.742780 0.792219 0.740072 0.789567 0.727437 0.787798 0.720217 0.789567 0.716606 0.793103 0.709386 0.795756 0.688628 0.795756 0.685921 0.798408 0.686823 0.810787 0.683213 0.813439 0.672383 0.815208 0.669675 0.818744 0.659747 0.818744 0.654332 0.813439 0.620036 0.811671 0.611011 0.814324 0.607401 0.811671 0.608303 0.803714 0.601083 0.798408 0.595668 0.798408 0.592960 0.794872 0.592960 0.790451 0.586643 0.786914 0.584838 0.783378
2 0.560469 0.694960 0.556859 0.727675 0.558664 0.732980 0.561372 0.733864 0.575812 0.727675 0.578520 0.724138 0.579422 0.716180 0.576715 0.709107 0.568592 0.702918 0.564079 0.702034
1 0.698556 0.099912 0.691336 0.098143 0.683213 0.092838 0.666065 0.095491 0.649819 0.095491 0.638087 0.102564 0.610108 0.110522 0.597473 0.121132 0.580325 0.126437 0.557762 0.148541 0.546029 0.157383 0.541516 0.167109 0.568592 0.167109 0.619134 0.180371 0.631769 0.179487 0.653430 0.166225 0.681408 0.139699 0.689531 0.128205 0.694946 0.124668 0.697653 0.119363
1 0.731047 0.556145 0.721119 0.557029 0.708484 0.568523 0.703069 0.569408 0.693141 0.576481 0.680505 0.577365 0.659747 0.569408 0.647112 0.569408 0.641697 0.571176 0.623646 0.587975 0.605596 0.596817 0.595668 0.592396 0.589350 0.594164 0.579422 0.605659 0.578520 0.611848 0.570397 0.628647 0.561372 0.634836 0.555957 0.645447 0.553249 0.648099 0.540614 0.647215 0.538809 0.649867 0.542419 0.666667 0.550542 0.677277 0.562274 0.680813 0.570397 0.703802 0.583032 0.712644 0.587545 0.718833 0.601986 0.726790 0.614621 0.725022 0.625451 0.718833 0.637184 0.719717 0.644404 0.726790 0.653430 0.725906 0.657942 0.723254 0.674188 0.726790 0.678700 0.720601 0.689531 0.686118 0.705776 0.656057 0.711191 0.637489 0.718412 0.632184 0.725632 0.611848 0.736462 0.597701 0.735560 0.586207 0.727437 0.577365
