1 0.451961 0.265686 0.442157 0.261765 0.423529 0.264706 0.418627 0.259804 0.418627 0.255882 0.414706 0.250980 0.407843 0.251961 0.392157 0.266667 0.391176 0.284314 0.388235 0.293137 0.383333 0.296078 0.381373 0.301961 0.372549 0.309804 0.360784 0.303922 0.356863 0.289216 0.350000 0.285294 0.345098 0.286275 0.344118 0.295098 0.347059 0.299020 0.349020 0.310784 0.354902 0.314706 0.352941 0.316667 0.352941 0.327451 0.357843 0.332353 0.355882 0.337255 0.345098 0.349020 0.344118 0.357843 0.357843 0.375490 0.358824 0.382353 0.349020 0.389216 0.337255 0.392157 0.332353 0.397059 0.329412 0.396078 0.319608 0.377451 0.314706 0.375490 0.310784 0.368627 0.296078 0.356863 0.295098 0.351961 0.288235 0.344118 0.282353 0.342157 0.280392 0.328431 0.275490 0.326471 0.264706 0.313725 0.248039 0.312745 0.236275 0.321569 0.236275 0.328431 0.250980 0.346078 0.251961 0.350980 0.263725 0.360784 0.266667 0.368627 0.266667 0.373529 0.259804 0.388235 0.260784 0.404902 0.264706 0.412745 0.264706 0.435294 0.250980 0.443137 0.248039 0.452941 0.248039 0.481373 0.251961 0.488235 0.268627 0.493137 0.281373 0.491176 0.295098 0.492157 0.318627 0.500980 0.344118 0.515686 0.365686 0.517647 0.384314 0.513725 0.407843 0.500000 0.436275 0.500980 0.448039 0.488235 0.455882 0.485294 0.516667 0.479412 0.525490 0.476471 0.531373 0.471569 0.533333 0.462745 0.527451 0.454902 0.512745 0.451961 0.498039 0.445098 0.498039 0.438235 0.494118 0.426471 0.483333 0.415686 0.470588 0.417647 0.462745 0.422549 0.460784 0.430392 0.457843 0.433333 0.450980 0.434314 0.446078 0.432353 0.441176 0.424510 0.446078 0.408824 0.450980 0.403922 0.453922 0.375490 0.457843 0.373529 0.470588 0.375490 0.482353 0.373529 0.487255 0.357843 0.485294 0.336275 0.474510 0.313725 0.466667 0.305882 0.453922 0.302941 0.450000 0.300000 0.454902 0.284314 0.459804 0.280392 0.456863 0.270588
1 0.275490 0.194118 0.271569 0.193137 0.268627 0.196078 0.270588 0.220588 0.267647 0.223529 0.262745 0.222549 0.250980 0.238235 0.247059 0.248039 0.234314 0.251961 0.230392 0.256863 0.228431 0.267647 0.230392 0.275490 0.235294 0.281373 0.255882 0.278431 0.278431 0.267647 0.285294 0.251961 0.296078 0.246078 0.300000 0.240196 0.298039 0.221569 0.294118 0.211765
1 0.372549 0.134314 0.371569 0.141176 0.375490 0.150980 0.379412 0.154902 0.399020 0.165686 0.408824 0.178431 0.418627 0.181373 0.439216 0.201961 0.446078 0.204902 0.448039 0.223529 0.446078 0.246078 0.448039 0.253922 0.451961 0.256863 0.466667 0.260784 0.475490 0.270588 0.497059 0.264706 0.506863 0.251961 0.511765 0.233333 0.512745 0.219608 0.507843 0.212745 0.509804 0.195098 0.507843 0.180392 0.498039 0.172549 0.479412 0.165686 0.469608 0.164706 0.459804 0.166667 0.453922 0.153922 0.450000 0.138235 0.442157 0.128431 0.434314 0.126471 0.415686 0.129412 0.411765 0.132353 0.382353 0.132353
1 0.419608 0.500000 0.407843 0.500000 0.400000 0.503922 0.374510 0.525490 0.362745 0.543137 0.357843 0.570588 0.356863 0.591176 0.360784 0.600980 0.376471 0.613725 0.382353 0.610784 0.383333 0.586275 0.388235 0.567647 0.401961 0.552941 0.404902 0.551961 0.413725 0.558824 0.414706 0.565686 0.431373 0.580392 0.434314 0.579412 0.436275 0.571569 0.433333 0.567647 0.432353 0.559804 0.426471 0.560784 0.427451 0.556863 0.424510 0.550000 0.421569 0.550980 0.419608 0.555882 0.414706 0.556863 0.416667 0.550000 0.423529 0.548039 0.425490 0.542157 0.432353 0.536275 0.436275 0.525490 0.434314 0.512745 0.428431 0.504902
1 0.545098 0.537255 0.533333 0.539216 0.524510 0.555882 0.522549 0.564706 0.522549 0.596078 0.514706 0.616667 0.515686 0.623529 0.548039 0.656863 0.555882 0.661765 0.550980 0.666667 0.525490 0.680392 0.520588 0.687255 0.523529 0.702941 0.532353 0.714706 0.539216 0.714706 0.566667 0.700000 0.573529 0.690196 0.575490 0.677451 0.590196 0.676471 0.597059 0.672549 0.613725 0.654902 0.622549 0.637255 0.621569 0.626471 0.611765 0.616667 0.603922 0.617647 0.594118 0.627451 0.592157 0.633333 0.584314 0.638235 0.577451 0.636275 0.570588 0.630392 0.561765 0.613725 0.558824 0.602941 0.553922 0.546078 0.550980 0.540196
1 0.641176 0.721569 0.630392 0.712745 0.609804 0.712745 0.600000 0.717647 0.594118 0.725490 0.587255 0.750000 0.589216 0.761765 0.591176 0.763725 0.601961 0.763725 0.628431 0.755882 0.643137 0.741176 0.644118 0.728431
1 0.591176 0.148039 0.578431 0.144118 0.563725 0.146078 0.556863 0.153922 0.546078 0.178431 0.520588 0.196078 0.519608 0.202941 0.531373 0.219608 0.538235 0.220588 0.562745 0.216667 0.576471 0.206863 0.593137 0.189216 0.595098 0.156863 0.594118 0.150980
1 0.628431 0.134314 0.623529 0.138235 0.622549 0.154902 0.630392 0.163725 0.634314 0.177451 0.642157 0.193137 0.647059 0.198039 0.653922 0.199020 0.658824 0.189216 0.659804 0.179412 0.666667 0.157843 0.660784 0.150980 0.649020 0.145098 0.642157 0.138235
1 0.726471 0.200980 0.719608 0.210784 0.719608 0.247059 0.727451 0.254902 0.744118 0.256863 0.748039 0.252941 0.748039 0.212745 0.740196 0.204902
1 0.853922 0.453922 0.836275 0.455882 0.798039 0.471569 0.782353 0.481373 0.767647 0.496078 0.750980 0.517647 0.747059 0.528431 0.742157 0.533333 0.727451 0.568627 0.720588 0.602941 0.718627 0.651961 0.727451 0.693137 0.738235 0.718627 0.750000 0.740196 0.774510 0.765686 0.790196 0.777451 0.813725 0.787255 0.834314 0.785294 0.861765 0.773529 0.866667 0.768627 0.877451 0.717647 0.879412 0.698039 0.899020 0.656863 0.913725 0.613725 0.920588 0.584314 0.920588 0.567647 0.914706 0.551961 0.863725 0.462745
2 0.319608 0.260784 0.307843 0.255882 0.292157 0.254902 0.280392 0.264706 0.271569 0.276471 0.238235 0.282353 0.227451 0.278431 0.214706 0.288235 0.188235 0.293137 0.174510 0.298039 0.163725 0.311765 0.154902 0.339216 0.150980 0.345098 0.152941 0.372549 0.126471 0.390196 0.124510 0.398039 0.124510 0.421569 0.128431 0.433333 0.132353 0.437255 0.137255 0.438235 0.144118 0.450000 0.151961 0.455882 0.161765 0.475490 0.170588 0.483333 0.181373 0.488235 0.187255 0.495098 0.201961 0.496078 0.208824 0.494118 0.220588 0.500000 0.241176 0.500000 0.247059 0.494118 0.247059 0.485294 0.243137 0.481373 0.245098 0.457843 0.250980 0.441176 0.263725 0.435294 0.262745 0.417647 0.259804 0.406863 0.259804 0.385294 0.265686 0.375490 0.264706 0.360784 0.252941 0.352941 0.250000 0.342157 0.242157 0.336275 0.237255 0.328431 0.236275 0.322549 0.242157 0.314706 0.257843 0.312745 0.270588 0.317647 0.274510 0.325490 0.280392 0.330392 0.281373 0.342157 0.286275 0.343137 0.291176 0.348039 0.294118 0.356863 0.301961 0.359804 0.314706 0.374510 0.324510 0.376471 0.329412 0.381373 0.333333 0.381373 0.341176 0.373529 0.344118 0.366667 0.342157 0.350000 0.352941 0.341176 0.353922 0.329412 0.348039 0.319608 0.343137 0.300000 0.336275 0.291176 0.327451 0.268627
2 0.110784 0.568627 0.090196 0.648039 0.090196 0.665686 0.095098 0.677451 0.111765 0.700000 0.122549 0.710784 0.152941 0.728431 0.156863 0.741176 0.163725 0.752941 0.172549 0.781373 0.187255 0.807843 0.188235 0.814706 0.196078 0.829412 0.211765 0.839216 0.228431 0.842157 0.250980 0.850980 0.268627 0.854902 0.294118 0.855882 0.309804 0.852941 0.311765 0.850000 0.310784 0.846078 0.290196 0.825490 0.290196 0.822549 0.275490 0.819608 0.262745 0.810784 0.252941 0.800000 0.248039 0.806863 0.242157 0.794118 0.235294 0.786275 0.240196 0.783333 0.244118 0.784314 0.244118 0.782353 0.232353 0.783333 0.223529 0.772549 0.220588 0.764706 0.219608 0.740196 0.216667 0.737255 0.212745 0.723529 0.213725 0.718627 0.217647 0.715686 0.213725 0.715686 0.211765 0.712745 0.212745 0.709804 0.216667 0.709804 0.217647 0.700980 0.209804 0.708824 0.207843 0.705882 0.208824 0.700980 0.204902 0.693137 0.205882 0.689216 0.201961 0.691176 0.200000 0.689216 0.200980 0.685294 0.190196 0.675490 0.187255 0.665686 0.192157 0.657843 0.179412 0.650000 0.177451 0.642157 0.180392 0.638235 0.177451 0.635294 0.176471 0.626471 0.169608 0.610784 0.153922 0.591176 0.135294 0.582353 0.123529 0.570588 0.116667 0.567647
2 0.157843 0.588235 0.157843 0.594118 0.186275 0.634314 0.196078 0.653922 0.201961 0.658824 0.219608 0.687255 0.227451 0.694118 0.239216 0.696078 0.250000 0.708824 0.251961 0.715686 0.264706 0.717647 0.268627 0.712745 0.277451 0.712745 0.281373 0.718627 0.289216 0.721569 0.297059 0.734314 0.309804 0.733333 0.317647 0.727451 0.344118 0.717647 0.350000 0.702941 0.351961 0.691176 0.357843 0.687255 0.355882 0.673529 0.346078 0.658824 0.333333 0.645098 0.296078 0.568627 0.266667 0.536275 0.258824 0.532353 0.251961 0.532353 0.248039 0.536275 0.226471 0.547059 0.216667 0.555882 0.173529 0.577451
2 0.207843 0.686275 0.205882 0.693137 0.207843 0.701961 0.211765 0.705882 0.211765 0.716667 0.217647 0.719608 0.219608 0.749020 0.232353 0.779412 0.250000 0.797059 0.262745 0.803922 0.266667 0.810784 0.344118 0.860784 0.366667 0.889216 0.392157 0.916667 0.431373 0.950980 0.463725 0.975490 0.469608 0.978431 0.476471 0.978431 0.483333 0.969608 0.488235 0.956863 0.501961 0.935294 0.505882 0.932353 0.514706 0.932353 0.523529 0.928431 0.526471 0.916667 0.527451 0.890196 0.524510 0.875490 0.524510 0.855882 0.522549 0.852941 0.515686 0.852941 0.497059 0.862745 0.467647 0.863725 0.448039 0.857843 0.437255 0.857843 0.427451 0.860784 0.406863 0.860784 0.393137 0.856863 0.383333 0.847059 0.374510 0.820588 0.343137 0.797059 0.326471 0.787255 0.322549 0.781373 0.315686 0.777451 0.314706 0.771569 0.315686 0.767647 0.319608 0.764706 0.318627 0.759804 0.326471 0.750980 0.340196 0.748039 0.340196 0.732353 0.338235 0.729412 0.335294 0.730392 0.332353 0.728431 0.334314 0.725490 0.338235 0.726471 0.339216 0.723529 0.329412 0.723529 0.325490 0.730392 0.295098 0.732353 0.288235 0.729412 0.284314 0.723529 0.272549 0.723529 0.264706 0.720588 0.260784 0.716667 0.252941 0.714706 0.247059 0.705882 0.237255 0.702941 0.233333 0.696078 0.228431 0.696078 0.221569 0.700000 0.216667 0.685294 0.211765 0.684314
0 0.118627 0.408824 0.110784 0.409804 0.086275 0.438235 0.063725 0.472549 0.050000 0.501961 0.050980 0.514706 0.058824 0.526471 0.093137 0.557843 0.091176 0.570588 0.076471 0.590196 0.069608 0.595098 0.064706 0.609804 0.066667 0.619608 0.071569 0.627451 0.086275 0.638235 0.090196 0.638235 0.093137 0.635294 0.095098 0.618627 0.102941 0.601961 0.104902 0.584314 0.109804 0.569608 0.112745 0.566667 0.116667 0.566667 0.133333 0.578431 0.153922 0.582353 0.159804 0.576471 0.168627 0.576471 0.170588 0.574510 0.170588 0.564706 0.178431 0.550980 0.186275 0.515686 0.183333 0.502941 0.160784 0.478431 0.148039 0.453922 0.126471 0.433333
0 0.683333 0.543137 0.669608 0.537255 0.654902 0.524510 0.640196 0.515686 0.620588 0.515686 0.614706 0.517647 0.597059 0.512745 0.532353 0.520588 0.516667 0.525490 0.498039 0.536275 0.490196 0.538235 0.476471 0.537255 0.474510 0.541176 0.472549 0.538235 0.465686 0.541176 0.456863 0.538235 0.450980 0.539216 0.444118 0.534314 0.439216 0.536275 0.433333 0.542157 0.430392 0.550000 0.438235 0.557843 0.438235 0.566667 0.441176 0.572549 0.440196 0.600000 0.444118 0.604902 0.444118 0.614706 0.434314 0.621569 0.423529 0.623529 0.413725 0.620588 0.403922 0.621569 0.400000 0.626471 0.391176 0.631373 0.386275 0.650000 0.374510 0.670588 0.368627 0.692157 0.369608 0.698039 0.367647 0.700000 0.370588 0.705882 0.366667 0.708824 0.365686 0.714706 0.362745 0.715686 0.358824 0.710784 0.355882 0.710784 0.351961 0.714706 0.351961 0.718627 0.343137 0.726471 0.322549 0.731373 0.321569 0.733333 0.324510 0.735294 0.323529 0.739216 0.317647 0.735294 0.312745 0.742157 0.302941 0.747059 0.302941 0.750980 0.307843 0.750980 0.309804 0.753922 0.305882 0.754902 0.305882 0.756863 0.310784 0.753922 0.316667 0.760784 0.313725 0.763725 0.317647 0.764706 0.317647 0.768627 0.320588 0.769608 0.326471 0.778431 0.330392 0.774510 0.332353 0.776471 0.331373 0.779412 0.339216 0.783333 0.337255 0.787255 0.341176 0.786275 0.352941 0.790196 0.352941 0.792157 0.350000 0.792157 0.350000 0.796078 0.356863 0.802941 0.364706 0.806863 0.370588 0.806863 0.367647 0.810784 0.372549 0.810784 0.376471 0.813725 0.377451 0.827451 0.385294 0.849020 0.392157 0.855882 0.407843 0.859804 0.425490 0.859804 0.439216 0.852941 0.446078 0.852941 0.457843 0.858824 0.478431 0.861765 0.496078 0.860784 0.505882 0.856863 0.511765 0.851961 0.537255 0.843137 0.566667 0.828431 0.582353 0.803922 0.589216 0.787255 0.588235 0.784314 0.592157 0.779412 0.596078 0.783333 0.596078 0.788235 0.599020 0.786275 0.601961 0.789216 0.609804 0.791176 0.613725 0.800980 0.624510 0.810784 0.643137 0.810784 0.651961 0.804902 0.656863 0.797059 0.663725 0.793137 0.678431 0.778431 0.680392 0.766667 0.683333 0.763725 0.682353 0.759804 0.689216 0.750980 0.696078 0.748039 0.698039 0.743137 0.705882 0.742157 0.708824 0.739216 0.712745 0.728431 0.726471 0.710784 0.726471 0.700980 0.720588 0.682353 0.712745 0.632353 0.715686 0.615686 0.714706 0.600980 0.692157 0.554902
0 0.455882 0.293137 0.457843 0.299020 0.478431 0.305882 0.487255 0.314706 0.486275 0.326471 0.490196 0.331373 0.492157 0.342157 0.495098 0.346078 0.524510 0.340196 0.562745 0.358824 0.602941 0.367647 0.704902 0.365686 0.723529 0.347059 0.736275 0.338235 0.744118 0.323529 0.752941 0.314706 0.767647 0.307843 0.772549 0.300980 0.768627 0.288235 0.763725 0.282353 0.754902 0.280392 0.751961 0.277451 0.750000 0.266667 0.747059 0.263725 0.726471 0.259804 0.720588 0.255882 0.717647 0.246078 0.716667 0.197059 0.705882 0.184314 0.671569 0.157843 0.665686 0.158824 0.656863 0.171569 0.655882 0.190196 0.651961 0.198039 0.646078 0.198039 0.640196 0.187255 0.632353 0.181373 0.629412 0.170588 0.623529 0.160784 0.602941 0.157843 0.596078 0.165686 0.593137 0.188235 0.583333 0.203922 0.575490 0.206863 0.543137 0.239216 0.531373 0.244118 0.528431 0.249020 0.522549 0.251961 0.512745 0.265686 0.503922 0.267647 0.497059 0.266667 0.464706 0.281373
2 0.657843 0.379412 0.630392 0.376471 0.627451 0.378431 0.622549 0.377451 0.614706 0.383333 0.613725 0.397059 0.615686 0.410784 0.610784 0.421569 0.610784 0.428431 0.615686 0.433333 0.626471 0.435294 0.642157 0.432353 0.656863 0.426471 0.661765 0.408824 0.661765 0.390196
2 0.673529 0.446078 0.666667 0.434314 0.660784 0.429412 0.650000 0.430392 0.638235 0.436275 0.625490 0.438235 0.569608 0.437255 0.540196 0.442157 0.525490 0.450000 0.537255 0.464706 0.532353 0.473529 0.522549 0.481373 0.506863 0.485294 0.497059 0.483333 0.475490 0.485294 0.455882 0.491176 0.451961 0.499020 0.458824 0.509804 0.478431 0.520588 0.485294 0.530392 0.491176 0.532353 0.499020 0.532353 0.512745 0.525490 0.517647 0.518627 0.612745 0.508824 0.627451 0.502941 0.641176 0.500980 0.674510 0.501961 0.678431 0.499020 0.678431 0.481373 0.674510 0.466667
2 0.779412 0.775490 0.771569 0.762745 0.754902 0.750000 0.742157 0.735294 0.733333 0.715686 0.728431 0.715686 0.719608 0.723529 0.704902 0.746078 0.695098 0.752941 0.685294 0.774510 0.672549 0.790196 0.671569 0.794118 0.658824 0.801961 0.652941 0.811765 0.628431 0.812745 0.624510 0.809804 0.623529 0.804902 0.617647 0.803922 0.606863 0.791176 0.592157 0.791176 0.568627 0.828431 0.564706 0.829412 0.560784 0.834314 0.549020 0.838235 0.544118 0.843137 0.532353 0.846078 0.528431 0.857843 0.529412 0.868627 0.537255 0.876471 0.555882 0.887255 0.583333 0.895098 0.599020 0.894118 0.605882 0.890196 0.617647 0.879412 0.620588 0.871569 0.629412 0.862745 0.635294 0.860784 0.642157 0.860784 0.660784 0.873529 0.680392 0.880392 0.689216 0.880392 0.709804 0.873529 0.720588 0.872549 0.740196 0.864706 0.750000 0.856863 0.748039 0.851961 0.744118 0.851961 0.716667 0.867647 0.707843 0.870588 0.693137 0.871569 0.672549 0.862745 0.657843 0.846078 0.676471 0.842157 0.694118 0.815686 0.703922 0.810784 0.709804 0.804902 0.714706 0.805882 0.722549 0.815686 0.728431 0.818627 0.748039 0.823529 0.751961 0.826471 0.764706 0.823529 0.771569 0.809804 0.771569 0.800000
0 0.381373 0.131373 0.383333 0.133333 0.402941 0.135294 0.431373 0.128431 0.447059 0.129412 0.464706 0.112745 0.465686 0.105882 0.459804 0.098039 0.444118 0.088235 0.400000 0.088235 0.392157 0.092157 0.386275 0.101961
0 0.614706 0.407843 0.609804 0.383333 0.604902 0.376471 0.590196 0.372549 0.577451 0.373529 0.564706 0.368627 0.542157 0.354902 0.528431 0.352941 0.519608 0.357843 0.512745 0.365686 0.501961 0.370588 0.497059 0.376471 0.475490 0.386275 0.472549 0.391176 0.471569 0.402941 0.468627 0.405882 0.449020 0.407843 0.443137 0.414706 0.442157 0.424510 0.446078 0.429412 0.451961 0.430392 0.459804 0.426471 0.471569 0.414706 0.485294 0.414706 0.493137 0.421569 0.501961 0.442157 0.511765 0.446078 0.523529 0.446078 0.546078 0.436275 0.561765 0.423529 0.593137 0.425490 0.607843 0.422549 0.612745 0.417647
0 0.243137 0.183333 0.244118 0.191176 0.249020 0.195098 0.265686 0.195098 0.270588 0.192157 0.278431 0.195098 0.299020 0.216667 0.323529 0.231373 0.338235 0.250980 0.353922 0.257843 0.360784 0.255882 0.365686 0.250000 0.368627 0.237255 0.378431 0.225490 0.392157 0.220588 0.417647 0.219608 0.425490 0.216667 0.429412 0.212745 0.428431 0.204902 0.423529 0.200000 0.420588 0.189216 0.410784 0.182353 0.402941 0.172549 0.374510 0.151961 0.366667 0.132353 0.360784 0.126471 0.350000 0.120588 0.331373 0.113725 0.315686 0.112745 0.299020 0.116667 0.296078 0.119608 0.295098 0.130392 0.282353 0.142157 0.272549 0.158824 0.250000 0.171569
2 0.732353 0.348039 0.724510 0.350000 0.717647 0.361765 0.707843 0.371569 0.677451 0.369608 0.665686 0.375490 0.663725 0.384314 0.662745 0.426471 0.667647 0.436275 0.673529 0.442157 0.678431 0.443137 0.686275 0.440196 0.700980 0.446078 0.716667 0.447059 0.726471 0.450980 0.735294 0.450000 0.739216 0.427451 0.739216 0.368627 0.737255 0.354902
2 0.462745 0.117647 0.451961 0.134314 0.452941 0.149020 0.458824 0.163725 0.461765 0.166667 0.469608 0.164706 0.481373 0.165686 0.503922 0.176471 0.513725 0.188235 0.519608 0.190196 0.533333 0.186275 0.544118 0.177451 0.549020 0.165686 0.568627 0.139216 0.568627 0.135294 0.556863 0.115686 0.550000 0.108824 0.536275 0.103922 0.520588 0.102941 0.500980 0.104902 0.494118 0.102941 0.476471 0.108824
1 0.444118 0.634314 0.445098 0.653922 0.459804 0.662745 0.477451 0.668627 0.488235 0.669608 0.497059 0.664706 0.502941 0.655882 0.503922 0.640196 0.498039 0.631373 0.481373 0.629412 0.475490 0.632353 0.465686 0.633333 0.449020 0.629412
2 0.779412 0.331373 0.769608 0.332353 0.763725 0.331373 0.760784 0.328431 0.748039 0.330392 0.739216 0.350980 0.735294 0.352941 0.734314 0.389216 0.736275 0.420588 0.733333 0.450000 0.724510 0.450980 0.719608 0.449020 0.716667 0.450980 0.705882 0.450980 0.694118 0.442157 0.684314 0.440196 0.676471 0.443137 0.674510 0.464706 0.680392 0.498039 0.668627 0.506863 0.653922 0.509804 0.656863 0.521569 0.665686 0.530392 0.673529 0.532353 0.684314 0.539216 0.694118 0.550980 0.716667 0.593137 0.721569 0.586275 0.723529 0.575490 0.733333 0.553922 0.736275 0.542157 0.750980 0.512745 0.758824 0.502941 0.785294 0.477451 0.813725 0.461765 0.837255 0.451961 0.844118 0.446078 0.843137 0.430392 0.831373 0.411765 0.818627 0.385294 0.815686 0.383333 0.806863 0.361765 0.799020 0.352941 0.792157 0.337255 0.783333 0.336275
2 0.194118 0.500000 0.187255 0.515686 0.186275 0.527451 0.180392 0.546078 0.179412 0.570588 0.183333 0.572549 0.193137 0.569608 0.197059 0.565686 0.209804 0.560784 0.229412 0.546078 0.233333 0.546078 0.237255 0.539216 0.249020 0.532353 0.262745 0.534314 0.296078 0.571569 0.329412 0.637255 0.360784 0.680392 0.364706 0.679412 0.372549 0.660784 0.385294 0.644118 0.385294 0.626471 0.396078 0.620588 0.413725 0.600980 0.413725 0.589216 0.409804 0.579412 0.404902 0.576471 0.400000 0.577451 0.398039 0.584314 0.392157 0.586275 0.389216 0.600980 0.384314 0.601961 0.382353 0.610784 0.380392 0.612745 0.378431 0.610784 0.373529 0.611765 0.360784 0.599020 0.356863 0.588235 0.357843 0.571569 0.360784 0.561765 0.360784 0.533333 0.357843 0.534314 0.352941 0.529412 0.343137 0.525490 0.318627 0.503922 0.291176 0.493137 0.280392 0.493137 0.257843 0.499020 0.239216 0.510784 0.233333 0.511765 0.225490 0.504902 0.208824 0.499020
2 0.444118 0.227451 0.436275 0.219608 0.420588 0.219608 0.416667 0.221569 0.385294 0.220588 0.376471 0.223529 0.368627 0.231373 0.358824 0.251961 0.354902 0.253922 0.348039 0.251961 0.345098 0.253922 0.345098 0.263725 0.354902 0.267647 0.355882 0.275490 0.360784 0.281373 0.369608 0.284314 0.380392 0.283333 0.385294 0.277451 0.389216 0.276471 0.389216 0.271569 0.393137 0.263725 0.407843 0.251961 0.419608 0.247059 0.425490 0.250000 0.436275 0.246078 0.445098 0.232353
