0 0.294686 0.306386 0.266908 0.306386 0.264493 0.311821 0.258454 0.315217 0.257246 0.320652 0.242754 0.341712 0.227053 0.345788 0.211353 0.353261 0.216184 0.357337 0.221014 0.358016 0.221014 0.362092 0.228261 0.366168 0.236715 0.366848 0.251208 0.372283 0.263285 0.368886 0.272947 0.369565 0.291063 0.366848 0.306763 0.357337 0.306763 0.352582 0.312802 0.345109 0.327295 0.338995 0.326087 0.330163 0.318841 0.326766 0.318841 0.322690 0.311594 0.314538 0.300725 0.311141
1 0.216184 0.550951 0.216184 0.554348 0.247585 0.557745 0.270531 0.563859 0.282609 0.564538 0.291063 0.568614 0.294686 0.567935 0.306763 0.570652 0.311594 0.574728 0.312802 0.584239 0.310386 0.585598 0.303140 0.580163 0.294686 0.577446 0.286232 0.577446 0.280193 0.572011 0.274155 0.572690 0.271739 0.577446 0.282609 0.583560 0.281401 0.591712 0.283816 0.596467 0.276570 0.607337 0.266908 0.613451 0.264493 0.618886 0.265700 0.624321 0.258454 0.625679 0.258454 0.631793 0.264493 0.632473 0.272947 0.629755 0.277778 0.617527 0.294686 0.605978 0.298309 0.606658 0.295894 0.610054 0.297101 0.616168 0.301932 0.616168 0.306763 0.612772 0.311594 0.612092 0.310386 0.609375 0.301932 0.608016 0.298309 0.605299 0.306763 0.594429 0.318841 0.601223 0.345411 0.622283 0.356280 0.624321 0.362319 0.622962 0.358696 0.618207 0.344203 0.608696 0.329710 0.592391 0.323671 0.566576 0.311594 0.552989 0.305556 0.552989 0.305556 0.560462 0.299517 0.563179 0.292271 0.557745 0.257246 0.548234 0.227053 0.546875
2 0.121981 0.486413 0.118357 0.491168 0.137681 0.501359 0.142512 0.500000 0.154589 0.508832 0.160628 0.510190 0.167874 0.504076 0.166667 0.499321 0.161836 0.500000 0.155797 0.493207 0.143720 0.493207 0.138889 0.487092 0.134058 0.487772 0.130435 0.485734 0.126812 0.487772
1 0.113527 0.521739 0.112319 0.526495 0.130435 0.551630 0.134058 0.553668 0.167874 0.561141 0.177536 0.560462 0.181159 0.557745 0.178744 0.555027 0.157005 0.548234 0.142512 0.545516 0.128019 0.537364 0.124396 0.524457
1 0.351449 0.546875 0.341787 0.540761 0.333333 0.540761 0.324879 0.543478 0.316425 0.549592 0.317633 0.550951 0.336957 0.548913 0.350242 0.550272
1 0.142512 0.461277 0.136473 0.466033 0.138889 0.471467 0.159420 0.479620 0.166667 0.480299 0.169082 0.477582 0.155797 0.461957 0.150966 0.459918
1 0.101449 0.619565 0.095411 0.621603 0.094203 0.631793 0.086957 0.639946 0.086957 0.650815 0.097826 0.671196 0.117150 0.699049 0.158213 0.741168 0.173913 0.752717 0.182367 0.753397 0.195652 0.747962 0.196860 0.740489 0.172705 0.717391 0.163043 0.705163 0.123188 0.670516 0.121981 0.656250 0.112319 0.627038 0.107488 0.620924
1 0.384058 0.536005 0.374396 0.541440 0.367150 0.549592 0.368357 0.556386 0.376812 0.567255 0.382850 0.571332 0.381643 0.575408 0.363527 0.582201 0.349034 0.584239 0.333333 0.592391 0.329710 0.591033 0.327295 0.600543 0.328502 0.602582 0.335749 0.602582 0.334541 0.611413 0.341787 0.616168 0.347826 0.616168 0.349034 0.612092 0.352657 0.615489 0.357488 0.614130 0.385266 0.621603 0.396135 0.621603 0.409420 0.616168 0.417874 0.608696 0.420290 0.592391 0.408213 0.572690 0.410628 0.559103 0.405797 0.548913 0.390097 0.536685
1 0.483092 0.662364 0.477053 0.658967 0.455314 0.652174 0.451691 0.649457 0.442029 0.647418 0.432367 0.641984 0.417874 0.638587 0.409420 0.639266 0.404589 0.632473 0.385266 0.627717 0.359903 0.625679 0.328502 0.626359 0.314010 0.629076 0.309179 0.631793 0.282609 0.636549 0.278986 0.639266 0.259662 0.639946 0.253623 0.642663 0.245169 0.643342 0.230676 0.647418 0.199275 0.651495 0.184783 0.656250 0.172705 0.657609 0.167874 0.661005 0.167874 0.664402 0.171498 0.670516 0.181159 0.678668 0.217391 0.702446 0.219807 0.706522 0.250000 0.728261 0.257246 0.730978 0.265700 0.730978 0.271739 0.726223 0.272947 0.720788 0.248792 0.698370 0.224638 0.684783 0.202899 0.669158 0.201691 0.666440 0.207729 0.663723 0.243961 0.656929 0.262077 0.655571 0.283816 0.648777 0.315217 0.644701 0.339372 0.645380 0.358696 0.644022 0.362319 0.641304 0.369565 0.639946 0.382850 0.641304 0.392512 0.646739 0.403382 0.648777 0.422705 0.656250 0.439614 0.658288 0.445652 0.663043 0.463768 0.671196 0.480676 0.671196 0.484300 0.668478
1 0.070048 0.527174 0.060386 0.529212 0.057971 0.540761 0.067633 0.588995 0.071256 0.595788 0.071256 0.611413 0.077295 0.612092 0.100242 0.598505 0.101449 0.585598 0.090580 0.530571 0.083333 0.527174
1 0.297101 0.718750 0.291063 0.724185 0.287440 0.753397 0.280193 0.764946 0.266908 0.770380 0.265700 0.776495 0.272947 0.779891 0.268116 0.779891 0.262077 0.783967 0.274155 0.788043 0.278986 0.787364 0.281401 0.788723 0.287440 0.787364 0.294686 0.788723 0.305556 0.783967 0.310386 0.788043 0.316425 0.799592 0.328502 0.809783 0.352657 0.818614 0.374396 0.824049 0.410628 0.828125 0.457729 0.830163 0.471014 0.832201 0.484300 0.831522 0.492754 0.824728 0.498792 0.812500 0.501208 0.796196 0.514493 0.779212 0.516908 0.769022 0.514493 0.763587 0.497585 0.758832 0.485507 0.758152 0.471014 0.754076 0.449275 0.754076 0.443237 0.750679 0.433575 0.748641 0.423913 0.741848 0.402174 0.735054 0.380435 0.731658 0.374396 0.728261 0.363527 0.727582 0.333333 0.720109
1 0.766908 0.756793 0.759662 0.754755 0.756039 0.757473 0.736715 0.760190 0.724638 0.764946 0.705314 0.766304 0.629227 0.779891 0.601449 0.781929 0.576087 0.788043 0.555556 0.790082 0.518116 0.797554 0.507246 0.804348 0.504831 0.813179 0.509662 0.815897 0.536232 0.815217 0.541063 0.813179 0.561594 0.811141 0.580918 0.805027 0.603865 0.802989 0.625604 0.798234 0.646135 0.796875 0.676329 0.790761 0.702899 0.787364 0.721014 0.781929 0.739130 0.779891 0.756039 0.771739 0.759662 0.766984 0.765700 0.765625
1 0.634058 0.613451 0.629227 0.617527 0.624396 0.631793 0.602657 0.659647 0.600242 0.667799 0.602657 0.669837 0.607488 0.669837 0.623188 0.664402 0.630435 0.663723 0.643720 0.656250 0.650966 0.655571 0.659420 0.658967 0.660628 0.661685 0.652174 0.665082 0.649758 0.669158 0.647343 0.684783 0.649758 0.688179 0.664251 0.688859 0.672705 0.686141 0.679952 0.677989 0.684783 0.647418 0.690821 0.634511 0.684783 0.629076 0.677536 0.627717 0.646135 0.613451
1 0.297101 0.505435 0.289855 0.504755 0.282609 0.507473 0.254831 0.523777 0.245169 0.526495 0.219807 0.539402 0.211353 0.546196 0.189614 0.558424 0.173913 0.562500 0.144928 0.579484 0.126812 0.586277 0.105072 0.598505 0.095411 0.601223 0.089372 0.606658 0.077295 0.610734 0.074879 0.614810 0.062802 0.618886 0.062802 0.624321 0.067633 0.626359 0.085749 0.625679 0.096618 0.618886 0.146135 0.597826 0.201691 0.567935 0.208937 0.561141 0.208937 0.557065 0.218599 0.552989 0.222222 0.548234 0.243961 0.546196 0.259662 0.538043 0.266908 0.530571 0.272947 0.529891 0.283816 0.523098 0.288647 0.522418 0.297101 0.512908
1 0.193237 0.494565 0.193237 0.506114 0.205314 0.507473 0.211353 0.510870 0.223430 0.523098 0.229469 0.522418 0.242754 0.516304 0.248792 0.519022 0.254831 0.519022 0.264493 0.515625 0.270531 0.510190 0.268116 0.506793 0.258454 0.507473 0.252415 0.510190 0.236715 0.508832 0.216184 0.495924 0.201691 0.493207
0 0.291063 0.394701 0.283816 0.399457 0.282609 0.404891 0.278986 0.406929 0.266908 0.407609 0.262077 0.412364 0.263285 0.419837 0.281401 0.423913 0.316425 0.436141 0.323671 0.455842 0.338164 0.457201 0.351449 0.455163 0.358696 0.449728 0.358696 0.447011 0.352657 0.447690 0.353865 0.440897 0.359903 0.436141 0.359903 0.428668 0.355072 0.420516 0.329710 0.409647 0.327295 0.404212 0.321256 0.400815 0.306763 0.397418 0.300725 0.394022
0 0.597826 0.699728 0.595411 0.704484 0.597826 0.712636 0.602657 0.715353 0.630435 0.719429 0.669082 0.718071 0.675121 0.714674 0.678744 0.709239 0.678744 0.704484 0.670290 0.692935 0.652174 0.688859 0.638889 0.688859 0.603865 0.694973
0 0.359903 0.654891 0.356280 0.654212 0.335749 0.658288 0.318841 0.665082 0.298309 0.677989 0.289855 0.686821 0.295894 0.703125 0.300725 0.704484 0.310386 0.703804 0.328502 0.697011 0.341787 0.695652 0.374396 0.683424 0.376812 0.674592 0.363527 0.665761
0 0.380435 0.648098 0.374396 0.650136 0.374396 0.654891 0.367150 0.658288 0.365942 0.663043 0.369565 0.668478 0.378019 0.673234 0.380435 0.697011 0.387681 0.705842 0.390097 0.705842 0.393720 0.700408 0.409420 0.692255 0.429952 0.686141 0.443237 0.680027 0.445652 0.669158 0.443237 0.665761 0.425121 0.659647 0.414251 0.658288 0.397343 0.649457
0 0.368357 0.650136 0.368357 0.655571 0.363527 0.657609 0.362319 0.663043 0.367150 0.670516 0.375604 0.675272 0.376812 0.682065 0.374396 0.686141 0.378019 0.689538 0.376812 0.696332 0.373188 0.697011 0.352657 0.694293 0.341787 0.697690 0.333333 0.697690 0.326087 0.702446 0.322464 0.701766 0.311594 0.711277 0.311594 0.715353 0.344203 0.721467 0.358696 0.722147 0.400966 0.733696 0.413043 0.735054 0.432367 0.734375 0.435990 0.732337 0.439614 0.733696 0.455314 0.724864 0.455314 0.716033 0.464976 0.705842 0.464976 0.697011 0.461353 0.688859 0.452899 0.688179 0.439614 0.691576 0.421498 0.699728 0.416667 0.700408 0.404589 0.707201 0.396135 0.707880 0.390097 0.704484 0.398551 0.697690 0.404589 0.697011 0.408213 0.687500 0.420290 0.688859 0.423913 0.686821 0.431159 0.686141 0.438406 0.682065 0.444444 0.676630 0.444444 0.665082 0.439614 0.665082 0.427536 0.658288 0.408213 0.656929 0.404589 0.654212 0.397343 0.655571 0.394928 0.654212 0.397343 0.650136 0.392512 0.650815 0.390097 0.648098 0.378019 0.647418
0 0.771739 0.644701 0.765700 0.641304 0.750000 0.640625 0.723430 0.652853 0.702899 0.657609 0.700483 0.667120 0.688406 0.675272 0.685990 0.682745 0.681159 0.684103 0.678744 0.692255 0.670290 0.693614 0.664251 0.706522 0.660628 0.707880 0.661836 0.709918 0.666667 0.709239 0.671498 0.711957 0.666667 0.716712 0.657005 0.716712 0.652174 0.714674 0.646135 0.714674 0.642512 0.716712 0.626812 0.716712 0.619565 0.713315 0.613527 0.714674 0.605072 0.712636 0.609903 0.709918 0.609903 0.703125 0.612319 0.701766 0.617150 0.703804 0.619565 0.701766 0.623188 0.704484 0.624396 0.697011 0.628019 0.694973 0.632850 0.694973 0.635266 0.691576 0.640097 0.693614 0.641304 0.689538 0.644928 0.690217 0.644928 0.694293 0.657005 0.695652 0.661836 0.694293 0.660628 0.692255 0.652174 0.692255 0.647343 0.689538 0.649758 0.665082 0.646135 0.663043 0.632850 0.663723 0.614734 0.670516 0.597826 0.671875 0.590580 0.675272 0.571256 0.679348 0.560386 0.685462 0.555556 0.686141 0.545894 0.693614 0.531401 0.700408 0.526570 0.697011 0.520531 0.700408 0.510870 0.698370 0.504831 0.699728 0.503623 0.696332 0.506039 0.693614 0.509662 0.696332 0.514493 0.694973 0.512077 0.676630 0.501208 0.673913 0.500000 0.702446 0.509662 0.701766 0.513285 0.704484 0.506039 0.709239 0.496377 0.702446 0.493961 0.697690 0.496377 0.689538 0.489130 0.682065 0.490338 0.677989 0.485507 0.677310 0.483092 0.683424 0.478261 0.682065 0.468599 0.688179 0.469807 0.700408 0.483092 0.709239 0.483092 0.716033 0.457729 0.732337 0.445652 0.735734 0.444444 0.741168 0.449275 0.743886 0.474638 0.750000 0.510870 0.754755 0.520531 0.757473 0.557971 0.759511 0.590580 0.764946 0.632850 0.765625 0.653382 0.759511 0.663043 0.761549 0.670290 0.757473 0.672705 0.751359 0.679952 0.751359 0.684783 0.744565 0.689614 0.746603 0.694444 0.745924 0.756039 0.717391 0.765700 0.705163 0.781401 0.694293 0.783816 0.689538 0.782609 0.674592 0.787440 0.669158
0 0.272947 0.398098 0.269324 0.395380 0.252415 0.393342 0.248792 0.384511 0.237923 0.383152 0.206522 0.383152 0.201691 0.379076 0.194444 0.376359 0.188406 0.376359 0.164251 0.383152 0.152174 0.388587 0.141304 0.390625 0.125604 0.398777 0.118357 0.404212 0.115942 0.409647 0.125604 0.422554 0.141304 0.436141 0.152174 0.440897 0.164251 0.441576 0.195652 0.435462 0.214976 0.428668 0.223430 0.423913 0.233092 0.424592 0.248792 0.421875 0.251208 0.418478 0.257246 0.415761 0.260870 0.409647 0.272947 0.404212
0 0.157005 0.445652 0.154589 0.452446 0.159420 0.455842 0.158213 0.458560 0.160628 0.457201 0.169082 0.462636 0.172705 0.468750 0.182367 0.470788 0.185990 0.472826 0.187198 0.476902 0.195652 0.482337 0.205314 0.485054 0.213768 0.491848 0.221014 0.492527 0.224638 0.494565 0.228261 0.500000 0.245169 0.502038 0.250000 0.504755 0.256039 0.504755 0.269324 0.500679 0.286232 0.487092 0.304348 0.484375 0.312802 0.480299 0.320048 0.473505 0.320048 0.455163 0.316425 0.442255 0.311594 0.438179 0.305556 0.438179 0.293478 0.444293 0.282609 0.445652 0.276570 0.441576 0.268116 0.440897 0.264493 0.436141 0.252415 0.434783 0.247585 0.431386 0.214976 0.430707 0.199275 0.436821 0.176329 0.440217
0 0.422705 0.548234 0.421498 0.562500 0.425121 0.572690 0.421498 0.578125 0.421498 0.589674 0.426329 0.596467 0.431159 0.637228 0.438406 0.639946 0.466184 0.642663 0.487923 0.650136 0.497585 0.650815 0.514493 0.655571 0.544686 0.656929 0.555556 0.658967 0.560386 0.656929 0.584541 0.656929 0.592995 0.651495 0.597826 0.645380 0.613527 0.638587 0.625604 0.622962 0.625604 0.603940 0.617150 0.595788 0.601449 0.591033 0.580918 0.580163 0.565217 0.577446 0.554348 0.564538 0.542271 0.561141 0.525362 0.562500 0.519324 0.564538 0.515700 0.569293 0.514493 0.579484 0.490338 0.589674 0.489130 0.586277 0.498792 0.582880 0.500000 0.578804 0.496377 0.572011 0.495169 0.559783 0.484300 0.542120 0.472222 0.536685 0.460145 0.536685 0.440821 0.540761
0 0.130435 0.663723 0.126812 0.667120 0.126812 0.670516 0.141304 0.686141 0.147343 0.688859 0.163043 0.703804 0.173913 0.717391 0.185990 0.726223 0.189614 0.732337 0.195652 0.735734 0.198068 0.739810 0.198068 0.752717 0.210145 0.765625 0.222222 0.771060 0.236715 0.771739 0.256039 0.769022 0.270531 0.764266 0.281401 0.757473 0.283816 0.744565 0.271739 0.744565 0.264493 0.739810 0.264493 0.735734 0.251208 0.730299 0.239130 0.719429 0.218599 0.707201 0.217391 0.704484 0.207729 0.700408 0.175121 0.675272 0.147343 0.671196 0.141304 0.667799 0.138889 0.663723
0 0.299517 0.705163 0.289855 0.706522 0.278986 0.712636 0.270531 0.731658 0.264493 0.735734 0.264493 0.741168 0.269324 0.745245 0.280193 0.744565 0.288647 0.738451 0.291063 0.720109 0.303140 0.713995 0.306763 0.709239
0 0.059179 0.499321 0.038647 0.500000 0.025362 0.502717 0.013285 0.509511 0.014493 0.514266 0.009662 0.513587 0.000000 0.516984 0.000000 0.563179 0.006039 0.565217 0.044686 0.566576 0.056763 0.553668 0.057971 0.546875 0.054348 0.533288 0.065217 0.521739 0.062802 0.501359
2 0.850242 0.455163 0.841787 0.453804 0.836957 0.451087 0.841787 0.449049 0.841787 0.446332 0.835749 0.439538 0.816425 0.436821 0.811594 0.431386 0.798309 0.423913 0.780193 0.421196 0.768116 0.421196 0.759662 0.416440 0.747585 0.414402 0.736715 0.408967 0.722222 0.405571 0.688406 0.405571 0.684783 0.406929 0.672705 0.406250 0.657005 0.407609 0.653382 0.411685 0.642512 0.411685 0.638889 0.416440 0.626812 0.415082 0.624396 0.419837 0.611111 0.417799 0.607488 0.421196 0.595411 0.421196 0.592995 0.422554 0.580918 0.420516 0.572464 0.417120 0.568841 0.411685 0.561594 0.406929 0.541063 0.405571 0.533816 0.402853 0.532609 0.396739 0.536232 0.396739 0.535024 0.392663 0.539855 0.388587 0.539855 0.385190 0.531401 0.377717 0.530193 0.368886 0.516908 0.362092 0.512077 0.353940 0.504831 0.353940 0.498792 0.351223 0.486715 0.349864 0.481884 0.347826 0.471014 0.347826 0.467391 0.345109 0.461353 0.344429 0.446860 0.345109 0.439614 0.343750 0.434783 0.345788 0.391304 0.344429 0.387681 0.346467 0.373188 0.349185 0.359903 0.347826 0.357488 0.349864 0.351449 0.349864 0.349034 0.353940 0.345411 0.353261 0.334541 0.356658 0.328502 0.355978 0.328502 0.359375 0.334541 0.361413 0.329710 0.362092 0.324879 0.367527 0.317633 0.368207 0.314010 0.366848 0.310386 0.376359 0.310386 0.385190 0.305556 0.377038 0.299517 0.377038 0.295894 0.375000 0.280193 0.374321 0.251208 0.377038 0.247585 0.385870 0.245169 0.383832 0.240338 0.384511 0.237923 0.383152 0.227053 0.383152 0.224638 0.384511 0.211353 0.383152 0.208937 0.385190 0.204106 0.383832 0.202899 0.389266 0.205314 0.391304 0.217391 0.391984 0.222222 0.389946 0.233092 0.390625 0.236715 0.389266 0.247585 0.389266 0.252415 0.392663 0.250000 0.395380 0.250000 0.404891 0.257246 0.414402 0.257246 0.417799 0.247585 0.423234 0.243961 0.423234 0.239130 0.427989 0.219807 0.427989 0.214976 0.430027 0.206522 0.430707 0.201691 0.434783 0.193237 0.437500 0.175121 0.439538 0.161836 0.444293 0.146135 0.444973 0.135266 0.442255 0.129227 0.438179 0.125604 0.439538 0.121981 0.446332 0.117150 0.440217 0.113527 0.439538 0.109903 0.450408 0.106280 0.453125 0.097826 0.453125 0.090580 0.457201 0.084541 0.454484 0.078502 0.455163 0.064010 0.463315 0.062802 0.475543 0.074879 0.486413 0.068841 0.490489 0.070048 0.499321 0.064010 0.502038 0.065217 0.505435 0.068841 0.504755 0.072464 0.521739 0.077295 0.523098 0.090580 0.523098 0.092995 0.525136 0.095411 0.537364 0.103865 0.541440 0.100242 0.546196 0.095411 0.547554 0.101449 0.554348 0.102657 0.566576 0.108696 0.569973 0.112319 0.576766 0.123188 0.579484 0.123188 0.584918 0.125604 0.586957 0.135266 0.585598 0.137681 0.581522 0.134058 0.579484 0.135266 0.576766 0.132850 0.571332 0.136473 0.569293 0.136473 0.564538 0.134058 0.562500 0.128019 0.562500 0.124396 0.560462 0.123188 0.551630 0.126812 0.553668 0.138889 0.554348 0.142512 0.560462 0.138889 0.563859 0.141304 0.574728 0.140097 0.583560 0.144928 0.584239 0.148551 0.578804 0.147343 0.573370 0.155797 0.569293 0.155797 0.562500 0.158213 0.561141 0.171498 0.563179 0.178744 0.557065 0.182367 0.557745 0.187198 0.554348 0.190821 0.547554 0.194444 0.548913 0.190821 0.552310 0.192029 0.553668 0.196860 0.554348 0.201691 0.548913 0.208937 0.550951 0.218599 0.540082 0.225845 0.537364 0.225845 0.535326 0.219807 0.534647 0.219807 0.531929 0.222222 0.531250 0.229469 0.533288 0.235507 0.531250 0.245169 0.523777 0.257246 0.521060 0.277778 0.507473 0.282609 0.506793 0.288647 0.502038 0.294686 0.500679 0.301932 0.506114 0.298309 0.509511 0.298309 0.517663 0.309179 0.516304 0.312802 0.521060 0.311594 0.531929 0.307971 0.533288 0.298309 0.530571 0.295894 0.537364 0.298309 0.538723 0.306763 0.537364 0.310386 0.538723 0.312802 0.548913 0.320048 0.548913 0.318841 0.544158 0.322464 0.537364 0.328502 0.540082 0.341787 0.539402 0.349034 0.541440 0.345411 0.538723 0.345411 0.533967 0.349034 0.531250 0.351449 0.523777 0.339372 0.523098 0.334541 0.519701 0.334541 0.514266 0.341787 0.510190 0.357488 0.508832 0.359903 0.513587 0.352657 0.517663 0.352657 0.522418 0.357488 0.524457 0.361111 0.535326 0.358696 0.544837 0.352657 0.547554 0.352657 0.549592 0.357488 0.549592 0.361111 0.552310 0.365942 0.550272 0.368357 0.538723 0.370773 0.536685 0.375604 0.538043 0.381643 0.536685 0.386473 0.530571 0.384058 0.527174 0.385266 0.524457 0.393720 0.528533 0.388889 0.532609 0.392512 0.537364 0.402174 0.540082 0.408213 0.533288 0.413043 0.533967 0.419082 0.531929 0.423913 0.543478 0.429952 0.539402 0.450483 0.537364 0.463768 0.532609 0.472222 0.536005 0.481884 0.536005 0.491546 0.533288 0.497585 0.535326 0.500000 0.538723 0.498792 0.565897 0.502415 0.569293 0.506039 0.569293 0.509662 0.561141 0.544686 0.553668 0.549517 0.549592 0.556763 0.548234 0.564010 0.556386 0.568841 0.557065 0.570048 0.561141 0.578502 0.563859 0.580918 0.576087 0.586957 0.576087 0.586957 0.572011 0.590580 0.570652 0.594203 0.583560 0.596618 0.584918 0.606280 0.584918 0.611111 0.588315 0.617150 0.588995 0.618357 0.591712 0.625604 0.593750 0.625604 0.599185 0.628019 0.601223 0.631643 0.601902 0.635266 0.599864 0.640097 0.603261 0.647343 0.603261 0.658213 0.599185 0.669082 0.598505 0.673913 0.595788 0.675121 0.588315 0.679952 0.591033 0.679952 0.595109 0.684783 0.594429 0.688406 0.597826 0.701691 0.597826 0.701691 0.593071 0.693237 0.594429 0.687198 0.589674 0.689614 0.586957 0.696860 0.587636 0.704106 0.592391 0.708937 0.591033 0.714976 0.593071 0.724638 0.587636 0.725845 0.580163 0.718599 0.578804 0.713768 0.574728 0.717391 0.571332 0.729469 0.568614 0.734300 0.565217 0.735507 0.557065 0.741546 0.554348 0.740338 0.540761 0.748792 0.536685 0.750000 0.532609 0.719807 0.529891 0.717391 0.509511 0.722222 0.506793 0.729469 0.506114 0.733092 0.503397 0.737923 0.506114 0.747585 0.506793 0.763285 0.513587 0.774155 0.514266 0.775362 0.506793 0.772947 0.502038 0.777778 0.500000 0.782609 0.502038 0.781401 0.506793 0.786232 0.506793 0.789855 0.508832 0.827295 0.506793 0.830918 0.502717 0.840580 0.502717 0.845411 0.498641 0.845411 0.493207 0.851449 0.491848 0.851449 0.488451 0.841787 0.480978 0.845411 0.476902 0.850242 0.476223 0.853865 0.471467 0.855072 0.465353
1 0.003623 0.697690 0.004831 0.705163 0.021739 0.710598 0.025362 0.713315 0.060386 0.711957 0.123188 0.717391 0.131643 0.716712 0.130435 0.712636 0.119565 0.703125 0.092995 0.696332 0.053140 0.692935 0.012077 0.691576 0.008454 0.692255
1 0.161836 0.619565 0.153382 0.618207 0.141304 0.620245 0.117150 0.633152 0.117150 0.642663 0.124396 0.648777 0.128019 0.655571 0.132850 0.654891 0.130435 0.646060 0.141304 0.633832 0.166667 0.625679 0.167874 0.622283
