0 0.466250 0.551667 0.457500 0.556667 0.445000 0.573333 0.442500 0.588333 0.445000 0.591667 0.455000 0.590000 0.455000 0.600000 0.461250 0.621667 0.471250 0.628333 0.483750 0.630000 0.495000 0.620000 0.502500 0.606667 0.502500 0.578333 0.498750 0.566667 0.491250 0.558333 0.478750 0.551667
0 0.356250 0.313333 0.343750 0.326667 0.346250 0.370000 0.367500 0.441667 0.382500 0.480000 0.386250 0.485000 0.395000 0.485000 0.397500 0.478333 0.395000 0.450000 0.400000 0.425000 0.406250 0.423333 0.422500 0.428333 0.428750 0.423333 0.431250 0.408333 0.412500 0.396667 0.418750 0.380000 0.418750 0.371667 0.411250 0.360000 0.396250 0.351667 0.397500 0.345000 0.395000 0.336667 0.407500 0.320000 0.405000 0.311667 0.392500 0.316667 0.383750 0.326667 0.376250 0.353333 0.371250 0.345000 0.370000 0.320000 0.363750 0.313333
1 0.332500 0.406667 0.327500 0.411667 0.320000 0.463333 0.310000 0.486667 0.295000 0.506667 0.287500 0.495000 0.275000 0.493333 0.275000 0.508333 0.272500 0.511667 0.262500 0.511667 0.262500 0.523333 0.273750 0.548333 0.287500 0.556667 0.297500 0.568333 0.305000 0.603333 0.310000 0.610000 0.311250 0.566667 0.346250 0.570000 0.360000 0.563333 0.366250 0.591667 0.370000 0.595000 0.356250 0.601667 0.332500 0.601667 0.340000 0.611667 0.353750 0.613333 0.367500 0.608333 0.383750 0.593333 0.390000 0.570000 0.390000 0.560000 0.383750 0.546667 0.367500 0.528333 0.363750 0.495000 0.350000 0.478333 0.356250 0.450000 0.355000 0.423333 0.350000 0.421667 0.341250 0.455000 0.335000 0.470000 0.331250 0.470000 0.336250 0.430000 0.336250 0.406667
1 0.322500 0.386667 0.315000 0.400000 0.297500 0.468333 0.297500 0.486667 0.301250 0.485000 0.318750 0.415000 0.323750 0.405000
0 0.428750 0.511667 0.416250 0.513333 0.407500 0.521667 0.397500 0.555000 0.403750 0.588333 0.413750 0.600000 0.422500 0.600000 0.433750 0.591667 0.441250 0.570000 0.440000 0.533333
0 0.468750 0.631667 0.443750 0.623333 0.423750 0.625000 0.411250 0.635000 0.382500 0.640000 0.377500 0.645000 0.377500 0.663333 0.383750 0.700000 0.395000 0.736667 0.411250 0.738333 0.421250 0.735000 0.475000 0.701667 0.477500 0.650000
0 0.432500 0.466667 0.417500 0.470000 0.411250 0.476667 0.400000 0.505000 0.401250 0.518333 0.412500 0.516667 0.430000 0.503333 0.437500 0.501667 0.438750 0.481667
0 0.455000 0.431667 0.438750 0.443333 0.436250 0.471667 0.445000 0.488333 0.455000 0.501667 0.461250 0.505000 0.458750 0.510000 0.463750 0.513333 0.462500 0.501667 0.465000 0.500000 0.465000 0.493333 0.451250 0.471667 0.450000 0.465000 0.460000 0.441667 0.460000 0.433333
0 0.502500 0.353333 0.498750 0.360000 0.500000 0.381667 0.533750 0.471667 0.540000 0.500000 0.545000 0.513333 0.551250 0.520000 0.547500 0.530000 0.555000 0.560000 0.561250 0.566667 0.563750 0.576667 0.568750 0.580000 0.587500 0.580000 0.596250 0.563333 0.596250 0.548333 0.581250 0.510000 0.572500 0.506667 0.575000 0.500000 0.572500 0.483333 0.563750 0.463333 0.545000 0.395000 0.530000 0.363333 0.515000 0.351667
0 0.508750 0.533333 0.507500 0.515000 0.502500 0.508333 0.495000 0.508333 0.473750 0.518333 0.456250 0.518333 0.445000 0.513333 0.436250 0.515000 0.437500 0.523333 0.466250 0.543333 0.495000 0.545000 0.506250 0.540000
