2 0.822751 0.407738 0.818783 0.406002 0.810406 0.405010 0.807319 0.403770 0.805996 0.403770 0.802910 0.405258 0.798501 0.404762 0.796737 0.403274 0.795855 0.400050 0.794974 0.399554 0.791005 0.399802 0.787919 0.399058 0.779101 0.391865 0.764109 0.389137 0.759700 0.387649 0.756614 0.388145 0.753086 0.387649 0.748677 0.382937 0.744268 0.382192 0.735891 0.377480 0.729277 0.372272 0.717813 0.367808 0.704586 0.368056 0.702381 0.367560 0.694444 0.367560 0.684744 0.363343 0.678571 0.362351 0.670635 0.362351 0.665785 0.359127 0.662698 0.358135 0.647707 0.355159 0.642857 0.352927 0.638007 0.351687 0.626102 0.349702 0.615520 0.345982 0.611993 0.345238 0.603616 0.345486 0.595238 0.348710 0.592593 0.351687 0.583333 0.359127 0.577160 0.368552 0.575397 0.372768 0.570547 0.378224 0.569224 0.380952 0.562610 0.387153 0.559965 0.393105 0.555996 0.397569 0.555556 0.401042 0.556437 0.403770 0.561728 0.406250 0.564374 0.411954 0.569665 0.415427 0.572751 0.420139 0.579365 0.423611 0.582451 0.428323 0.584656 0.430060 0.586861 0.434524 0.590829 0.439484 0.591270 0.443948 0.594356 0.451141 0.598325 0.455109 0.599647 0.458333 0.599206 0.463294 0.593474 0.470486 0.593034 0.476438 0.590829 0.482391 0.584215 0.485367 0.571869 0.487599 0.566138 0.489335 0.563492 0.490823 0.561287 0.494048 0.561287 0.498760 0.559524 0.499752 0.556878 0.499504 0.555115 0.501240 0.556437 0.505456 0.559965 0.505208 0.563492 0.506696 0.567901 0.506200 0.570106 0.506696 0.582011 0.506448 0.584656 0.505704 0.591711 0.505952 0.595679 0.501736 0.598325 0.502728 0.600970 0.502728 0.614198 0.499752 0.623898 0.491567 0.627425 0.486111 0.635802 0.483135 0.641975 0.478175 0.658730 0.469990 0.669312 0.468502 0.692240 0.462054 0.699295 0.461558 0.706790 0.461806 0.715608 0.461062 0.746473 0.461310 0.764109 0.460813 0.767637 0.459821 0.773810 0.456349 0.775132 0.454861 0.779541 0.455853 0.782187 0.453125 0.783951 0.452381 0.794092 0.451885 0.795855 0.450893 0.796737 0.448909 0.795855 0.435268 0.797178 0.430556 0.798942 0.429315 0.802910 0.430060 0.809965 0.426091 0.810406 0.424603 0.820988 0.412450 0.823192 0.408730
1 0.237654 0.712054 0.231922 0.715526 0.227072 0.720982 0.227513 0.727183 0.231922 0.733135 0.238977 0.737103 0.244268 0.738839 0.247354 0.739087 0.252646 0.740575 0.261905 0.741567 0.271605 0.741567 0.275573 0.740575 0.280423 0.737103 0.280423 0.735367 0.268959 0.720486 0.264109 0.715526 0.260582 0.714038 0.256614 0.713294 0.251764 0.713542 0.244709 0.711558 0.240300 0.711310
0 0.239859 0.452133 0.237654 0.451389 0.235450 0.451389 0.232363 0.452877 0.228395 0.453373 0.223545 0.455109 0.220018 0.455605 0.208113 0.462550 0.205908 0.465774 0.205908 0.467510 0.208995 0.471726 0.212522 0.473462 0.218254 0.473462 0.222663 0.472222 0.227954 0.471726 0.232363 0.470734 0.240300 0.467510 0.243386 0.463790 0.244709 0.460565 0.244709 0.457589 0.243386 0.454613
0 0.466049 0.684772 0.450176 0.684276 0.444444 0.685268 0.437831 0.688244 0.431217 0.696181 0.429894 0.700893 0.431658 0.706349 0.440035 0.717014 0.443122 0.718750 0.450176 0.718998 0.455467 0.717262 0.470459 0.701885 0.473545 0.694444 0.473545 0.689484 0.471340 0.687252
0 0.361993 0.597470 0.354056 0.594742 0.350529 0.594742 0.345679 0.593750 0.338183 0.593750 0.333774 0.595238 0.329365 0.595238 0.325838 0.597222 0.321429 0.598462 0.317901 0.600942 0.311728 0.602679 0.307319 0.607391 0.310847 0.620040 0.314374 0.618800 0.317901 0.618800 0.322310 0.617063 0.331570 0.616815 0.335979 0.615823 0.346120 0.615575 0.349647 0.614583 0.352734 0.615327 0.354497 0.615079 0.358466 0.611855 0.358466 0.607391 0.361111 0.604663 0.362875 0.600446
0 0.364198 0.490327 0.355820 0.491071 0.350970 0.493056 0.345679 0.496776 0.343915 0.499752 0.338183 0.505208 0.336420 0.508681 0.336420 0.510913 0.338183 0.513145 0.344797 0.515377 0.349206 0.515873 0.353616 0.517609 0.359347 0.518849 0.361993 0.518849 0.364198 0.517361 0.373457 0.494792 0.372575 0.493304 0.366843 0.490823
0 0.205467 0.468502 0.198854 0.468006 0.193563 0.468750 0.189153 0.470238 0.182540 0.477679 0.183422 0.482143 0.186067 0.483879 0.192240 0.485119 0.197972 0.485119 0.200617 0.484623 0.203263 0.483135 0.207231 0.478919 0.209877 0.474206 0.208995 0.470982
0 0.235891 0.611359 0.227513 0.613095 0.211640 0.621032 0.209877 0.623264 0.204586 0.627232 0.202822 0.632688 0.204586 0.646825 0.211640 0.655258 0.216931 0.657738 0.227513 0.666171 0.235891 0.670635 0.243386 0.672123 0.254409 0.672867 0.264109 0.672619 0.270723 0.670139 0.271605 0.666419 0.268519 0.665675 0.264550 0.662946 0.255732 0.659970 0.251323 0.657242 0.244709 0.656002 0.240741 0.654266 0.239418 0.651042 0.236332 0.647321 0.236332 0.644841 0.237654 0.643601 0.240300 0.643353 0.243827 0.641369 0.248236 0.641369 0.251764 0.640129 0.257055 0.640625 0.264109 0.639137 0.267637 0.633681 0.272046 0.631448 0.272928 0.630208 0.274250 0.623760 0.272928 0.615575 0.271164 0.614087 0.252646 0.610615 0.244709 0.610367
0 0.408289 0.434524 0.401235 0.439732 0.400353 0.444196 0.404321 0.451637 0.417549 0.463790 0.420194 0.465278 0.426367 0.467014 0.434744 0.468006 0.448854 0.464782 0.451058 0.463790 0.454145 0.460317 0.456349 0.455853 0.456349 0.452381 0.452381 0.443948 0.447090 0.439236 0.441799 0.437252 0.435626 0.433780 0.419312 0.433284
0 0.438713 0.468254 0.430776 0.473214 0.428131 0.477679 0.428131 0.479911 0.429894 0.484127 0.436508 0.490327 0.439153 0.495040 0.444004 0.499256 0.449295 0.500496 0.459436 0.500496 0.467813 0.499752 0.472222 0.498760 0.486772 0.491071 0.488095 0.489583 0.490300 0.484127 0.490300 0.481895 0.488536 0.478919 0.481041 0.473710 0.470459 0.470238 0.463845 0.468998 0.448413 0.467510
0 0.390212 0.502480 0.388448 0.506448 0.390653 0.511409 0.396384 0.514385 0.407848 0.517113 0.413139 0.519345 0.423721 0.520337 0.427690 0.520089 0.430776 0.520833 0.438713 0.520833 0.444004 0.519841 0.451058 0.515377 0.452822 0.510417 0.451940 0.505704 0.449295 0.503472 0.444004 0.501240 0.432540 0.499504 0.426808 0.499256 0.422399 0.498264 0.418430 0.496528 0.411817 0.496280 0.399912 0.499008
0 0.334656 0.384921 0.325838 0.385169 0.318342 0.389385 0.313051 0.389881 0.307760 0.391865 0.300265 0.396081 0.296737 0.399802 0.297178 0.406250 0.302469 0.411954 0.311287 0.417907 0.317460 0.420883 0.325397 0.422619 0.338183 0.421875 0.343474 0.420387 0.349206 0.414187 0.350970 0.410218 0.351852 0.400546 0.349647 0.393105 0.340388 0.386409
0 0.368607 0.469246 0.362875 0.471726 0.360229 0.474206 0.359347 0.479167 0.360670 0.483631 0.363316 0.487103 0.373016 0.491815 0.375661 0.497768 0.380511 0.501984 0.384039 0.502976 0.386243 0.502976 0.407848 0.495288 0.411376 0.491071 0.412698 0.486855 0.411817 0.484127 0.404762 0.475694 0.396384 0.471726 0.385362 0.468998
0 0.134921 0.618304 0.123457 0.623016 0.119929 0.625744 0.119489 0.627480 0.126102 0.631696 0.126543 0.635417 0.128748 0.639385 0.133157 0.641617 0.142416 0.644345 0.148589 0.644097 0.153439 0.642609 0.167549 0.633433 0.168871 0.630208 0.165344 0.626984 0.157407 0.624504 0.146825 0.618056 0.141534 0.617808
1 0.190035 0.486855 0.188713 0.485615 0.183422 0.483383 0.179453 0.480159 0.177690 0.479415 0.173280 0.479167 0.169753 0.480407 0.164903 0.480407 0.161817 0.481151 0.152557 0.480655 0.125661 0.481151 0.111111 0.483135 0.096120 0.486855 0.093474 0.489335 0.093034 0.490823 0.094356 0.495040 0.098325 0.498760 0.112875 0.504216 0.122134 0.510417 0.125220 0.511657 0.126543 0.513889 0.130071 0.513641 0.132716 0.515377 0.138889 0.517609 0.141975 0.517361 0.145062 0.518353 0.164462 0.520337 0.169312 0.520337 0.171517 0.519841 0.178571 0.515625 0.180776 0.501984 0.186067 0.493552 0.189594 0.490079
0 0.427690 0.755704 0.419753 0.753720 0.408289 0.752976 0.404762 0.753472 0.400794 0.754960 0.393739 0.759425 0.390212 0.764137 0.389330 0.769841 0.391975 0.774306 0.397266 0.777778 0.400353 0.778770 0.408289 0.778770 0.416226 0.778026 0.423280 0.776290 0.427690 0.774058 0.434303 0.771825 0.437390 0.767609 0.436949 0.762401 0.435185 0.759425
1 0.625220 0.493304 0.623457 0.496776 0.623898 0.500248 0.645944 0.500744 0.654762 0.502728 0.658730 0.508185 0.660935 0.514633 0.671958 0.520585 0.674162 0.523313 0.678131 0.522569 0.680776 0.517857 0.685185 0.515873 0.686508 0.514385 0.688272 0.502480 0.689594 0.501240 0.701940 0.500744 0.708554 0.499008 0.713404 0.499008 0.718695 0.497768 0.723986 0.495040 0.728836 0.495040 0.736332 0.493552 0.741623 0.494048 0.743386 0.494792 0.744268 0.496280 0.747354 0.496032 0.750000 0.498512 0.757055 0.502480 0.757937 0.509425 0.755732 0.513145 0.752205 0.513889 0.749559 0.516369 0.744709 0.518353 0.741182 0.521329 0.735891 0.523313 0.732363 0.526042 0.726631 0.528522 0.724427 0.530506 0.720899 0.530754 0.716931 0.532738 0.712522 0.533234 0.708995 0.534722 0.705026 0.534722 0.700176 0.537698 0.697090 0.537698 0.690476 0.538938 0.689153 0.539931 0.689153 0.541171 0.695326 0.544643 0.704586 0.546131 0.711640 0.545635 0.720018 0.542411 0.727954 0.542411 0.733245 0.543403 0.735891 0.542163 0.738536 0.542163 0.747354 0.543403 0.752646 0.544891 0.761023 0.545139 0.768519 0.543403 0.772487 0.543403 0.776014 0.542411 0.779101 0.542659 0.781746 0.540923 0.783510 0.537946 0.782628 0.533978 0.782628 0.520833 0.781305 0.516865 0.789683 0.509425 0.795414 0.507688 0.797619 0.505208 0.798060 0.502728 0.799383 0.501984 0.803351 0.501984 0.807319 0.500992 0.810847 0.501240 0.817460 0.500496 0.826720 0.497768 0.830688 0.495536 0.835097 0.491319 0.841711 0.487103 0.842152 0.485615 0.839065 0.480903 0.830247 0.476438 0.829365 0.474702 0.826720 0.472966 0.817019 0.471478 0.807760 0.468998 0.783951 0.467510 0.776896 0.465526 0.770282 0.465526 0.762346 0.463790 0.729718 0.462302 0.710317 0.462798 0.696208 0.464038 0.682099 0.466270 0.677690 0.467510 0.667108 0.468750 0.660053 0.470734 0.641534 0.480159 0.638448 0.483383 0.634039 0.485615 0.631834 0.488343
1 0.841270 0.491567 0.836861 0.493800 0.834215 0.496528 0.823192 0.501736 0.820547 0.504960 0.819665 0.508929 0.817460 0.511657 0.810406 0.515129 0.806437 0.515377 0.797178 0.520337 0.795855 0.523562 0.796296 0.526290 0.801146 0.530010 0.809524 0.533234 0.813933 0.536210 0.823192 0.538938 0.839506 0.542659 0.844356 0.543155 0.861552 0.542907 0.865079 0.542163 0.869489 0.542411 0.880511 0.540179 0.894180 0.532490 0.898148 0.531002 0.903439 0.525794 0.905644 0.521825 0.907407 0.515129 0.906526 0.508433 0.904762 0.506448 0.901235 0.505208 0.888007 0.506448 0.883157 0.504464 0.880511 0.500496 0.876543 0.501240 0.870370 0.499008 0.866402 0.499504 0.861552 0.499256 0.857584 0.497520 0.857143 0.496280 0.854056 0.496528 0.852734 0.495784 0.850529 0.492560 0.846120 0.491567
1 0.416667 0.395833 0.408730 0.393353 0.400794 0.392113 0.395503 0.392113 0.385362 0.390625 0.361111 0.389137 0.354938 0.388145 0.349206 0.388393 0.345238 0.387897 0.344797 0.389137 0.348325 0.390873 0.351411 0.399306 0.351411 0.404514 0.350088 0.412450 0.342593 0.421131 0.341270 0.421627 0.338183 0.421131 0.333774 0.422371 0.329365 0.422619 0.317460 0.420883 0.312169 0.418651 0.309965 0.415923 0.302469 0.413690 0.298942 0.411706 0.297178 0.413938 0.291446 0.416915 0.287919 0.419891 0.279101 0.422371 0.276896 0.424107 0.276014 0.428075 0.279101 0.435764 0.282628 0.441220 0.286596 0.444444 0.289683 0.445933 0.294533 0.446181 0.305556 0.441468 0.310847 0.440228 0.313492 0.438492 0.318783 0.437748 0.325838 0.435764 0.329806 0.433036 0.332892 0.432044 0.339947 0.428075 0.345679 0.423363 0.357584 0.422123 0.361993 0.419147 0.373016 0.414931 0.377425 0.412202 0.380511 0.411458 0.384480 0.409474 0.392857 0.406994 0.397707 0.406498 0.402998 0.405010 0.416226 0.397073
1 0.215608 0.482143 0.215608 0.483135 0.218695 0.484871 0.223545 0.485615 0.231922 0.485367 0.246473 0.486607 0.251764 0.488591 0.263668 0.490575 0.271605 0.492560 0.276014 0.495288 0.280864 0.496280 0.283069 0.497520 0.285714 0.496280 0.286596 0.494544 0.280423 0.490079 0.278219 0.486607 0.273810 0.482639 0.272928 0.479415 0.274250 0.472470 0.273810 0.469494 0.264109 0.462550 0.258818 0.462302 0.251764 0.464038 0.246914 0.466766 0.236772 0.470238 0.231922 0.473958 0.227513 0.474950 0.223545 0.476687
1 0.174162 0.524554 0.171076 0.533482 0.171076 0.548363 0.172840 0.552331 0.176808 0.555308 0.180776 0.556548 0.198413 0.557540 0.207672 0.555804 0.217372 0.555556 0.220459 0.556300 0.223986 0.556300 0.227513 0.558036 0.231481 0.558532 0.235891 0.560516 0.244268 0.562748 0.247795 0.563244 0.250441 0.562252 0.251323 0.561260 0.250441 0.556052 0.246914 0.553075 0.242945 0.547867 0.239859 0.545635 0.237213 0.541667 0.235009 0.540427 0.228836 0.538442 0.221781 0.537946 0.211199 0.533978 0.194444 0.530010 0.186949 0.524802 0.182099 0.522569 0.178131 0.522817
0 0.479277 0.708333 0.476190 0.706845 0.473986 0.704365 0.470899 0.704365 0.462522 0.710317 0.458554 0.716270 0.452822 0.718750 0.446208 0.719742 0.436067 0.719246 0.427249 0.717510 0.420635 0.717014 0.414903 0.715526 0.411817 0.713294 0.408730 0.713542 0.405203 0.711806 0.402998 0.711806 0.398148 0.713046 0.395503 0.716022 0.395944 0.725198 0.394621 0.728423 0.394621 0.732391 0.396825 0.734127 0.400794 0.734623 0.406966 0.738095 0.414903 0.741071 0.427690 0.743056 0.432099 0.743056 0.436508 0.743800 0.443563 0.743056 0.447090 0.741815 0.460317 0.742063 0.466931 0.741071 0.468695 0.739335 0.470459 0.733135 0.474427 0.727927 0.481041 0.714038 0.481041 0.711310
0 0.688713 0.549107 0.686949 0.550843 0.685185 0.555556 0.687831 0.568700 0.694444 0.573661 0.698413 0.579365 0.700176 0.584821 0.705467 0.587798 0.712963 0.589534 0.713845 0.588790 0.713845 0.585317 0.712522 0.579117 0.712522 0.571677 0.709877 0.563244 0.704586 0.560268 0.701940 0.555804 0.696208 0.553075 0.691799 0.549603
0 0.747354 0.494544 0.744709 0.494048 0.735450 0.494048 0.718254 0.495784 0.712081 0.497024 0.708113 0.499008 0.705026 0.499504 0.701058 0.501736 0.693563 0.503224 0.689594 0.504712 0.686508 0.507440 0.684744 0.513393 0.680776 0.517609 0.679894 0.521081 0.676808 0.524306 0.676367 0.528770 0.677690 0.531002 0.682099 0.533482 0.688713 0.535466 0.697090 0.535714 0.700617 0.535466 0.705908 0.533730 0.716931 0.531994 0.727513 0.527778 0.744268 0.518105 0.747795 0.517113 0.753968 0.513641 0.757055 0.510665 0.757937 0.505208 0.756614 0.502232 0.752205 0.499256 0.749118 0.495536
0 0.358025 0.665427 0.352734 0.663690 0.346561 0.663442 0.320547 0.663938 0.310847 0.665427 0.305556 0.665427 0.301146 0.667411 0.291005 0.668403 0.286596 0.671131 0.279541 0.672867 0.274691 0.672867 0.271164 0.673611 0.254850 0.674851 0.236772 0.674851 0.228395 0.677579 0.221781 0.681052 0.219577 0.683780 0.219577 0.686756 0.232804 0.699405 0.235891 0.703869 0.243827 0.708829 0.247354 0.709821 0.251323 0.709821 0.259700 0.708581 0.262787 0.706349 0.267196 0.704861 0.279101 0.703621 0.286596 0.701141 0.299824 0.692708 0.303351 0.691468 0.306878 0.689236 0.320106 0.684276 0.325838 0.680804 0.329365 0.679812 0.334656 0.680556 0.345679 0.686508 0.357584 0.690476 0.358466 0.688740 0.356261 0.685516 0.355820 0.676587 0.358025 0.669891
0 0.489859 0.599702 0.485891 0.600942 0.483245 0.603671 0.481481 0.607143 0.477513 0.609375 0.473545 0.616071 0.471781 0.622024 0.467372 0.629712 0.462081 0.636657 0.460317 0.643105 0.460758 0.654762 0.457672 0.658482 0.457672 0.666667 0.459436 0.671379 0.463404 0.676587 0.466490 0.677331 0.468695 0.681300 0.477513 0.687996 0.482363 0.689980 0.487654 0.687996 0.489418 0.686508 0.489859 0.682292 0.492063 0.678323 0.494268 0.676835 0.498677 0.676091 0.506173 0.676339 0.510582 0.677827 0.513668 0.678075 0.517637 0.679563 0.529101 0.682044 0.533510 0.684276 0.536155 0.684276 0.555115 0.688244 0.557319 0.689980 0.558201 0.692212 0.558201 0.697917 0.555996 0.701637 0.562610 0.706101 0.562610 0.713046 0.563933 0.716518 0.566578 0.717510 0.572310 0.717262 0.576279 0.713294 0.578483 0.702133 0.583774 0.700645 0.588183 0.697421 0.596561 0.692956 0.604056 0.690724 0.607143 0.690476 0.610670 0.687004 0.613316 0.685764 0.613757 0.684772 0.611552 0.681052 0.613316 0.677579 0.616402 0.675099 0.616402 0.673115 0.615520 0.672619 0.611552 0.672619 0.608907 0.669147 0.607143 0.668155 0.596561 0.664435 0.595238 0.665427 0.593034 0.671627 0.582892 0.674851 0.580688 0.674851 0.576720 0.673115 0.564374 0.671875 0.559083 0.669147 0.551587 0.666915 0.548060 0.665179 0.543210 0.661458 0.539683 0.657242 0.533069 0.654018 0.529982 0.649306 0.524691 0.645833 0.521605 0.642113 0.515873 0.638889 0.515873 0.630704 0.519400 0.628968 0.521605 0.628968 0.525573 0.630456 0.528660 0.630704 0.533510 0.633433 0.536596 0.633929 0.543210 0.637401 0.556878 0.646329 0.561287 0.647569 0.571429 0.649058 0.575838 0.650794 0.578483 0.650050 0.579365 0.647073 0.576279 0.634921 0.574074 0.633681 0.562169 0.630456 0.552469 0.630208 0.548501 0.628720 0.544533 0.626240 0.533510 0.623016 0.520723 0.624504 0.515432 0.622520 0.505291 0.614583 0.501323 0.612599 0.497354 0.602679 0.493386 0.599950
0 0.252205 0.535466 0.248236 0.538194 0.241623 0.540427 0.240741 0.541419 0.241623 0.545387 0.246473 0.549355 0.249118 0.553571 0.252646 0.556548 0.258818 0.559028 0.263228 0.559772 0.266314 0.561260 0.272046 0.562004 0.275132 0.560020 0.279982 0.549851 0.283951 0.545139 0.284832 0.542411 0.283951 0.538194 0.281305 0.536210 0.271164 0.534474 0.259259 0.534474
0 0.388448 0.713790 0.376984 0.712302 0.366843 0.712798 0.361552 0.714534 0.351852 0.719990 0.345238 0.728175 0.343474 0.735615 0.343915 0.740823 0.345238 0.743800 0.349647 0.748760 0.353175 0.750248 0.358025 0.750248 0.365520 0.749256 0.370811 0.747272 0.379189 0.741567 0.383598 0.736855 0.389771 0.732391 0.393739 0.725446 0.393739 0.719246 0.392416 0.716270
0 0.354938 0.625744 0.344797 0.625744 0.337743 0.626488 0.332451 0.629216 0.327601 0.634177 0.325838 0.641369 0.326279 0.651042 0.328483 0.658234 0.330247 0.659474 0.332451 0.659970 0.347002 0.660714 0.352734 0.659226 0.355820 0.656746 0.359788 0.648562 0.366843 0.639385 0.365961 0.633681 0.362434 0.628720 0.359347 0.626736
0 0.368607 0.663690 0.362875 0.666419 0.359347 0.670139 0.357584 0.673363 0.356702 0.678571 0.358907 0.687252 0.369048 0.696925 0.377425 0.702629 0.382716 0.703869 0.389330 0.706349 0.400353 0.707093 0.406085 0.702629 0.415344 0.700893 0.418871 0.697917 0.418871 0.693452 0.415785 0.686508 0.404762 0.677579 0.388448 0.668403 0.377866 0.664435 0.373898 0.663690
0 0.706790 0.613095 0.704586 0.613095 0.700617 0.615079 0.697090 0.615575 0.694885 0.616815 0.688713 0.618552 0.686949 0.620784 0.679453 0.625992 0.667549 0.636657 0.658730 0.641865 0.656526 0.646329 0.649471 0.653522 0.649471 0.657242 0.651235 0.658978 0.657407 0.660218 0.662698 0.659970 0.670194 0.658978 0.673721 0.657490 0.678131 0.657242 0.685626 0.655506 0.690035 0.653274 0.693563 0.652282 0.696208 0.650050 0.703263 0.646825 0.710317 0.640873 0.716490 0.636905 0.719136 0.633185 0.722663 0.630704 0.723104 0.627232 0.722222 0.626240 0.710758 0.621776 0.706790 0.619544 0.707672 0.616815 0.707672 0.613839
0 0.803792 0.653274 0.798501 0.649802 0.783069 0.645833 0.779982 0.644345 0.764550 0.641865 0.751764 0.642113 0.731922 0.648810 0.713845 0.650298 0.708995 0.649802 0.704586 0.651786 0.701058 0.652530 0.698413 0.655010 0.695767 0.664931 0.695767 0.673859 0.697531 0.676835 0.700176 0.677331 0.705467 0.679812 0.712963 0.680308 0.725309 0.678075 0.728395 0.678323 0.732363 0.677331 0.736772 0.677331 0.738977 0.676587 0.745591 0.677331 0.755291 0.675099 0.767637 0.674355 0.774691 0.673115 0.780423 0.671379 0.786155 0.670635 0.791005 0.668899 0.802910 0.662202 0.805556 0.658978
0 0.917108 0.516865 0.913580 0.516865 0.910494 0.518105 0.908289 0.520089 0.902998 0.529266 0.890653 0.537698 0.884039 0.541171 0.884921 0.542907 0.889330 0.546131 0.890212 0.552579 0.887125 0.554563 0.880952 0.557044 0.879630 0.558780 0.876102 0.560764 0.872134 0.574653 0.869489 0.576637 0.867725 0.584573 0.865520 0.588046 0.864638 0.594990 0.865520 0.600198 0.869489 0.610119 0.872575 0.613095 0.877866 0.612351 0.885802 0.604911 0.888889 0.600198 0.890212 0.593750 0.896384 0.588046 0.897266 0.584821 0.901235 0.580109 0.902116 0.577381 0.904762 0.574901 0.906526 0.570685 0.918871 0.563492 0.924162 0.557044 0.925044 0.544395 0.929453 0.538938 0.929453 0.533482 0.927690 0.527034 0.924603 0.521329 0.920635 0.518353
0 0.731041 0.351438 0.728836 0.353175 0.727954 0.356647 0.729277 0.364583 0.734127 0.373760 0.740300 0.378224 0.769841 0.387401 0.791446 0.395833 0.794092 0.396081 0.797619 0.397569 0.802910 0.398562 0.818342 0.403274 0.824074 0.406002 0.832451 0.407986 0.837743 0.410714 0.840829 0.410714 0.845238 0.412698 0.850088 0.411210 0.851411 0.407738 0.849206 0.406002 0.841270 0.402282 0.837302 0.401538 0.833774 0.399802 0.822310 0.396329 0.810406 0.390377 0.799824 0.386905 0.794092 0.382937 0.783510 0.377976 0.777778 0.373512 0.775573 0.368552 0.763668 0.358631 0.758818 0.352927 0.755291 0.350694 0.748236 0.347718 0.740741 0.347470 0.736332 0.348710
0 0.642857 0.619792 0.634039 0.619792 0.623016 0.622024 0.618607 0.622272 0.614638 0.623760 0.595679 0.625744 0.584656 0.629216 0.582892 0.630208 0.579806 0.634425 0.580247 0.638889 0.584215 0.646825 0.587302 0.650050 0.588183 0.652778 0.595679 0.658482 0.597443 0.660714 0.600970 0.662946 0.611993 0.666915 0.619489 0.668899 0.622575 0.668899 0.626984 0.670635 0.635362 0.670387 0.639771 0.667659 0.640212 0.665427 0.636684 0.663690 0.635362 0.661954 0.631834 0.660466 0.630952 0.658482 0.627425 0.657738 0.624339 0.656002 0.619929 0.650546 0.616402 0.647817 0.616402 0.642857 0.622134 0.640873 0.631393 0.640625 0.644621 0.638889 0.658289 0.635665 0.667549 0.631448 0.666667 0.627480 0.664903 0.626240 0.656526 0.624256 0.650794 0.621776
0 0.517196 0.631200 0.515873 0.634425 0.517196 0.639385 0.520282 0.641369 0.525573 0.647073 0.529982 0.649554 0.533069 0.653522 0.538360 0.656746 0.543651 0.662946 0.548942 0.665923 0.562610 0.670883 0.568342 0.672123 0.572310 0.672123 0.580247 0.674107 0.584656 0.674107 0.591711 0.671131 0.593474 0.668899 0.595238 0.663690 0.595238 0.660466 0.592593 0.656746 0.582011 0.653522 0.563933 0.649802 0.556878 0.646577 0.541887 0.638145 0.537919 0.637401 0.529101 0.631944 0.521164 0.630208
0 0.596120 0.534722 0.579365 0.534722 0.567460 0.541419 0.567901 0.543899 0.564815 0.543899 0.560406 0.547371 0.556437 0.547867 0.553351 0.550099 0.548501 0.551587 0.544092 0.555060 0.541005 0.555060 0.532628 0.558284 0.525573 0.559524 0.516314 0.564732 0.514109 0.568204 0.500882 0.582341 0.499118 0.586806 0.498236 0.596478 0.500441 0.604415 0.505732 0.611607 0.509259 0.614583 0.516755 0.618800 0.522046 0.619296 0.529541 0.618056 0.536596 0.615823 0.548942 0.607887 0.552469 0.608631 0.554674 0.610367 0.555996 0.614087 0.555996 0.616071 0.551146 0.625496 0.551587 0.627480 0.552910 0.628224 0.557760 0.628224 0.561728 0.627232 0.569224 0.623512 0.570988 0.620040 0.577160 0.614583 0.578483 0.610119 0.581570 0.606647 0.582451 0.603423 0.584656 0.600198 0.584656 0.595238 0.573192 0.588046 0.564374 0.586558 0.553351 0.585813 0.551146 0.584573 0.551146 0.583829 0.553351 0.581845 0.557760 0.570685 0.561287 0.568948 0.563933 0.564980 0.576279 0.560764 0.579806 0.556548 0.587743 0.553323 0.592152 0.550595 0.595679 0.546379 0.599647 0.546627 0.607584 0.544643 0.609347 0.541667 0.608907 0.540179 0.602734 0.536706
0 0.213404 0.454365 0.208113 0.449901 0.199295 0.445933 0.192681 0.444196 0.189594 0.443948 0.186067 0.442708 0.175044 0.442708 0.167108 0.443452 0.150353 0.447421 0.142857 0.451885 0.142416 0.455853 0.149030 0.461806 0.154321 0.463790 0.156085 0.466022 0.156085 0.467262 0.154321 0.468502 0.150794 0.468998 0.145944 0.468502 0.142416 0.466518 0.141093 0.466518 0.139330 0.467510 0.138007 0.466766 0.139771 0.464534 0.139330 0.461558 0.138448 0.461062 0.134480 0.461310 0.126984 0.460317 0.122575 0.463294 0.124780 0.465526 0.124780 0.467510 0.123016 0.468750 0.115520 0.467510 0.106702 0.470238 0.106261 0.471726 0.111111 0.475198 0.123016 0.476438 0.130511 0.478423 0.134039 0.477679 0.139771 0.478175 0.142416 0.477183 0.147266 0.477431 0.173721 0.475694 0.185185 0.471478 0.189594 0.468502 0.192681 0.467758 0.197531 0.465030 0.201058 0.464038 0.209436 0.459325 0.213404 0.455853
0 0.345679 0.516865 0.332892 0.514385 0.328924 0.514385 0.325397 0.515129 0.313492 0.513889 0.310847 0.514881 0.306437 0.515377 0.298060 0.521577 0.289683 0.532490 0.287919 0.544395 0.281746 0.548611 0.278660 0.556796 0.278219 0.568204 0.276455 0.572917 0.276455 0.576141 0.279541 0.579117 0.281305 0.583829 0.283510 0.586062 0.295414 0.587054 0.298942 0.584077 0.298501 0.579861 0.301587 0.576885 0.299824 0.572669 0.299824 0.566964 0.298942 0.565476 0.299824 0.561508 0.298060 0.552331 0.298942 0.541171 0.301146 0.536210 0.305996 0.530010 0.314374 0.526290 0.316578 0.526290 0.326279 0.528522 0.339065 0.533482 0.342152 0.535466 0.345238 0.540427 0.350088 0.544643 0.349206 0.557540 0.351852 0.561260 0.356702 0.562252 0.364638 0.561260 0.372134 0.556548 0.373457 0.554812 0.373898 0.551587 0.370370 0.544395 0.371252 0.536210 0.369929 0.532242 0.364198 0.528026 0.358025 0.522073 0.350970 0.518601
0 0.142416 0.653770 0.138889 0.655506 0.134921 0.656498 0.130071 0.660466 0.129189 0.662202 0.129189 0.666915 0.130952 0.670139 0.134921 0.674107 0.145062 0.679812 0.154321 0.682044 0.162698 0.682044 0.171958 0.677827 0.176367 0.673859 0.169312 0.661954 0.168430 0.657738 0.165785 0.655506 0.161817 0.654514 0.152116 0.653274
2 0.646825 0.503472 0.640212 0.502728 0.628307 0.503472 0.622134 0.505208 0.619048 0.504960 0.614638 0.506200 0.603616 0.506944 0.598325 0.508681 0.591711 0.509921 0.572751 0.511409 0.567901 0.512897 0.564374 0.513145 0.560406 0.514633 0.546296 0.515129 0.541446 0.515873 0.533510 0.518849 0.525573 0.519345 0.517637 0.520833 0.513228 0.522569 0.497354 0.525298 0.492063 0.527778 0.488095 0.532986 0.486772 0.537946 0.488977 0.540675 0.488095 0.544891 0.489859 0.546379 0.491623 0.553323 0.497354 0.556052 0.502646 0.556300 0.509259 0.560764 0.508377 0.563244 0.501323 0.565476 0.500882 0.571181 0.501764 0.576141 0.502646 0.576141 0.503086 0.573909 0.505291 0.572173 0.504850 0.568948 0.506173 0.567460 0.509700 0.565972 0.513668 0.565228 0.517637 0.562500 0.533069 0.556548 0.540123 0.555308 0.544974 0.555556 0.549383 0.550099 0.556437 0.547619 0.560406 0.547619 0.562169 0.546379 0.564815 0.541419 0.567901 0.539931 0.575397 0.539187 0.580688 0.534474 0.583774 0.533978 0.599206 0.534474 0.604056 0.536210 0.606702 0.536458 0.612434 0.539931 0.613316 0.540923 0.612875 0.544395 0.607584 0.546131 0.595679 0.547867 0.592152 0.551835 0.575838 0.561508 0.571429 0.562500 0.562610 0.567956 0.559524 0.572173 0.556878 0.578373 0.555115 0.580109 0.555996 0.583581 0.557319 0.584325 0.570106 0.586558 0.573633 0.588294 0.576720 0.591766 0.581570 0.592758 0.586420 0.595238 0.585538 0.601190 0.582892 0.607639 0.578483 0.612351 0.576720 0.615327 0.575838 0.620536 0.573192 0.623016 0.573633 0.624256 0.576279 0.625992 0.584656 0.626240 0.592152 0.625744 0.596120 0.624752 0.600088 0.624752 0.622134 0.620288 0.627866 0.618304 0.633598 0.617560 0.639771 0.617560 0.643298 0.616071 0.647266 0.616071 0.653880 0.614831 0.658289 0.611607 0.666667 0.611359 0.680776 0.614583 0.686067 0.615079 0.694004 0.613095 0.697090 0.611359 0.701499 0.610615 0.705908 0.608631 0.708113 0.608383 0.712963 0.604415 0.716490 0.599454 0.716931 0.594990 0.715608 0.593006 0.712522 0.590774 0.704586 0.587302 0.696208 0.575397 0.688713 0.568948 0.687831 0.563244 0.684744 0.559524 0.682981 0.552331 0.684744 0.549355 0.684303 0.544395 0.682981 0.541667 0.671958 0.532986 0.669753 0.523562 0.663139 0.518353 0.657848 0.516121 0.656526 0.509921 0.654321 0.505952 0.652116 0.504712
2 0.324515 0.548611 0.321869 0.552579 0.326279 0.556796 0.326720 0.561012 0.323633 0.563740 0.322751 0.569196 0.323633 0.572173 0.327160 0.576637 0.334215 0.578621 0.348325 0.578125 0.360229 0.579365 0.365520 0.582341 0.368607 0.585317 0.376102 0.588046 0.392416 0.589038 0.405644 0.592262 0.408289 0.594990 0.407407 0.597718 0.407848 0.606647 0.410053 0.608135 0.419312 0.610119 0.435185 0.608383 0.438713 0.603671 0.440035 0.603175 0.444004 0.604663 0.450617 0.604911 0.456790 0.605903 0.463404 0.604663 0.465608 0.605159 0.467813 0.604911 0.471340 0.602431 0.474427 0.602431 0.476631 0.600446 0.482363 0.597718 0.485009 0.593502 0.486772 0.592758 0.490741 0.592758 0.492063 0.592262 0.492504 0.589782 0.491623 0.587550 0.497795 0.584325 0.497354 0.580109 0.501323 0.575893 0.502205 0.572421 0.506614 0.568700 0.507937 0.560020 0.505291 0.558532 0.500882 0.557540 0.498236 0.555556 0.495591 0.555308 0.494268 0.554563 0.492063 0.549355 0.494268 0.545883 0.493827 0.542411 0.492504 0.540179 0.487213 0.536706 0.470899 0.539435 0.466049 0.542411 0.458554 0.544395 0.455467 0.544395 0.452381 0.542659 0.451058 0.540427 0.448854 0.539931 0.444004 0.536458 0.439594 0.535962 0.436067 0.533482 0.434744 0.533482 0.431658 0.534970 0.424162 0.535218 0.420194 0.539931 0.416226 0.539931 0.410935 0.541667 0.408730 0.541419 0.407848 0.540675 0.407848 0.536706 0.405203 0.533234 0.405203 0.529514 0.404321 0.528770 0.399030 0.528770 0.397266 0.529762 0.398148 0.532738 0.395944 0.534226 0.393298 0.534722 0.391975 0.533730 0.391975 0.531746 0.395062 0.529514 0.388448 0.526786 0.384039 0.526786 0.380952 0.528026 0.376543 0.528522 0.375220 0.529762 0.373898 0.541171 0.372575 0.544395 0.373898 0.548363 0.373457 0.555308 0.370811 0.558284 0.364638 0.562004 0.354056 0.562252 0.349647 0.560268 0.345238 0.556300 0.344797 0.548363 0.342593 0.545635 0.326720 0.547619
2 0.850529 0.549355 0.845679 0.549107 0.843034 0.553571 0.840829 0.555060 0.837302 0.556052 0.832892 0.555804 0.830688 0.557292 0.827601 0.554563 0.819665 0.553323 0.814815 0.551091 0.802028 0.547123 0.791887 0.545635 0.787037 0.545883 0.782628 0.546875 0.780423 0.548115 0.778660 0.551587 0.771164 0.560516 0.767637 0.561756 0.760582 0.565972 0.755732 0.566964 0.752205 0.563988 0.753527 0.560268 0.752646 0.556796 0.755732 0.555556 0.757496 0.553323 0.757496 0.549355 0.756173 0.547867 0.751323 0.547619 0.748236 0.549603 0.739859 0.551091 0.733686 0.549107 0.728836 0.545883 0.720899 0.544395 0.712081 0.546627 0.708554 0.548363 0.704586 0.549107 0.701940 0.548115 0.700176 0.548611 0.700176 0.549603 0.704145 0.551339 0.708554 0.559276 0.714286 0.565476 0.715608 0.568700 0.714286 0.584077 0.717372 0.590774 0.719136 0.599454 0.724868 0.603423 0.724427 0.606647 0.718695 0.609871 0.715168 0.614583 0.714727 0.619296 0.719136 0.623016 0.724868 0.626488 0.726190 0.630952 0.724868 0.632688 0.720899 0.634921 0.717813 0.639881 0.712963 0.641369 0.710758 0.643105 0.710758 0.646329 0.712522 0.647817 0.717372 0.648562 0.732363 0.648065 0.734568 0.645585 0.735450 0.642361 0.737213 0.641121 0.741182 0.641121 0.744268 0.640377 0.747354 0.640873 0.751764 0.640377 0.756173 0.640625 0.761023 0.639633 0.764550 0.637897 0.769400 0.636657 0.775132 0.633433 0.780423 0.632440 0.787037 0.628472 0.793651 0.626240 0.800265 0.625000 0.815256 0.619048 0.822751 0.617312 0.826720 0.617063 0.838624 0.610367 0.850088 0.608135 0.853175 0.603671 0.858907 0.601190 0.860229 0.599454 0.860229 0.595734 0.862434 0.592262 0.861552 0.587550 0.863757 0.585317 0.864638 0.580357 0.867284 0.576885 0.867284 0.567708 0.865961 0.563492 0.861552 0.560268 0.858466 0.553323
2 0.741182 0.740079 0.740741 0.735863 0.736332 0.733879 0.732363 0.726438 0.727954 0.723958 0.724427 0.720734 0.721781 0.720238 0.717372 0.717758 0.713404 0.716766 0.706349 0.712054 0.705026 0.704365 0.697090 0.696181 0.696649 0.693204 0.698413 0.689236 0.697531 0.681548 0.689153 0.674355 0.693563 0.662450 0.693122 0.657738 0.690917 0.656746 0.681658 0.657490 0.669312 0.661954 0.666226 0.662450 0.659612 0.665427 0.658289 0.667163 0.654762 0.678323 0.645503 0.684276 0.638007 0.687004 0.616402 0.688740 0.613757 0.689980 0.607143 0.695437 0.601411 0.696677 0.583774 0.704365 0.579365 0.707341 0.576279 0.716518 0.573192 0.718006 0.568783 0.719246 0.564374 0.718254 0.559524 0.714286 0.553792 0.712054 0.549824 0.711558 0.544974 0.709077 0.520282 0.708581 0.514991 0.709573 0.512787 0.712550 0.512346 0.716518 0.515873 0.720982 0.525132 0.724206 0.533510 0.725446 0.541005 0.725198 0.553792 0.726190 0.565256 0.725694 0.574515 0.727927 0.582892 0.727679 0.590829 0.730407 0.600088 0.732639 0.608466 0.733135 0.611111 0.732143 0.612875 0.732143 0.621252 0.733879 0.628748 0.734127 0.639330 0.733879 0.642857 0.732887 0.646384 0.734375 0.652116 0.735367 0.654321 0.736607 0.652998 0.738591 0.648148 0.742312 0.641975 0.745040 0.637125 0.750992 0.637125 0.752728 0.641534 0.757440 0.651235 0.760913 0.671076 0.761161 0.678131 0.760417 0.685185 0.758681 0.694004 0.755456 0.697531 0.755456 0.716049 0.752976 0.721781 0.750248 0.732804 0.748016
2 0.360670 0.344494 0.352734 0.349454 0.350529 0.353175 0.351411 0.360863 0.355379 0.365823 0.357143 0.373016 0.359347 0.375992 0.363757 0.378224 0.369048 0.379464 0.387566 0.381448 0.403439 0.386161 0.408730 0.386409 0.423280 0.388641 0.427249 0.390129 0.435626 0.390377 0.440917 0.386905 0.447090 0.385665 0.455026 0.385417 0.458554 0.384673 0.461199 0.383185 0.466490 0.382192 0.471781 0.377976 0.475309 0.377232 0.478395 0.375744 0.481922 0.375496 0.486772 0.373760 0.490300 0.373512 0.493386 0.371776 0.497795 0.370536 0.501323 0.367560 0.505732 0.365575 0.509259 0.362103 0.508818 0.360615 0.503086 0.357391 0.498677 0.349454 0.491182 0.343254 0.482363 0.338542 0.475750 0.337302 0.467372 0.337302 0.456790 0.339038 0.451499 0.339286 0.447972 0.337302 0.441358 0.335813 0.433862 0.334821 0.423280 0.334573 0.419753 0.335565 0.416226 0.335565 0.411376 0.336806 0.408289 0.336806 0.400794 0.339534 0.395503 0.342262 0.376984 0.341766
2 0.299383 0.375248 0.297619 0.374504 0.290564 0.374256 0.287037 0.375248 0.274691 0.376240 0.256173 0.383681 0.252205 0.384177 0.247795 0.385913 0.243386 0.386657 0.236772 0.388641 0.232804 0.390873 0.227954 0.391865 0.215608 0.399058 0.205908 0.403274 0.201499 0.406250 0.197531 0.407242 0.186508 0.414187 0.165344 0.425843 0.161817 0.429315 0.157407 0.431796 0.155644 0.435764 0.152557 0.438492 0.152116 0.440724 0.153439 0.443700 0.154321 0.444196 0.159612 0.444196 0.174162 0.441964 0.184744 0.441964 0.192240 0.443452 0.201940 0.446429 0.216049 0.454365 0.224427 0.454365 0.229718 0.452629 0.234568 0.449653 0.236772 0.446429 0.243827 0.440476 0.248677 0.437996 0.252205 0.432044 0.262346 0.424603 0.267196 0.415179 0.276896 0.406250 0.281305 0.399306 0.284392 0.397321 0.289242 0.391121 0.292328 0.389137 0.296737 0.383433 0.299824 0.381200 0.300265 0.376240
2 0.087302 0.561508 0.084656 0.564732 0.083774 0.569444 0.086861 0.574653 0.091711 0.579613 0.093474 0.584077 0.099206 0.588542 0.102734 0.593998 0.107143 0.598214 0.107584 0.600694 0.104938 0.603423 0.104938 0.604415 0.107143 0.605407 0.110670 0.610615 0.113757 0.611111 0.121252 0.611111 0.125661 0.610119 0.139330 0.610615 0.147266 0.614087 0.151235 0.618800 0.156966 0.622768 0.161376 0.624752 0.166226 0.625992 0.177690 0.626984 0.181217 0.627976 0.184744 0.628224 0.189594 0.629960 0.195326 0.630952 0.197972 0.630952 0.201499 0.629216 0.204586 0.624752 0.212963 0.619048 0.217372 0.617312 0.220018 0.614831 0.227513 0.611359 0.242945 0.610119 0.258818 0.610615 0.270282 0.612847 0.272928 0.614087 0.278219 0.625248 0.281746 0.627480 0.282187 0.631200 0.281305 0.635169 0.282628 0.635913 0.286596 0.635665 0.295414 0.631200 0.296296 0.628720 0.295855 0.625992 0.293651 0.625744 0.290564 0.626488 0.287919 0.625248 0.286596 0.623512 0.290123 0.620784 0.295855 0.617808 0.298060 0.615079 0.298501 0.611607 0.303351 0.608135 0.304233 0.602431 0.303351 0.595734 0.302469 0.594990 0.295414 0.593998 0.290123 0.593998 0.288360 0.594494 0.284832 0.593998 0.283069 0.593006 0.279101 0.588294 0.275573 0.588790 0.272928 0.587302 0.271164 0.580109 0.267637 0.578621 0.264991 0.575645 0.263228 0.574653 0.259259 0.574405 0.252646 0.572173 0.249118 0.567708 0.242504 0.563492 0.237213 0.562500 0.232363 0.560516 0.224427 0.558532 0.220899 0.558284 0.216931 0.556796 0.206349 0.557292 0.201499 0.558532 0.177249 0.558780 0.173721 0.557292 0.169312 0.554067 0.160494 0.553075 0.154762 0.553571 0.147266 0.553323 0.138007 0.550595 0.132275 0.549603 0.125220 0.549603 0.119048 0.550347 0.111111 0.552579 0.106702 0.554812 0.102293 0.555804 0.099206 0.557292 0.094797 0.558036
0 0.188713 0.494296 0.183422 0.501240 0.182099 0.504464 0.182099 0.515625 0.185185 0.521329 0.189153 0.525298 0.196649 0.529762 0.210758 0.532490 0.218695 0.535466 0.225750 0.537202 0.239418 0.539435 0.248236 0.537698 0.252646 0.533730 0.269400 0.533234 0.275132 0.534226 0.283510 0.534474 0.290564 0.530258 0.292769 0.526290 0.292769 0.520585 0.291887 0.517361 0.287919 0.513393 0.284392 0.502480 0.281305 0.499504 0.270723 0.493552 0.267637 0.493056 0.263668 0.491319 0.255732 0.489831 0.252646 0.489831 0.246914 0.487599 0.237654 0.486607 0.219577 0.486607 0.216049 0.487351 0.211199 0.487351 0.202822 0.488839 0.197531 0.490327
2 0.546296 0.503968 0.544533 0.501240 0.541887 0.499752 0.529101 0.496776 0.502646 0.497768 0.496473 0.500248 0.490741 0.500992 0.481041 0.500744 0.477954 0.501736 0.474427 0.501984 0.470899 0.503472 0.466490 0.503720 0.460317 0.505208 0.458113 0.506944 0.457231 0.513641 0.459436 0.515377 0.466049 0.516369 0.471781 0.521081 0.481041 0.522817 0.482804 0.524058 0.485009 0.527530 0.487654 0.528026 0.492504 0.526538 0.497795 0.523810 0.502646 0.523313 0.507055 0.521329 0.518519 0.518601 0.529982 0.517609 0.538801 0.515377 0.542328 0.513641 0.545414 0.510665
2 0.522046 0.366319 0.515873 0.364583 0.512346 0.364583 0.509259 0.365327 0.497354 0.371528 0.489859 0.373512 0.485450 0.374008 0.481041 0.376736 0.475309 0.378472 0.458995 0.386409 0.454145 0.387153 0.451499 0.388641 0.446649 0.388393 0.439153 0.389881 0.436949 0.391617 0.434744 0.395585 0.432099 0.395585 0.427249 0.397321 0.422840 0.397817 0.407848 0.405010 0.400353 0.406250 0.388448 0.410714 0.384480 0.411458 0.380071 0.413690 0.376984 0.414435 0.365079 0.420883 0.353616 0.424355 0.349206 0.426587 0.345679 0.427083 0.343034 0.430060 0.340829 0.431052 0.337743 0.431300 0.333774 0.435020 0.327160 0.436756 0.320547 0.437500 0.311728 0.439980 0.306437 0.442212 0.302910 0.444692 0.299824 0.445437 0.292328 0.450645 0.286596 0.452381 0.282628 0.452877 0.273369 0.456597 0.271164 0.459077 0.270723 0.462798 0.278219 0.470486 0.274691 0.477679 0.275573 0.481399 0.280423 0.486359 0.283069 0.490823 0.289683 0.493552 0.294092 0.497520 0.294092 0.498760 0.290564 0.501488 0.290564 0.505704 0.294533 0.510913 0.298060 0.513889 0.303792 0.514137 0.310406 0.512153 0.313933 0.510417 0.325838 0.511657 0.330247 0.509921 0.331129 0.507688 0.333774 0.506944 0.335538 0.504464 0.340829 0.500744 0.345238 0.493800 0.354938 0.488839 0.357143 0.488343 0.359347 0.486607 0.359788 0.473214 0.361552 0.469246 0.365961 0.467758 0.370370 0.467510 0.374780 0.466022 0.376543 0.462798 0.380511 0.460317 0.384039 0.455357 0.387566 0.455357 0.392857 0.457837 0.396384 0.458581 0.398589 0.460069 0.404321 0.461062 0.412698 0.465030 0.415344 0.467758 0.424162 0.469990 0.427249 0.469742 0.429894 0.468254 0.439153 0.467510 0.443563 0.466270 0.451499 0.465526 0.459436 0.468998 0.465608 0.469494 0.473986 0.471478 0.482363 0.475198 0.486772 0.478919 0.489418 0.482143 0.488536 0.487103 0.489418 0.487599 0.490741 0.487103 0.492063 0.484871 0.495150 0.483631 0.497795 0.481647 0.498677 0.482143 0.500882 0.494048 0.503527 0.495288 0.530423 0.495784 0.537037 0.496776 0.541446 0.496776 0.548060 0.493056 0.553351 0.492063 0.559965 0.489087 0.564374 0.485367 0.576720 0.483879 0.584215 0.479167 0.588183 0.475198 0.589947 0.471974 0.593915 0.468006 0.594797 0.465774 0.594797 0.455109 0.589506 0.447669 0.588624 0.438988 0.580247 0.429563 0.576720 0.423859 0.564374 0.415675 0.557760 0.406994 0.553351 0.404266 0.549824 0.400546 0.548942 0.397817 0.548942 0.388641 0.545414 0.383929 0.540123 0.380456 0.537037 0.376736 0.532628 0.374504
0 0.187831 0.674355 0.181217 0.674603 0.174162 0.677827 0.169753 0.681796 0.165344 0.684276 0.163139 0.688492 0.163580 0.693452 0.165344 0.696677 0.171517 0.701389 0.176367 0.703125 0.182099 0.703125 0.188713 0.701389 0.194004 0.698413 0.198854 0.691964 0.200617 0.685020 0.200617 0.681052 0.199295 0.678819 0.194004 0.675843
