0 0.716594 0.349950 0.713100 0.348439 0.695633 0.349446 0.689520 0.352467 0.687773 0.354481 0.686900 0.357503 0.681223 0.366062 0.677293 0.377644 0.677729 0.385196 0.679913 0.390735 0.682096 0.393253 0.689520 0.395267 0.696507 0.391239 0.701310 0.391239 0.706114 0.389728 0.718341 0.377644 0.720524 0.373615 0.720524 0.362034 0.719214 0.353978
0 0.597817 0.616314 0.596070 0.622860 0.599127 0.625881 0.600873 0.630916 0.605240 0.637966 0.612664 0.647029 0.617031 0.650554 0.619651 0.651561 0.623581 0.650050 0.625328 0.647029 0.625764 0.641994 0.624017 0.634945 0.619651 0.625881 0.615284 0.623364 0.607860 0.624874 0.604803 0.624371 0.601310 0.621349 0.600437 0.617321 0.599127 0.615811
0 0.633624 0.305639 0.623581 0.298087 0.613100 0.294562 0.603930 0.299597 0.591703 0.300604 0.586463 0.302115 0.579476 0.305639 0.578166 0.307654 0.578603 0.310675 0.584716 0.317221 0.587773 0.322256 0.590393 0.335347 0.595633 0.342900 0.601747 0.343907 0.610044 0.340383 0.624891 0.329809 0.626638 0.326284 0.627948 0.317724 0.630568 0.311682 0.633188 0.308661
0 0.423581 0.191339 0.420524 0.196878 0.420961 0.201410 0.425328 0.212991 0.427074 0.220544 0.431878 0.227090 0.443231 0.233132 0.457205 0.237664 0.459825 0.237664 0.467686 0.234642 0.474672 0.230111 0.475109 0.225076 0.474236 0.221047 0.472052 0.217019 0.468996 0.204431 0.463755 0.190836 0.458952 0.184290 0.452402 0.181772 0.446725 0.182276
0 0.544978 0.178248 0.544105 0.181772 0.544541 0.185297 0.548035 0.195368 0.551092 0.201410 0.563755 0.217019 0.567686 0.218026 0.573799 0.217523 0.593013 0.219033 0.595633 0.218026 0.606550 0.205942 0.606550 0.195368 0.604367 0.183283 0.600437 0.178248 0.588646 0.171702 0.582969 0.170191 0.571616 0.170695 0.560262 0.167674 0.556332 0.168177 0.548472 0.171702
0 0.528384 0.306647 0.526201 0.309668 0.527511 0.322759 0.524891 0.328802 0.524891 0.334340 0.529258 0.339376 0.533624 0.352971 0.538865 0.358006 0.556332 0.362034 0.563755 0.365055 0.568559 0.364048 0.574236 0.357503 0.579913 0.346928 0.588646 0.334340 0.588646 0.326284 0.586463 0.321249 0.579913 0.314199 0.565939 0.305136 0.560699 0.298590 0.558079 0.297583 0.551965 0.298087 0.545415 0.305136 0.540175 0.308157 0.534061 0.308661 0.530568 0.306647
0 0.614847 0.282981 0.614847 0.290030 0.617904 0.294058 0.630131 0.299597 0.639301 0.301611 0.645415 0.305639 0.662445 0.307150 0.670742 0.302115 0.672926 0.295569 0.672926 0.290534 0.674672 0.287009 0.674236 0.282981 0.675109 0.278449 0.672926 0.270393 0.669432 0.265861 0.662009 0.259315 0.654148 0.254280 0.644105 0.253273 0.626638 0.262336 0.621397 0.272407 0.617467 0.276939
0 0.693013 0.222054 0.686900 0.223061 0.679913 0.228097 0.675983 0.235146 0.672926 0.245720 0.672052 0.268379 0.675546 0.278953 0.675546 0.284491 0.672926 0.295569 0.675546 0.301108 0.680349 0.303625 0.682969 0.303625 0.686463 0.301611 0.696507 0.290030 0.703930 0.284995 0.706114 0.280463 0.710917 0.263847 0.710917 0.253273 0.709607 0.242195 0.703930 0.232125
0 0.717467 0.290534 0.709170 0.286506 0.704367 0.286506 0.697380 0.290030 0.688646 0.299597 0.684716 0.305639 0.683843 0.309668 0.686026 0.322256 0.686026 0.330816 0.687773 0.334844 0.694760 0.335851 0.701310 0.332830 0.719651 0.310675 0.723144 0.302618 0.723581 0.299094 0.722271 0.296073
0 0.568122 0.220544 0.565066 0.224572 0.566376 0.246224 0.564192 0.259315 0.562882 0.280967 0.563319 0.292044 0.565939 0.299094 0.571616 0.303625 0.576856 0.304632 0.590830 0.300101 0.602620 0.299094 0.607424 0.297583 0.610917 0.292548 0.613100 0.281974 0.617904 0.267875 0.617904 0.254280 0.615284 0.235650 0.612227 0.232125 0.607860 0.230111 0.599563 0.228600 0.596507 0.229104 0.593013 0.223565 0.585590 0.220040 0.575109 0.219537
0 0.618341 0.157100 0.616594 0.158610 0.614847 0.162638 0.610480 0.164149 0.604803 0.171198 0.602620 0.178248 0.605240 0.181772 0.607860 0.201913 0.610044 0.207452 0.619214 0.212487 0.625328 0.213494 0.630131 0.212991 0.643231 0.205942 0.644978 0.203927 0.652402 0.173716 0.649345 0.166163 0.643231 0.162135 0.639738 0.161128 0.633188 0.161631 0.624017 0.157100
0 0.589520 0.351964 0.588210 0.356999 0.594760 0.373112 0.599127 0.377140 0.608734 0.382175 0.627074 0.386707 0.631441 0.386203 0.633188 0.384189 0.634934 0.378147 0.636245 0.354481 0.635371 0.351964 0.631441 0.347432 0.627948 0.346425 0.625328 0.343907 0.618341 0.340383 0.596943 0.346928
0 0.552402 0.209970 0.549345 0.209970 0.538865 0.218026 0.533188 0.221047 0.528821 0.230111 0.520524 0.236657 0.515721 0.243706 0.515721 0.247734 0.517031 0.251762 0.534061 0.279456 0.538428 0.283484 0.540175 0.287009 0.545415 0.293051 0.548035 0.294562 0.557205 0.292548 0.563319 0.288016 0.563319 0.283988 0.565066 0.278953 0.565502 0.260322 0.566812 0.253776 0.565939 0.224068 0.563319 0.220040
0 0.521397 0.169184 0.516594 0.170191 0.509170 0.176737 0.504367 0.187311 0.499127 0.205438 0.492576 0.220040 0.492140 0.233635 0.493886 0.235650 0.503057 0.239174 0.509170 0.243706 0.511354 0.243202 0.517904 0.235650 0.523581 0.232125 0.529694 0.220544 0.537991 0.209970 0.538865 0.204935 0.541048 0.200906 0.541048 0.193353 0.537991 0.188822 0.533624 0.188318 0.530131 0.185297 0.527511 0.173212 0.525328 0.170695
1 0.548035 0.559416 0.543668 0.563948 0.538865 0.575025 0.537991 0.584592 0.540611 0.594663 0.548035 0.604230 0.554148 0.608761 0.566376 0.613293 0.572052 0.614300 0.576856 0.613293 0.581223 0.607754 0.581223 0.602719 0.579039 0.598187 0.562445 0.576032 0.558079 0.560423 0.553712 0.557402
0 0.609170 0.559919 0.603493 0.561934 0.601747 0.564451 0.600873 0.567472 0.600873 0.580060 0.603057 0.591138 0.605240 0.596677 0.607860 0.599194 0.611790 0.599698 0.615721 0.597684 0.617904 0.593656 0.616594 0.580564 0.617031 0.567472 0.616157 0.563444 0.613974 0.560926
2 0.686900 0.407351 0.682096 0.405841 0.673362 0.406848 0.665066 0.405337 0.658515 0.406848 0.652838 0.410373 0.649345 0.410876 0.633624 0.403827 0.630568 0.399799 0.627511 0.398792 0.623144 0.392246 0.610917 0.390232 0.607424 0.387210 0.600437 0.383686 0.596070 0.383686 0.591266 0.379658 0.583406 0.379658 0.576856 0.377140 0.556332 0.376133 0.552402 0.372105 0.548035 0.370091 0.542795 0.365559 0.540175 0.365055 0.538865 0.368077 0.533188 0.368580 0.529694 0.375126 0.528821 0.380665 0.525328 0.387210 0.525328 0.389225 0.527948 0.392246 0.527948 0.393756 0.524891 0.395770 0.522271 0.403827 0.515721 0.410373 0.513974 0.414401 0.508734 0.416918 0.506114 0.419940 0.503057 0.420947 0.498690 0.429507 0.490830 0.437563 0.474236 0.445116 0.462009 0.446123 0.442795 0.451158 0.439738 0.455186 0.436245 0.455690 0.434498 0.458711 0.431878 0.460222 0.427948 0.466264 0.426201 0.471803 0.422271 0.476334 0.420087 0.483887 0.410917 0.497986 0.406550 0.501007 0.400437 0.503021 0.391266 0.504532 0.388646 0.503021 0.384279 0.503525 0.380786 0.502518 0.374236 0.507553 0.367686 0.507049 0.360699 0.512085 0.357205 0.519637 0.349345 0.527694 0.344978 0.527694 0.344105 0.528701 0.344105 0.530715 0.346288 0.533233 0.341921 0.537261 0.337991 0.538268 0.332314 0.545821 0.331878 0.548338 0.328821 0.551360 0.322707 0.561430 0.320087 0.568479 0.317904 0.571501 0.308734 0.576032 0.303493 0.574018 0.299127 0.574018 0.296943 0.571501 0.294760 0.570997 0.292140 0.576032 0.293013 0.579557 0.290393 0.582578 0.282096 0.598691 0.282096 0.611279 0.279913 0.624371 0.279913 0.631923 0.278603 0.633938 0.278603 0.642497 0.281223 0.645015 0.281659 0.647029 0.285590 0.648540 0.293450 0.657603 0.296070 0.686304 0.298253 0.693857 0.305240 0.705942 0.307860 0.717523 0.310917 0.722054 0.317904 0.728600 0.316157 0.731621 0.317467 0.739678 0.321397 0.741188 0.328821 0.741188 0.331878 0.743202 0.334498 0.747734 0.341048 0.748238 0.348035 0.756798 0.346288 0.758308 0.346288 0.760826 0.348908 0.758308 0.351092 0.759819 0.348908 0.760826 0.348035 0.763343 0.354585 0.764350 0.361135 0.769386 0.372926 0.767372 0.375546 0.763847 0.383406 0.760322 0.387773 0.760322 0.393886 0.762336 0.399127 0.768379 0.400873 0.778449 0.405677 0.780967 0.408297 0.785498 0.417467 0.784995 0.428384 0.788016 0.437555 0.795569 0.439738 0.798590 0.449782 0.802618 0.459389 0.800101 0.467686 0.791037 0.472052 0.781470 0.474236 0.779456 0.481223 0.777442 0.488210 0.777442 0.489956 0.775428 0.499127 0.775428 0.502183 0.778449 0.496943 0.781470 0.494323 0.787009 0.491266 0.786002 0.490393 0.780463 0.486900 0.782981 0.487773 0.791037 0.490393 0.795065 0.491703 0.809164 0.493013 0.811682 0.496070 0.812689 0.498690 0.812185 0.510044 0.797583 0.514410 0.795569 0.520087 0.791037 0.525328 0.789023 0.536245 0.788520 0.544105 0.786506 0.560699 0.779960 0.565502 0.775932 0.576856 0.772910 0.580349 0.770393 0.589083 0.769889 0.594323 0.771400 0.593013 0.787513 0.595197 0.789527 0.600873 0.788016 0.609607 0.780463 0.614847 0.778449 0.622707 0.772407 0.624454 0.767372 0.621834 0.763847 0.624454 0.752266 0.627948 0.743706 0.636245 0.730614 0.647598 0.716516 0.650218 0.710977 0.653275 0.707452 0.658952 0.702920 0.664629 0.701410 0.666376 0.697885 0.672052 0.692346 0.673799 0.688822 0.675546 0.690332 0.675983 0.694361 0.678166 0.694864 0.679476 0.690836 0.681659 0.688318 0.688646 0.685297 0.693886 0.679255 0.695633 0.671702 0.699127 0.666163 0.700873 0.665156 0.705677 0.665660 0.710480 0.667674 0.712227 0.669688 0.714410 0.669688 0.716594 0.667674 0.717467 0.661631 0.715284 0.648036 0.715284 0.637966 0.718777 0.619335 0.721397 0.616818 0.731878 0.616818 0.744541 0.614804 0.744105 0.611782 0.741921 0.609265 0.740175 0.599698 0.735371 0.591138 0.741048 0.584592 0.741485 0.581067 0.744541 0.578550 0.748472 0.577543 0.750655 0.572508 0.749345 0.569486 0.747162 0.567976 0.740175 0.567976 0.728821 0.565962 0.722271 0.561934 0.720087 0.558912 0.715284 0.543807 0.713537 0.521652 0.713974 0.515609 0.717904 0.513595 0.717904 0.512085 0.712227 0.506546 0.709607 0.502014 0.708734 0.493958 0.704367 0.482880 0.704367 0.478852 0.708297 0.470292 0.708734 0.466767 0.704803 0.450655 0.703930 0.438570 0.702183 0.435549 0.696507 0.432024 0.689083 0.420443 0.689083 0.414904
0 0.457205 0.244209 0.444105 0.235146 0.439301 0.234642 0.427948 0.227593 0.423581 0.227090 0.412664 0.219537 0.408734 0.219033 0.396070 0.212991 0.388210 0.210977 0.384716 0.210977 0.381223 0.213494 0.381659 0.219537 0.390393 0.228600 0.386026 0.233132 0.373362 0.234139 0.368996 0.238167 0.364192 0.235650 0.357642 0.230111 0.354148 0.230614 0.350218 0.227593 0.342795 0.226083 0.337991 0.226586 0.323144 0.249748 0.319214 0.261833 0.313974 0.269889 0.310917 0.277946 0.291266 0.294058 0.283406 0.304632 0.280786 0.311178 0.267249 0.325780 0.262009 0.347936 0.255459 0.355992 0.251965 0.355992 0.249345 0.353474 0.244105 0.354481 0.240175 0.352467 0.236245 0.348439 0.233188 0.340383 0.231004 0.338872 0.228821 0.338872 0.224454 0.340886 0.219214 0.349950 0.211354 0.356495 0.204803 0.358510 0.197380 0.358006 0.193450 0.361531 0.193450 0.365559 0.195633 0.369587 0.205677 0.381672 0.219214 0.393253 0.223144 0.399799 0.222707 0.402316 0.217031 0.411883 0.211790 0.417925 0.202620 0.416918 0.190393 0.417422 0.186026 0.415911 0.173799 0.415408 0.165502 0.424471 0.164192 0.433535 0.165939 0.439074 0.168996 0.444109 0.179039 0.452669 0.188210 0.467774 0.203057 0.483887 0.208297 0.492447 0.212227 0.502014 0.216594 0.508056 0.220087 0.518127 0.220087 0.522155 0.232314 0.538268 0.233188 0.542296 0.232314 0.553374 0.232751 0.567472 0.234934 0.586606 0.234498 0.618832 0.235808 0.621349 0.240175 0.620342 0.241048 0.618832 0.246725 0.580564 0.244541 0.568983 0.245415 0.565458 0.244978 0.559416 0.246725 0.554381 0.248472 0.552367 0.260699 0.543807 0.268122 0.541793 0.270742 0.542800 0.272489 0.547331 0.275983 0.549849 0.275109 0.560423 0.277729 0.564451 0.277729 0.565962 0.275546 0.568479 0.274672 0.571501 0.274672 0.577039 0.278603 0.579053 0.279913 0.581571 0.279476 0.584089 0.276419 0.585599 0.276419 0.592145 0.273799 0.597684 0.273362 0.604230 0.274236 0.607251 0.275983 0.607754 0.279476 0.604230 0.280786 0.593656 0.287773 0.584089 0.292576 0.567472 0.296070 0.564451 0.295197 0.560423 0.297380 0.559416 0.300000 0.555388 0.302183 0.554884 0.303930 0.557402 0.304367 0.560926 0.301310 0.563444 0.301310 0.565962 0.303057 0.567976 0.310917 0.569990 0.317904 0.566969 0.319651 0.562437 0.326201 0.553374 0.332751 0.536757 0.337555 0.529204 0.337118 0.526183 0.338428 0.524673 0.346725 0.524673 0.349782 0.526183 0.354148 0.522659 0.358515 0.517120 0.360699 0.510070 0.365502 0.506546 0.373799 0.506042 0.377293 0.503525 0.384716 0.503021 0.388646 0.505035 0.392140 0.503021 0.404803 0.501511 0.406550 0.498489 0.407424 0.492951 0.408297 0.491944 0.411790 0.492447 0.415284 0.476838 0.417467 0.475831 0.419651 0.477845 0.419651 0.474824 0.424454 0.464250 0.425328 0.458207 0.428821 0.452669 0.436245 0.449144 0.439301 0.446123 0.470742 0.443102 0.476856 0.440081 0.478603 0.437563 0.483406 0.436052 0.486900 0.431017 0.490393 0.430010 0.494760 0.424471 0.497817 0.423968 0.499127 0.416918 0.498690 0.411883 0.501747 0.404330 0.502183 0.399295 0.504803 0.396777 0.507424 0.391239 0.514410 0.387714 0.516594 0.383182 0.521397 0.378651 0.522271 0.373615 0.521834 0.368580 0.519214 0.364552 0.519651 0.362034 0.524891 0.357503 0.524454 0.352971 0.525328 0.348439 0.520087 0.336858 0.520087 0.324773 0.518341 0.319235 0.514847 0.313696 0.510044 0.313192 0.502183 0.307150 0.489956 0.305639 0.482533 0.303122 0.477729 0.298087 0.470742 0.287009 0.469432 0.282477 0.462882 0.270896 0.459825 0.259819 0.460262 0.251259
0 0.559389 0.498993 0.556332 0.498993 0.554148 0.501511 0.555895 0.514099 0.552838 0.519134 0.549345 0.519637 0.546288 0.513595 0.539738 0.507553 0.536245 0.502518 0.532314 0.502014 0.531878 0.505035 0.527511 0.513092 0.526201 0.520141 0.526638 0.525680 0.522271 0.528197 0.512664 0.528701 0.501310 0.533233 0.500873 0.537261 0.502620 0.541793 0.501747 0.547331 0.500437 0.548842 0.494323 0.549345 0.491703 0.551360 0.489956 0.556395 0.485153 0.562437 0.481223 0.577543 0.477293 0.587613 0.477293 0.602719 0.478603 0.606747 0.482096 0.611782 0.476419 0.618328 0.476419 0.621349 0.478603 0.630413 0.482096 0.636959 0.485590 0.639980 0.494760 0.637462 0.500000 0.641994 0.501747 0.647533 0.505240 0.651561 0.509607 0.655086 0.519651 0.660121 0.524891 0.668177 0.540175 0.673716 0.545852 0.672709 0.547598 0.670695 0.548472 0.665660 0.550218 0.663646 0.554585 0.663646 0.560699 0.666163 0.564629 0.666163 0.568122 0.663142 0.571179 0.663142 0.575546 0.666667 0.580349 0.667170 0.585153 0.662638 0.592576 0.649043 0.593886 0.639980 0.592140 0.630916 0.592576 0.625881 0.589956 0.623364 0.591266 0.619335 0.589956 0.613797 0.587773 0.610272 0.587773 0.607754 0.580349 0.598691 0.575546 0.588620 0.575983 0.587110 0.580786 0.584592 0.586026 0.577039 0.586900 0.571501 0.591703 0.559919 0.592576 0.551863 0.591266 0.550352 0.586026 0.551360 0.579913 0.559416 0.575983 0.556898 0.572489 0.545821 0.572926 0.540785 0.576419 0.536757 0.576856 0.527190 0.575983 0.523162 0.573362 0.517120 0.569432 0.513595 0.568122 0.507049 0.565939 0.502518
0 0.544541 0.446626 0.537991 0.446626 0.533188 0.451158 0.530568 0.458711 0.530568 0.462739 0.532751 0.466767 0.537991 0.468278 0.549782 0.458711 0.550655 0.454683
0 0.470742 0.142497 0.467249 0.151057 0.465066 0.162135 0.458952 0.173212 0.458079 0.177241 0.458952 0.181772 0.462882 0.187815 0.469432 0.190836 0.476856 0.192346 0.493886 0.198389 0.499127 0.198389 0.502183 0.193857 0.505677 0.182276 0.515284 0.170191 0.515721 0.158107 0.514410 0.153575 0.510044 0.149547 0.502183 0.147533 0.489956 0.140987 0.485153 0.139980 0.474672 0.139980
0 0.633624 0.310171 0.629694 0.314703 0.627948 0.319738 0.627948 0.325780 0.631878 0.330816 0.636681 0.351964 0.636245 0.374622 0.641921 0.379658 0.655022 0.385700 0.657205 0.391742 0.656332 0.400302 0.657642 0.400806 0.658952 0.397281 0.658952 0.392749 0.661572 0.390232 0.668559 0.376636 0.671179 0.374119 0.672926 0.368580 0.680786 0.356999 0.682096 0.351964 0.682096 0.346928 0.679476 0.332830 0.677729 0.328298 0.671616 0.319738 0.661135 0.310675 0.651528 0.308157 0.639738 0.308157
0 0.464629 0.239678 0.461572 0.252769 0.461572 0.262336 0.462445 0.265861 0.476419 0.292044 0.481659 0.298087 0.489520 0.302115 0.499563 0.302115 0.510917 0.304129 0.541485 0.303625 0.542795 0.302115 0.544978 0.296576 0.543231 0.290534 0.537118 0.282477 0.532751 0.278953 0.530568 0.273917 0.525764 0.268379 0.511790 0.247231 0.503057 0.242195 0.499563 0.237664 0.494323 0.235650 0.481659 0.235146 0.472926 0.233132 0.469869 0.234139
0 0.618341 0.234642 0.618341 0.240181 0.620087 0.245217 0.620087 0.248741 0.627074 0.262336 0.631441 0.261833 0.642795 0.255287 0.647598 0.254280 0.661135 0.260322 0.665939 0.264854 0.669869 0.265358 0.671179 0.262840 0.672489 0.245720 0.675983 0.232628 0.675983 0.227593 0.669432 0.220040 0.653712 0.208963 0.645415 0.206949 0.637118 0.210473 0.633624 0.213494 0.622707 0.228097 0.621834 0.231118
