1 0.318489 0.400169 0.318489 0.401438 0.322435 0.404399 0.330327 0.407360 0.338219 0.412437 0.344419 0.414129 0.350620 0.414129 0.354566 0.412860 0.359076 0.409475 0.361330 0.405668 0.360767 0.402707 0.353439 0.399746 0.326945 0.398477 0.321308 0.398900
0 0.768320 0.452623 0.759301 0.460237 0.758174 0.466159 0.761556 0.470812 0.768320 0.475888 0.775085 0.478426 0.777339 0.480541 0.775648 0.497462 0.777903 0.503807 0.782413 0.505922 0.793687 0.508037 0.810598 0.508037 0.816234 0.505922 0.830327 0.506345 0.835400 0.502538 0.840474 0.491117 0.840474 0.484772 0.835964 0.478003 0.841037 0.471235 0.841037 0.466159 0.838219 0.461083 0.825254 0.458545 0.826381 0.454738 0.829763 0.452200 0.828072 0.446701 0.819617 0.442470 0.802706 0.441624 0.785231 0.449239 0.774521 0.450085
1 0.354566 0.509306 0.346674 0.509306 0.338219 0.508037 0.324126 0.500423 0.315107 0.500423 0.302706 0.508460 0.286922 0.512267 0.276212 0.516497 0.275648 0.518190 0.280158 0.521997 0.286359 0.523689 0.312289 0.522843 0.321871 0.526650 0.331454 0.526650 0.341601 0.522420 0.351747 0.514382
1 0.643179 0.201354 0.645434 0.204738 0.655581 0.206853 0.670237 0.214044 0.672492 0.213621 0.674746 0.211506 0.675310 0.204738 0.673055 0.203046 0.662345 0.199239 0.653890 0.197124 0.649944 0.197124
1 0.689966 0.224619 0.690530 0.228849 0.704059 0.234349 0.713078 0.240694 0.719278 0.243655 0.722097 0.243655 0.723224 0.242386 0.723788 0.239002 0.722661 0.236464 0.726607 0.233503 0.733371 0.233080 0.734498 0.232234 0.734498 0.228849 0.731680 0.227157 0.710259 0.225042 0.704622 0.222504 0.702368 0.219966 0.698422 0.218697 0.692785 0.218697
1 0.794814 0.422589 0.780722 0.431049 0.782413 0.437817 0.790304 0.443739 0.791995 0.443739 0.799324 0.439932 0.810598 0.439086 0.812289 0.436548 0.812289 0.431895 0.814543 0.430626 0.836528 0.443739 0.857384 0.450508 0.863585 0.455161 0.863585 0.458122 0.860767 0.461929 0.858512 0.469120 0.842728 0.486041 0.839346 0.493655 0.839910 0.497885 0.842165 0.498308 0.865276 0.484349 0.880496 0.471235 0.883315 0.463198 0.887824 0.458545 0.893461 0.448816 0.895152 0.444162 0.894589 0.439932 0.892334 0.438240 0.884442 0.439509 0.872604 0.450085 0.869786 0.446701 0.862458 0.442893 0.853439 0.439932 0.843292 0.438240 0.838219 0.436125 0.829200 0.430626 0.815671 0.419205 0.806088 0.420051
1 0.485908 0.231387 0.485344 0.233503 0.487035 0.236887 0.497745 0.240694 0.503382 0.240694 0.502818 0.236887 0.497182 0.232234 0.490981 0.230118
1 0.675310 0.332910 0.675874 0.338832 0.678692 0.342640 0.681511 0.344332 0.693912 0.346024 0.708005 0.344332 0.710823 0.342640 0.711387 0.333756 0.708568 0.329526 0.695039 0.328680 0.681511 0.329103 0.677565 0.330372
1 0.359639 0.442470 0.359639 0.443739 0.365276 0.446701 0.369222 0.452200 0.388388 0.458545 0.399098 0.465313 0.410372 0.468697 0.415445 0.473350 0.423337 0.475888 0.432356 0.477157 0.437993 0.480118 0.444758 0.481810 0.449267 0.481810 0.452086 0.480118 0.452649 0.476734 0.449831 0.470389 0.449831 0.468274 0.453213 0.464044 0.451522 0.460660 0.431793 0.455584 0.409245 0.452200 0.403608 0.449662 0.377678 0.443739 0.373168 0.441624 0.362458 0.441201
0 0.336528 0.460237 0.333145 0.466159 0.330891 0.488579 0.333709 0.491963 0.341601 0.493232 0.352875 0.499577 0.357384 0.500846 0.379932 0.500423 0.388952 0.498308 0.394025 0.498731 0.401353 0.495770 0.401353 0.490271 0.399098 0.485195 0.395716 0.481387 0.403608 0.479272 0.408681 0.475042 0.408681 0.473773 0.405299 0.470812 0.399662 0.470389 0.397971 0.471235 0.397407 0.475465 0.396280 0.476311 0.392897 0.471235 0.393461 0.466159 0.388388 0.460660 0.365276 0.453046 0.349493 0.454738 0.341037 0.457276
1 0.186020 0.322335 0.179820 0.323181 0.176437 0.327834 0.177001 0.346447 0.178692 0.347716 0.193912 0.346447 0.197294 0.344755 0.198985 0.341794 0.198985 0.336717 0.196167 0.330372 0.193348 0.326988
1 0.320180 0.258883 0.316798 0.258037 0.306652 0.258037 0.301578 0.259729 0.297632 0.263536 0.298196 0.268190 0.306088 0.273266 0.310598 0.273689 0.314543 0.269459 0.322435 0.264382 0.322435 0.260998
1 0.516911 0.142555 0.517475 0.145516 0.520857 0.148900 0.536640 0.154399 0.540023 0.156937 0.542277 0.159898 0.544532 0.166667 0.547914 0.170474 0.553551 0.169628 0.556933 0.165398 0.560316 0.163283 0.564262 0.162014 0.569335 0.162014 0.576099 0.163283 0.582864 0.166244 0.585682 0.168359 0.587937 0.173435 0.591319 0.177242 0.595829 0.177665 0.605975 0.175550 0.617813 0.177242 0.625141 0.176819 0.627959 0.182318 0.634160 0.186125 0.641488 0.185279 0.639797 0.178934 0.639797 0.174281 0.640924 0.173012 0.648253 0.173012 0.650507 0.172166 0.655017 0.173012 0.658963 0.170897 0.670237 0.167936 0.685457 0.159475 0.689402 0.156091 0.700113 0.151015 0.703495 0.146785 0.702931 0.142132 0.697858 0.139594 0.689402 0.139171 0.657835 0.142555 0.653890 0.143824 0.631905 0.141709 0.616685 0.141709 0.608794 0.143824 0.598083 0.144247 0.590755 0.142555 0.581736 0.142132 0.577227 0.140440 0.560316 0.139171 0.552988 0.137479 0.545096 0.134095 0.534386 0.131980 0.524803 0.133672
1 0.572717 0.329103 0.568207 0.324873 0.563134 0.324027 0.545096 0.323181 0.529876 0.324873 0.521984 0.328257 0.516911 0.329103 0.511838 0.332910 0.499436 0.337563 0.496618 0.339679 0.489290 0.341794 0.485908 0.343909 0.485344 0.346870 0.494363 0.349831 0.497182 0.349408 0.501691 0.351523 0.511274 0.351523 0.525366 0.348562 0.528749 0.349408 0.533822 0.354484 0.537204 0.366328 0.541150 0.368866 0.544532 0.368443 0.550733 0.362098 0.555242 0.352369 0.570462 0.334602
1 0.661218 0.248731 0.656708 0.251269 0.652762 0.257614 0.653326 0.275381 0.655017 0.280880 0.653326 0.285956 0.650507 0.288917 0.651071 0.294416 0.658963 0.301607 0.669109 0.304569 0.680947 0.312183 0.688275 0.313029 0.700676 0.312606 0.702368 0.311337 0.703495 0.305415 0.709132 0.297377 0.711387 0.287225 0.713641 0.284264 0.713078 0.279611 0.701240 0.270728 0.689966 0.265651 0.679820 0.257191 0.678692 0.255076 0.669109 0.248308 0.664600 0.247885
1 0.629651 0.287648 0.629651 0.284264 0.625705 0.280880 0.624014 0.275381 0.618377 0.268190 0.618377 0.265651 0.623450 0.259729 0.623450 0.255499 0.625705 0.250846 0.634160 0.248308 0.634160 0.244078 0.630214 0.238579 0.623450 0.236464 0.617249 0.236464 0.603157 0.239425 0.599211 0.242809 0.595829 0.243655 0.591883 0.246193 0.581736 0.245770 0.575536 0.243232 0.562007 0.242809 0.539459 0.239848 0.523675 0.240271 0.516911 0.242809 0.516347 0.252538 0.525366 0.265228 0.542841 0.267766 0.544532 0.270305 0.550733 0.273689 0.551860 0.275381 0.555806 0.274112 0.559752 0.275381 0.563698 0.274112 0.567080 0.274958 0.577227 0.274958 0.579481 0.274112 0.595829 0.274958 0.606539 0.279188 0.612740 0.284264 0.618940 0.287225 0.622886 0.286802 0.626268 0.288917
0 0.896280 0.353638 0.894025 0.351100 0.888388 0.338832 0.877678 0.333333 0.874295 0.330372 0.868658 0.330372 0.861330 0.325719 0.857384 0.321489 0.846110 0.318105 0.841601 0.317682 0.830327 0.311760 0.829200 0.310068 0.830327 0.298223 0.829200 0.296531 0.813980 0.287648 0.808906 0.282149 0.795378 0.279188 0.790304 0.275804 0.790868 0.268613 0.786922 0.262267 0.780722 0.259306 0.775648 0.259729 0.771702 0.261844 0.767193 0.261844 0.757046 0.256345 0.756483 0.251269 0.750846 0.242386 0.749718 0.236041 0.751973 0.233503 0.756483 0.233503 0.763811 0.235195 0.767756 0.232234 0.771139 0.228003 0.771139 0.220389 0.775648 0.216159 0.779030 0.215313 0.781849 0.208968 0.780722 0.200085 0.775085 0.192470 0.767756 0.174704 0.763247 0.172589 0.754228 0.172166 0.741263 0.169205 0.729425 0.164552 0.721533 0.164129 0.711387 0.165821 0.692785 0.172166 0.682638 0.172589 0.678129 0.171743 0.675310 0.170051 0.679820 0.164129 0.684893 0.161591 0.689966 0.156937 0.694476 0.155668 0.697858 0.152284 0.701240 0.151015 0.703495 0.147208 0.703495 0.142978 0.699549 0.140017 0.687711 0.138748 0.686020 0.139594 0.661781 0.142132 0.643179 0.142132 0.621759 0.139171 0.610485 0.139594 0.607666 0.140863 0.598647 0.140863 0.594138 0.138748 0.591319 0.135364 0.588501 0.136210 0.583427 0.135364 0.576663 0.138325 0.567080 0.138748 0.552988 0.137056 0.544532 0.133672 0.532131 0.131980 0.524803 0.133249 0.519166 0.138325 0.514656 0.140440 0.502255 0.137902 0.494927 0.141286 0.480834 0.142978 0.477452 0.144670 0.473506 0.153553 0.465051 0.156937 0.444194 0.157360 0.440248 0.156514 0.431793 0.152284 0.419391 0.143824 0.412627 0.141709 0.401917 0.140863 0.382751 0.145516 0.380496 0.147208 0.375986 0.154399 0.373168 0.156091 0.366404 0.156091 0.359076 0.154822 0.348365 0.155668 0.335400 0.152707 0.325254 0.152284 0.316798 0.155668 0.307779 0.156091 0.302706 0.162860 0.299324 0.164129 0.295941 0.161168 0.295941 0.153976 0.294814 0.153130 0.290868 0.153976 0.286922 0.150169 0.283540 0.152284 0.281849 0.150592 0.282976 0.146785 0.276212 0.145516 0.272830 0.146362 0.271702 0.147631 0.267193 0.145939 0.255355 0.146785 0.247463 0.142132 0.236189 0.140017 0.232244 0.135364 0.227170 0.134941 0.223788 0.136633 0.217024 0.138325 0.213078 0.138325 0.204622 0.141286 0.201240 0.145516 0.197858 0.147631 0.193348 0.148477 0.188839 0.147208 0.181511 0.149323 0.170800 0.158206 0.170237 0.166244 0.171364 0.171320 0.173055 0.173858 0.183202 0.182318 0.187148 0.187817 0.191094 0.189932 0.192785 0.193739 0.186584 0.200085 0.180947 0.203469 0.173619 0.203046 0.162345 0.198816 0.158399 0.198816 0.156708 0.201354 0.158399 0.211083 0.160654 0.213198 0.161781 0.216582 0.168546 0.222081 0.170800 0.225465 0.169673 0.234772 0.170237 0.248308 0.174183 0.260575 0.173055 0.263113 0.164600 0.267766 0.164036 0.272420 0.165163 0.275804 0.168546 0.279611 0.178129 0.286802 0.179820 0.291455 0.176437 0.294839 0.169109 0.296531 0.168546 0.300338 0.171928 0.307107 0.171928 0.311337 0.162345 0.317682 0.158963 0.321489 0.156144 0.329526 0.157272 0.340525 0.165163 0.346447 0.170237 0.354061 0.169673 0.357445 0.162345 0.359983 0.158399 0.359983 0.153890 0.362521 0.151071 0.365482 0.151071 0.368866 0.148253 0.371404 0.148253 0.375635 0.154453 0.379019 0.156144 0.381134 0.156144 0.387479 0.151635 0.392555 0.151635 0.394670 0.157272 0.408629 0.157835 0.414129 0.162345 0.419628 0.170800 0.423012 0.177565 0.423435 0.178692 0.424281 0.178129 0.428088 0.173619 0.434856 0.170237 0.447124 0.173055 0.451777 0.184893 0.455161 0.188839 0.459391 0.193912 0.461506 0.204622 0.470389 0.215333 0.472504 0.217587 0.474196 0.219842 0.478426 0.219842 0.482234 0.223224 0.491117 0.229989 0.494924 0.232807 0.494924 0.236189 0.487733 0.242954 0.483503 0.244081 0.478426 0.248027 0.474196 0.250846 0.468274 0.251973 0.461929 0.255919 0.461929 0.259301 0.459814 0.264374 0.459391 0.265502 0.455161 0.267756 0.452200 0.266629 0.446701 0.269448 0.443316 0.266629 0.439509 0.271702 0.436125 0.267756 0.432741 0.263247 0.425550 0.250282 0.423858 0.250846 0.418782 0.254228 0.415821 0.255355 0.412860 0.252537 0.409052 0.260428 0.406091 0.266065 0.393824 0.265502 0.376904 0.263247 0.375212 0.255355 0.375635 0.250846 0.373942 0.250282 0.368866 0.251409 0.362944 0.252537 0.362098 0.256483 0.365905 0.263811 0.366751 0.264938 0.365905 0.264938 0.361675 0.261556 0.360406 0.252537 0.361675 0.247463 0.359137 0.239572 0.359137 0.236189 0.357022 0.239572 0.345178 0.243517 0.347716 0.248027 0.348139 0.251973 0.342217 0.255919 0.340102 0.264938 0.339255 0.267756 0.341371 0.271702 0.340948 0.273957 0.343909 0.279594 0.346447 0.280722 0.349831 0.282976 0.351523 0.289741 0.354061 0.299324 0.360406 0.301015 0.357022 0.306088 0.352792 0.311725 0.352792 0.315671 0.347293 0.324690 0.347293 0.325254 0.349408 0.327508 0.349408 0.326945 0.347716 0.325254 0.347293 0.326381 0.344332 0.332018 0.346870 0.332018 0.349408 0.334273 0.351946 0.338219 0.351100 0.341601 0.352369 0.344419 0.349408 0.344983 0.346024 0.347238 0.344755 0.347802 0.340948 0.353439 0.335871 0.355130 0.335871 0.359076 0.338832 0.359076 0.342217 0.357384 0.343909 0.352875 0.343063 0.350056 0.345178 0.349493 0.347293 0.356257 0.349831 0.361330 0.350254 0.369222 0.357868 0.375423 0.358714 0.379932 0.362521 0.387824 0.365059 0.389515 0.364636 0.396280 0.357868 0.399098 0.359560 0.405299 0.359560 0.408681 0.360829 0.409808 0.370981 0.412063 0.372673 0.410372 0.375635 0.411499 0.385364 0.417700 0.388748 0.423337 0.389594 0.436302 0.389171 0.440248 0.384518 0.443067 0.384518 0.446449 0.380288 0.446449 0.376481 0.445321 0.375635 0.440248 0.375635 0.437993 0.371404 0.438557 0.367174 0.440248 0.366328 0.442503 0.368020 0.444194 0.368020 0.446449 0.362944 0.445885 0.360406 0.441375 0.359137 0.438557 0.356599 0.437993 0.353215 0.439684 0.351946 0.449831 0.357445 0.457723 0.359983 0.463923 0.368020 0.464487 0.373519 0.471815 0.380288 0.477452 0.382403 0.481398 0.382403 0.487035 0.384941 0.498309 0.386633 0.502255 0.388748 0.505637 0.388325 0.511838 0.389594 0.515784 0.392132 0.519729 0.399746 0.520293 0.407783 0.524239 0.411168 0.529312 0.422589 0.529876 0.436971 0.532694 0.443739 0.539459 0.445854 0.556933 0.446277 0.560879 0.448816 0.562570 0.451777 0.567644 0.454738 0.571590 0.453892 0.576099 0.454738 0.580045 0.452200 0.583991 0.451777 0.586246 0.446701 0.592446 0.443316 0.593010 0.440778 0.595829 0.438240 0.607103 0.435279 0.612176 0.428934 0.620068 0.425127 0.622886 0.424704 0.627396 0.420897 0.631342 0.420897 0.639233 0.416244 0.643179 0.408629 0.645434 0.408629 0.647125 0.409898 0.649380 0.415821 0.652762 0.418359 0.657835 0.417513 0.669673 0.409475 0.673055 0.409475 0.683766 0.417090 0.686584 0.427242 0.686584 0.434433 0.688839 0.438663 0.695039 0.442470 0.704059 0.451777 0.716460 0.453469 0.729989 0.453892 0.743517 0.452200 0.746900 0.450931 0.753100 0.445431 0.757046 0.444585 0.764374 0.439086 0.767193 0.431472 0.769448 0.429357 0.772266 0.428511 0.779594 0.428934 0.794814 0.421320 0.799887 0.417513 0.813980 0.412860 0.821871 0.403976 0.820744 0.401438 0.817362 0.398477 0.816798 0.394247 0.820180 0.389594 0.823563 0.387479 0.834837 0.387056 0.843856 0.388748 0.855130 0.389171 0.859076 0.388325 0.862458 0.385364 0.865840 0.387479 0.867531 0.390017 0.869786 0.396785 0.874859 0.400169 0.874859 0.403976 0.876550 0.405245 0.890079 0.405245 0.893461 0.404399 0.892334 0.399746 0.898534 0.381557 0.897407 0.372673 0.895152 0.366328 0.896843 0.362098
2 0.129651 0.543993 0.130778 0.546108 0.136415 0.546954 0.138670 0.548223 0.143179 0.548223 0.145434 0.549492 0.151071 0.548646 0.155017 0.550338 0.157835 0.553299 0.162345 0.554569 0.165163 0.556684 0.165727 0.559645 0.169109 0.563029 0.173055 0.564298 0.174746 0.565990 0.178692 0.566836 0.183202 0.570220 0.185457 0.579526 0.187711 0.582064 0.188275 0.585448 0.190530 0.587563 0.187711 0.592217 0.181511 0.596447 0.175874 0.603638 0.174746 0.615059 0.172492 0.618443 0.170237 0.626058 0.174746 0.637902 0.170800 0.649746 0.170800 0.655245 0.169109 0.657360 0.170800 0.661168 0.170800 0.663283 0.169109 0.665398 0.170237 0.670474 0.167982 0.673012 0.167982 0.675127 0.164600 0.676819 0.165163 0.678511 0.167418 0.678511 0.168546 0.675973 0.170800 0.676819 0.169673 0.681472 0.173055 0.683587 0.177565 0.689932 0.180947 0.691201 0.181511 0.694162 0.189402 0.694162 0.190530 0.691201 0.188839 0.689932 0.189966 0.689086 0.191094 0.690355 0.193912 0.689932 0.196731 0.673858 0.202368 0.667090 0.204059 0.656937 0.209132 0.652284 0.214205 0.645093 0.219842 0.641286 0.224352 0.640017 0.232244 0.633672 0.236189 0.626904 0.241263 0.622250 0.242954 0.615482 0.248027 0.609983 0.251409 0.603215 0.257046 0.598139 0.263811 0.589255 0.266065 0.579949 0.266065 0.549492 0.267756 0.547377 0.271702 0.546954 0.280158 0.542724 0.285795 0.538494 0.290868 0.531726 0.293687 0.534264 0.295941 0.534264 0.298760 0.531303 0.303269 0.533841 0.306652 0.530880 0.315107 0.530457 0.318489 0.528765 0.324126 0.529188 0.339346 0.523689 0.346110 0.522843 0.353439 0.517343 0.355693 0.518613 0.360203 0.518190 0.360203 0.516497 0.356821 0.516074 0.355693 0.514805 0.357948 0.511421 0.360767 0.513113 0.361894 0.517766 0.365276 0.519036 0.368658 0.516074 0.371477 0.515228 0.372604 0.513113 0.375423 0.514805 0.383315 0.515651 0.397407 0.515651 0.404171 0.513536 0.422773 0.512267 0.428410 0.510998 0.432356 0.508460 0.435738 0.508883 0.447576 0.506768 0.451522 0.502961 0.451522 0.500846 0.448703 0.499577 0.446449 0.494924 0.447576 0.485618 0.445321 0.483926 0.439684 0.482234 0.435738 0.482657 0.432920 0.480541 0.431229 0.480541 0.428410 0.483080 0.426156 0.483080 0.422773 0.479695 0.423901 0.474196 0.421082 0.469120 0.410936 0.467851 0.406426 0.464467 0.404735 0.461083 0.400225 0.464044 0.391770 0.456853 0.391206 0.454315 0.392334 0.453469 0.396843 0.456007 0.397971 0.453469 0.400789 0.452200 0.404735 0.456853 0.406426 0.456853 0.408681 0.454738 0.412627 0.455161 0.414882 0.453892 0.418828 0.454738 0.423337 0.453469 0.431229 0.453892 0.439121 0.458122 0.446449 0.458122 0.450958 0.460237 0.451522 0.464890 0.453777 0.468274 0.456595 0.468697 0.458286 0.470812 0.461105 0.469120 0.463360 0.469120 0.465051 0.471235 0.465051 0.473350 0.470124 0.475465 0.472379 0.475042 0.474634 0.472927 0.478016 0.475888 0.482525 0.475042 0.485344 0.476734 0.493236 0.476734 0.497182 0.478003 0.505073 0.475888 0.529312 0.476311 0.535513 0.478849 0.539459 0.483080 0.548478 0.484772 0.554115 0.486887 0.556370 0.490271 0.560316 0.493232 0.561443 0.496616 0.560879 0.501692 0.564825 0.501269 0.567080 0.502961 0.569335 0.502961 0.572153 0.500423 0.576099 0.502961 0.579481 0.500846 0.605411 0.500000 0.617813 0.501269 0.622322 0.502961 0.626832 0.501692 0.629651 0.502538 0.634724 0.501692 0.638670 0.502538 0.642616 0.500846 0.659526 0.500846 0.676437 0.503807 0.682074 0.505922 0.684893 0.505922 0.688839 0.508460 0.708568 0.512690 0.724915 0.518190 0.728298 0.521574 0.732244 0.523266 0.735626 0.529611 0.742390 0.534687 0.743517 0.537648 0.748027 0.537648 0.750846 0.547377 0.759301 0.553723 0.763247 0.550761 0.765502 0.551607 0.767193 0.561760 0.770011 0.561337 0.770011 0.557953 0.768884 0.556684 0.770011 0.552030 0.766629 0.549492 0.767756 0.547800 0.770575 0.547377 0.772266 0.545685 0.775648 0.546531 0.776776 0.545685 0.776776 0.542724 0.779594 0.542301 0.781285 0.546108 0.785231 0.546954 0.786922 0.549069 0.786922 0.540609 0.785231 0.539340 0.785231 0.536379 0.784104 0.535533 0.781285 0.535956 0.779594 0.539763 0.777339 0.539340 0.776776 0.535956 0.773957 0.535533 0.772830 0.537648 0.773957 0.539340 0.777339 0.540186 0.777339 0.541878 0.773393 0.542724 0.772266 0.543993 0.770575 0.541878 0.771702 0.532995 0.775648 0.531303 0.779030 0.527496 0.781285 0.527073 0.784104 0.522843 0.784104 0.519882 0.781849 0.517766 0.781285 0.513959 0.782413 0.509729 0.775648 0.507614 0.772266 0.508037 0.771139 0.506768 0.772266 0.499577 0.770011 0.488156 0.766629 0.485618 0.764938 0.481810 0.765502 0.478003 0.757610 0.471658 0.757046 0.468697 0.751409 0.464044 0.750846 0.462352 0.752537 0.458968 0.749154 0.457699 0.748591 0.455161 0.745209 0.456853 0.742954 0.456853 0.740699 0.458545 0.738444 0.456430 0.732244 0.457276 0.728861 0.456430 0.715333 0.456853 0.709696 0.455584 0.705750 0.456007 0.701804 0.453469 0.697294 0.452200 0.695039 0.449662 0.694476 0.446701 0.691094 0.445854 0.686584 0.442893 0.682638 0.434433 0.679256 0.430203 0.673055 0.425973 0.670800 0.421320 0.667418 0.421320 0.658399 0.424704 0.655017 0.423435 0.650507 0.424281 0.646561 0.421320 0.642616 0.422166 0.637542 0.421743 0.634724 0.423012 0.633033 0.421743 0.629651 0.421743 0.627959 0.424281 0.625141 0.425550 0.622886 0.435279 0.619504 0.433587 0.615558 0.435702 0.612176 0.434010 0.609921 0.434010 0.607666 0.436548 0.605411 0.434433 0.602593 0.434856 0.602593 0.436971 0.605411 0.438663 0.605411 0.440355 0.599775 0.445431 0.597520 0.442047 0.593574 0.442893 0.595265 0.447547 0.594138 0.447970 0.593010 0.452623 0.591319 0.453892 0.587937 0.452623 0.586809 0.446701 0.585118 0.445431 0.580045 0.445854 0.573844 0.442470 0.571590 0.442470 0.567080 0.445854 0.566516 0.447970 0.571026 0.452200 0.580045 0.452200 0.582300 0.453892 0.582864 0.458122 0.585118 0.460660 0.585118 0.466159 0.583427 0.467428 0.579481 0.466159 0.572153 0.471235 0.569335 0.468697 0.564825 0.468697 0.562570 0.467005 0.561443 0.462352 0.556933 0.459391 0.552988 0.460237 0.550733 0.458968 0.547351 0.453046 0.543968 0.450508 0.543405 0.448816 0.544532 0.447547 0.543405 0.448816 0.540023 0.448816 0.536640 0.452200 0.531003 0.449239 0.531003 0.445431 0.528749 0.443316 0.527057 0.439086 0.527057 0.434433 0.525366 0.431895 0.526494 0.426819 0.524803 0.424704 0.525366 0.419205 0.523675 0.417090 0.523112 0.406937 0.517475 0.402707 0.513529 0.405668 0.507328 0.400592 0.507892 0.396362 0.506201 0.392555 0.502255 0.393401 0.494363 0.387902 0.490981 0.387902 0.488726 0.385787 0.483653 0.384518 0.475761 0.384518 0.469560 0.380288 0.467306 0.376904 0.463923 0.376904 0.460541 0.375212 0.458286 0.375212 0.455468 0.378596 0.453777 0.377750 0.452649 0.375212 0.449831 0.375212 0.448140 0.377750 0.445321 0.378596 0.445321 0.384941 0.437993 0.385787 0.435738 0.388748 0.430665 0.387902 0.428410 0.389594 0.426719 0.389594 0.422773 0.387056 0.422773 0.382826 0.427847 0.379865 0.429538 0.381557 0.432920 0.381980 0.434047 0.379442 0.436866 0.378596 0.439121 0.373942 0.437430 0.367597 0.433484 0.364213 0.430665 0.364213 0.427847 0.368020 0.424464 0.368020 0.418828 0.365482 0.421646 0.362098 0.421646 0.359983 0.419391 0.359137 0.417700 0.360406 0.417700 0.362098 0.413754 0.363790 0.413754 0.366751 0.412627 0.367597 0.410936 0.366328 0.410936 0.364213 0.413754 0.361675 0.413191 0.360829 0.410936 0.360829 0.403608 0.364213 0.395152 0.363367 0.390643 0.364213 0.388952 0.365905 0.385006 0.365059 0.382751 0.367597 0.380496 0.368020 0.377114 0.365905 0.373732 0.359560 0.369786 0.357445 0.363585 0.357868 0.362458 0.361252 0.358512 0.363367 0.356821 0.366751 0.354566 0.364636 0.352875 0.364636 0.351184 0.367597 0.348365 0.368020 0.346674 0.370135 0.343292 0.371404 0.335400 0.380288 0.334273 0.389171 0.330891 0.389171 0.328636 0.387479 0.326381 0.372673 0.326945 0.369712 0.325254 0.369289 0.325254 0.370981 0.320744 0.373096 0.324126 0.376481 0.321308 0.378596 0.318489 0.376904 0.317926 0.380711 0.317362 0.379442 0.315107 0.379442 0.312852 0.377327 0.313416 0.374788 0.315671 0.373519 0.315107 0.372250 0.307215 0.372250 0.305524 0.373519 0.305524 0.375635 0.299324 0.379865 0.294250 0.376904 0.283540 0.380711 0.284104 0.384941 0.281285 0.386633 0.280158 0.389171 0.273957 0.392555 0.272830 0.395939 0.273393 0.399746 0.267193 0.403976 0.266629 0.407360 0.263811 0.408206 0.263247 0.414129 0.263811 0.414975 0.269448 0.414129 0.271702 0.416667 0.273393 0.414552 0.275648 0.414552 0.278467 0.417090 0.281285 0.417513 0.281285 0.419628 0.279594 0.420897 0.277339 0.420051 0.276776 0.418359 0.273957 0.418359 0.272830 0.419628 0.273393 0.423435 0.272266 0.427242 0.268320 0.433164 0.265502 0.434433 0.265502 0.436125 0.268320 0.438663 0.266629 0.443739 0.269448 0.444162 0.271702 0.442893 0.272830 0.444162 0.279594 0.446277 0.284667 0.444162 0.285231 0.441624 0.289741 0.438240 0.291432 0.437817 0.294814 0.439086 0.297632 0.436971 0.302142 0.435702 0.308906 0.439509 0.308906 0.443739 0.306088 0.446701 0.302706 0.447547 0.302706 0.450508 0.291995 0.452623 0.290868 0.458968 0.295941 0.466159 0.294814 0.467005 0.290304 0.466159 0.289177 0.468697 0.284667 0.472081 0.281849 0.472927 0.276776 0.480118 0.273957 0.480541 0.271139 0.482657 0.267756 0.482234 0.263811 0.483926 0.260428 0.480964 0.258737 0.480964 0.256483 0.483503 0.251409 0.481810 0.249154 0.486464 0.249154 0.490694 0.245772 0.492809 0.245209 0.494924 0.240699 0.497462 0.236753 0.497039 0.235062 0.499577 0.228298 0.503807 0.225479 0.501692 0.221533 0.500846 0.219842 0.498731 0.218715 0.484772 0.210823 0.480541 0.209132 0.476734 0.201240 0.475465 0.196167 0.469120 0.185457 0.467851 0.182638 0.466159 0.186020 0.463621 0.186020 0.461506 0.182638 0.457276 0.173619 0.457276 0.169673 0.461506 0.164600 0.464890 0.162345 0.465313 0.156144 0.470389 0.155581 0.474619 0.152762 0.478003 0.155581 0.483080 0.149944 0.486887 0.146561 0.486464 0.142052 0.488579 0.139797 0.491540 0.135851 0.493232 0.134160 0.495347 0.134724 0.498308 0.137542 0.498308 0.145434 0.501269 0.151071 0.500423 0.155581 0.502961 0.156144 0.505499 0.154453 0.509306 0.156144 0.516497 0.155581 0.529611 0.149944 0.534687 0.131342 0.541878
0 0.799324 0.595178 0.797069 0.593486 0.795378 0.589679 0.786922 0.581641 0.784667 0.580372 0.776776 0.579103 0.771702 0.579949 0.766629 0.576142 0.760428 0.567682 0.756483 0.559645 0.753664 0.558376 0.736753 0.532995 0.729425 0.524958 0.724352 0.521151 0.712514 0.516074 0.701240 0.512690 0.693912 0.511844 0.673619 0.505922 0.659526 0.503807 0.640924 0.504230 0.631342 0.505922 0.621759 0.505922 0.612740 0.504230 0.595265 0.503384 0.591883 0.504653 0.586809 0.504653 0.579481 0.506345 0.576099 0.508037 0.572153 0.508037 0.568207 0.510152 0.563698 0.509729 0.560879 0.512267 0.556370 0.510152 0.552988 0.510998 0.549605 0.508883 0.547914 0.508883 0.545096 0.511421 0.542277 0.509306 0.540586 0.509306 0.538331 0.512690 0.531003 0.514805 0.528749 0.517766 0.525366 0.516920 0.520857 0.521574 0.515220 0.522843 0.498873 0.521997 0.489290 0.519036 0.487035 0.517343 0.470688 0.515228 0.462796 0.512267 0.447012 0.510575 0.443630 0.511844 0.439121 0.511844 0.427847 0.516074 0.413191 0.517343 0.407554 0.516920 0.399662 0.517766 0.396280 0.519036 0.391770 0.518613 0.388388 0.519882 0.375423 0.520305 0.368658 0.521997 0.364713 0.524112 0.360203 0.524112 0.357948 0.525804 0.353439 0.526650 0.349493 0.528765 0.344983 0.528765 0.342165 0.531303 0.338219 0.530880 0.322435 0.532995 0.318489 0.535110 0.313416 0.535533 0.310034 0.538071 0.305524 0.538494 0.302706 0.540186 0.291432 0.540609 0.288050 0.543147 0.283540 0.543993 0.281849 0.546531 0.273957 0.552453 0.270011 0.562606 0.270575 0.568951 0.272266 0.571066 0.272830 0.575296 0.270011 0.583756 0.267193 0.587986 0.265502 0.594332 0.259865 0.599831 0.257046 0.605753 0.251409 0.610829 0.250282 0.614213 0.243517 0.623096 0.241826 0.628596 0.225479 0.643401 0.220970 0.645516 0.211950 0.653553 0.210259 0.659475 0.202931 0.674281 0.201240 0.689932 0.199549 0.694585 0.196731 0.696277 0.195603 0.699662 0.193912 0.700931 0.181511 0.704315 0.180947 0.708545 0.177001 0.717851 0.173055 0.720389 0.169109 0.726311 0.165727 0.728426 0.165727 0.732657 0.164036 0.736464 0.164036 0.745770 0.165163 0.754230 0.169109 0.760575 0.170237 0.779188 0.172492 0.780880 0.173055 0.783841 0.177565 0.784264 0.184329 0.788071 0.196731 0.789763 0.202931 0.789340 0.205186 0.787225 0.208005 0.788494 0.216460 0.787225 0.221533 0.782149 0.231680 0.781726 0.235626 0.786802 0.241826 0.790186 0.243517 0.795262 0.247463 0.800761 0.255919 0.804569 0.270575 0.806261 0.277903 0.808376 0.282976 0.811337 0.291432 0.812183 0.306088 0.815567 0.309470 0.818105 0.316798 0.820220 0.326381 0.826142 0.343856 0.826988 0.352875 0.829949 0.357384 0.829526 0.381060 0.831218 0.402480 0.841371 0.408117 0.842640 0.423901 0.842640 0.434611 0.850677 0.437993 0.851523 0.439684 0.853215 0.449831 0.855753 0.451522 0.857445 0.456032 0.858714 0.458850 0.861252 0.463923 0.862098 0.466742 0.860406 0.469560 0.862521 0.498309 0.862098 0.502818 0.863367 0.514092 0.860829 0.518038 0.861252 0.525366 0.857445 0.528749 0.857022 0.531003 0.854484 0.542841 0.846870 0.550169 0.846024 0.556933 0.842640 0.576663 0.843063 0.599775 0.838409 0.604284 0.839255 0.607666 0.841794 0.624577 0.842640 0.627396 0.841371 0.631342 0.842217 0.636415 0.839679 0.638106 0.836717 0.640924 0.836294 0.642616 0.832487 0.644870 0.835025 0.647125 0.834602 0.647689 0.832064 0.651071 0.829949 0.651071 0.827411 0.649944 0.826565 0.651071 0.825719 0.652762 0.826565 0.654453 0.826142 0.654453 0.821912 0.658399 0.822758 0.659526 0.819374 0.662909 0.818951 0.667418 0.815567 0.673055 0.813875 0.675310 0.811760 0.679256 0.810914 0.686020 0.806261 0.688839 0.801607 0.695039 0.798223 0.695603 0.794416 0.700113 0.789763 0.705750 0.786802 0.708568 0.786802 0.710259 0.784687 0.714205 0.783841 0.718151 0.780457 0.725479 0.779611 0.728298 0.777073 0.732807 0.774535 0.735626 0.774112 0.737317 0.772420 0.741263 0.772420 0.749718 0.767343 0.749718 0.763113 0.753100 0.760575 0.753100 0.758460 0.757610 0.757614 0.759865 0.754653 0.761556 0.756345 0.764374 0.756345 0.771139 0.752961 0.775648 0.748731 0.780158 0.748308 0.790304 0.741540 0.795378 0.740694 0.803833 0.736041 0.811161 0.725042 0.810034 0.721658 0.811161 0.716159 0.808906 0.713198 0.807215 0.704315 0.804397 0.697547 0.806652 0.686548 0.815671 0.673858 0.816234 0.666244 0.818489 0.663283 0.818489 0.660745 0.817362 0.659052 0.817926 0.653976 0.814543 0.653553 0.813980 0.636633 0.811161 0.627327 0.807779 0.622250 0.803269 0.606176 0.800451 0.603215
1 0.255919 0.146362 0.262120 0.151438 0.268320 0.154399 0.279594 0.157783 0.283540 0.160321 0.296505 0.163283 0.303269 0.163283 0.311161 0.160745 0.319053 0.156937 0.325254 0.151438 0.325254 0.149746 0.321871 0.148054 0.303269 0.143824 0.286922 0.143401 0.261556 0.144670
1 0.326945 0.195854 0.325254 0.197970 0.338219 0.208968 0.345547 0.213621 0.349493 0.214044 0.351184 0.213198 0.353439 0.209814 0.352311 0.205584 0.342165 0.193739 0.332018 0.194162
1 0.408117 0.227580 0.407554 0.229695 0.409808 0.233080 0.416009 0.237310 0.420519 0.238579 0.425592 0.232234 0.424464 0.228849 0.419391 0.227157
1 0.191657 0.214890 0.184893 0.214044 0.177001 0.220812 0.171928 0.228003 0.169673 0.235195 0.170237 0.240694 0.174746 0.241117 0.183766 0.236464 0.187711 0.233080 0.189966 0.228849 0.195039 0.225042 0.197294 0.219966
