1 0.311594 0.227461 0.300725 0.229942 0.294686 0.234905 0.291063 0.242349 0.291063 0.248966 0.293478 0.250620 0.306763 0.248966 0.315217 0.242349 0.317633 0.232423
2 0.201691 0.396195 0.196860 0.396195 0.178744 0.402812 0.164251 0.403639 0.153382 0.408602 0.153382 0.421009 0.157005 0.427626 0.153382 0.438379 0.153382 0.455749 0.161836 0.464020 0.170290 0.464020 0.183575 0.450786 0.196860 0.441687 0.227053 0.432589 0.234300 0.432589 0.237923 0.430108 0.237923 0.423490 0.233092 0.417701 0.224638 0.414392
2 0.948068 0.618693 0.939614 0.619520 0.929952 0.663358 0.923913 0.680728 0.921498 0.700579 0.907005 0.728701 0.907005 0.733664 0.899758 0.738627 0.891304 0.749380 0.882850 0.751861 0.875604 0.758478 0.874396 0.765095 0.868357 0.768404 0.868357 0.773366 0.873188 0.775021 0.875604 0.780811 0.916667 0.779156 0.919082 0.775021 0.925121 0.775021 0.944444 0.769231 0.956522 0.756824 0.956522 0.751861 0.951691 0.750207 0.948068 0.736973 0.949275 0.723739 0.946860 0.720430 0.950483 0.708023 0.957729 0.700579 0.964976 0.685691 0.967391 0.650951 0.960145 0.635236
0 0.742754 0.482217 0.727053 0.484698 0.711353 0.499586 0.689614 0.509512 0.684783 0.521092 0.655797 0.555831 0.655797 0.561621 0.664251 0.570720 0.695652 0.588916 0.704106 0.588916 0.718599 0.585608 0.736715 0.577337 0.740338 0.573201 0.740338 0.559967 0.742754 0.556658 0.751208 0.552523 0.759662 0.542597 0.781401 0.528536 0.791063 0.519438 0.791063 0.511166 0.777778 0.499586
0 0.842995 0.564103 0.833333 0.563275 0.820048 0.574028 0.804348 0.583127 0.789855 0.597188 0.788647 0.607113 0.778986 0.619520 0.770531 0.624483 0.760870 0.626137 0.747585 0.635236 0.748792 0.637717 0.739130 0.641853 0.742754 0.648470 0.751208 0.655087 0.777778 0.667494 0.791063 0.669975 0.810386 0.667494 0.823671 0.660050 0.855072 0.647643 0.865942 0.640199 0.878019 0.627792 0.880435 0.620347 0.878019 0.598842 0.874396 0.596361 0.868357 0.584781 0.861111 0.579818 0.857488 0.572374
0 0.794686 0.521092 0.783816 0.523573 0.751208 0.547560 0.747585 0.554177 0.736715 0.560794 0.735507 0.572374 0.716184 0.585608 0.699275 0.591398 0.702899 0.602151 0.717391 0.616212 0.717391 0.620347 0.724638 0.626137 0.733092 0.628619 0.734300 0.634409 0.742754 0.638544 0.764493 0.625310 0.783816 0.617039 0.787440 0.596361 0.832126 0.561621 0.833333 0.555831 0.828502 0.546733 0.816425 0.534326
1 0.344203 0.727047 0.336957 0.735318 0.336957 0.741108 0.341787 0.749380 0.346618 0.752688 0.361111 0.756824 0.375604 0.754342 0.380435 0.748553 0.379227 0.740281 0.375604 0.735318 0.358696 0.727047
1 0.374396 0.756824 0.373188 0.764268 0.378019 0.771712 0.392512 0.783292 0.404589 0.783292 0.404589 0.772539 0.400966 0.763441 0.393720 0.755997 0.382850 0.754342
1 0.341787 0.786600 0.335749 0.793218 0.335749 0.803970 0.339372 0.808933 0.350242 0.810587 0.358696 0.803970 0.359903 0.794045 0.353865 0.787428
1 0.214976 0.722911 0.213768 0.712986 0.205314 0.707196 0.193237 0.703888 0.175121 0.707196 0.154589 0.706369 0.144928 0.712159 0.144928 0.718776 0.147343 0.720430 0.170290 0.722084 0.189614 0.728701 0.206522 0.728701
1 0.387681 0.617039 0.376812 0.617866 0.364734 0.625310 0.362319 0.631927 0.365942 0.635236 0.376812 0.635236 0.388889 0.628619 0.390097 0.618693
1 0.213768 0.681555 0.204106 0.682382 0.199275 0.688172 0.199275 0.693135 0.202899 0.698098 0.208937 0.698098 0.217391 0.692308 0.217391 0.685691
1 0.435990 0.834574 0.435990 0.828784 0.428744 0.823821 0.408213 0.825476 0.404589 0.827957 0.397343 0.828784 0.379227 0.825476 0.367150 0.826303 0.362319 0.828784 0.362319 0.831266 0.371981 0.838710 0.396135 0.841191 0.398551 0.842845 0.413043 0.842018 0.419082 0.838710 0.422705 0.842018 0.426329 0.842018 0.427536 0.838710
0 0.371981 0.380480 0.351449 0.376344 0.328502 0.376344 0.305556 0.378825 0.286232 0.387097 0.272947 0.398677 0.264493 0.414392 0.263285 0.452440 0.268116 0.467328 0.272947 0.473945 0.280193 0.478081 0.291063 0.480562 0.303140 0.480562 0.310386 0.478081 0.324879 0.467328 0.346618 0.431762 0.368357 0.404467 0.368357 0.400331 0.376812 0.388751 0.376812 0.383788
0 0.189614 0.446650 0.185990 0.464847 0.175121 0.467328 0.172705 0.469810 0.181159 0.478081 0.189614 0.483044 0.200483 0.484698 0.202899 0.487179 0.214976 0.489661 0.235507 0.498759 0.246377 0.501241 0.283816 0.529363 0.295894 0.532672 0.307971 0.539289 0.329710 0.560794 0.341787 0.568238 0.345411 0.575682 0.382850 0.596361 0.394928 0.605459 0.399758 0.614557 0.408213 0.620347 0.419082 0.623656 0.433575 0.631100 0.439614 0.636890 0.450483 0.640199 0.461353 0.654260 0.469807 0.658395 0.477053 0.666667 0.485507 0.671629 0.512077 0.676592 0.521739 0.679901 0.531401 0.686518 0.548309 0.692308 0.580918 0.692308 0.601449 0.694789 0.626812 0.703888 0.650966 0.707196 0.699275 0.723739 0.736715 0.748553 0.746377 0.751034 0.765700 0.765922 0.797101 0.776675 0.809179 0.778329 0.812802 0.780811 0.836957 0.780811 0.851449 0.776675 0.857488 0.773366 0.862319 0.766749 0.871981 0.763441 0.875604 0.758478 0.875604 0.752688 0.891304 0.748553 0.892512 0.737800 0.904589 0.734491 0.908213 0.704715 0.916667 0.703060 0.921498 0.691481 0.922705 0.658395 0.925121 0.654260 0.923913 0.642680 0.929952 0.641026 0.931159 0.627792 0.935990 0.617866 0.933575 0.595533 0.927536 0.581472 0.922705 0.576510 0.921498 0.568238 0.911836 0.548387 0.908213 0.545079 0.904589 0.519438 0.891304 0.497932 0.888889 0.473118 0.880435 0.457403 0.870773 0.444996 0.858696 0.436725 0.845411 0.434243 0.841787 0.423490 0.830918 0.420182 0.818841 0.407775 0.800725 0.398677 0.797101 0.391232 0.782609 0.387097 0.777778 0.379653 0.764493 0.378825 0.752415 0.380480 0.751208 0.385443 0.746377 0.388751 0.704106 0.395368 0.700483 0.406121 0.690821 0.401985 0.684783 0.405294 0.672705 0.406121 0.652174 0.401158 0.646135 0.404467 0.629227 0.405294 0.625604 0.402812 0.623188 0.396195 0.596618 0.392060 0.591787 0.388751 0.584541 0.388751 0.572464 0.384615 0.568841 0.385443 0.561594 0.379653 0.544686 0.376344 0.531401 0.377998 0.530193 0.389578 0.533816 0.392060 0.543478 0.392887 0.548309 0.398677 0.551932 0.398677 0.562802 0.404467 0.576087 0.406948 0.595411 0.418528 0.620773 0.425145 0.628019 0.431762 0.646135 0.440033 0.650966 0.439206 0.653382 0.441687 0.658213 0.438379 0.667874 0.439206 0.666667 0.447477 0.683575 0.453267 0.688406 0.460711 0.696860 0.466501 0.716184 0.470637 0.719807 0.473945 0.728261 0.476427 0.740338 0.475600 0.775362 0.487179 0.778986 0.489661 0.782609 0.498759 0.793478 0.500414 0.797101 0.502895 0.798309 0.510339 0.810386 0.514475 0.833333 0.535153 0.845411 0.553350 0.863527 0.566584 0.873188 0.576510 0.884058 0.581472 0.892512 0.598842 0.890097 0.622829 0.875604 0.634409 0.874396 0.639371 0.859903 0.649297 0.858696 0.653433 0.846618 0.657568 0.840580 0.663358 0.829710 0.665840 0.824879 0.669975 0.793478 0.673284 0.768116 0.670802 0.722222 0.653433 0.716184 0.645161 0.705314 0.638544 0.699275 0.628619 0.688406 0.622829 0.687198 0.617039 0.673913 0.606286 0.670290 0.598015 0.650966 0.584781 0.643720 0.583954 0.638889 0.579818 0.628019 0.578991 0.620773 0.573201 0.597826 0.569065 0.591787 0.563275 0.579710 0.561621 0.528986 0.532672 0.514493 0.530190 0.501208 0.521919 0.496377 0.515302 0.490338 0.513648 0.468599 0.500414 0.440821 0.497932 0.435990 0.499586 0.423913 0.498759 0.416667 0.491315 0.411836 0.492142 0.405797 0.488834 0.391304 0.490488 0.381643 0.497105 0.376812 0.493797 0.373188 0.497105 0.368357 0.495451 0.364734 0.497932 0.357488 0.498759 0.349034 0.497105 0.342995 0.488007 0.332126 0.483871 0.322464 0.482217 0.283816 0.483871 0.276570 0.480562 0.269324 0.481390 0.258454 0.474773 0.251208 0.467328 0.246377 0.443342 0.239130 0.442514 0.237923 0.444169 0.233092 0.438379 0.204106 0.439206 0.200483 0.442514 0.194444 0.442514 0.195652 0.447477 0.193237 0.449132
1 0.506039 0.353184 0.506039 0.358974 0.509662 0.362283 0.574879 0.377171 0.609903 0.388751 0.649758 0.394541 0.688406 0.396195 0.700483 0.392060 0.719807 0.391232 0.739130 0.387097 0.753623 0.375517 0.768116 0.373863 0.778986 0.362283 0.780193 0.344913 0.764493 0.328371 0.752415 0.325889 0.731884 0.313482 0.702899 0.304384 0.642512 0.292804 0.612319 0.293631 0.532609 0.288668 0.528986 0.290323 0.528986 0.292804 0.538647 0.306865 0.538647 0.318445 0.521739 0.340778
0 0.589372 0.424318 0.582126 0.424318 0.572464 0.430108 0.561594 0.444996 0.531401 0.475600 0.520531 0.492142 0.521739 0.505376 0.531401 0.515302 0.560386 0.516956 0.564010 0.523573 0.572464 0.522746 0.579710 0.511166 0.609903 0.483871 0.624396 0.466501 0.628019 0.456576 0.632850 0.451613 0.632850 0.445823 0.626812 0.439206 0.613527 0.435070 0.606280 0.429280
1 0.083333 0.093466 0.082126 0.096774 0.091787 0.103391 0.097826 0.105045 0.107488 0.103391 0.108696 0.095120 0.105072 0.091811 0.089372 0.090984
1 0.091787 0.113317 0.091787 0.119934 0.095411 0.123242 0.106280 0.124897 0.111111 0.123242 0.112319 0.114971 0.108696 0.110008 0.097826 0.110008
1 0.031401 0.228288 0.021739 0.229115 0.013285 0.238213 0.012077 0.254756 0.014493 0.259719 0.020531 0.263854 0.027778 0.263854 0.033816 0.255583 0.037440 0.231596
1 0.298309 0.095120 0.295894 0.095947 0.292271 0.107527 0.297101 0.123242 0.300725 0.127378 0.301932 0.142266 0.306763 0.154673 0.311594 0.158809 0.312802 0.163772 0.318841 0.167907 0.336957 0.170389 0.342995 0.169562 0.347826 0.167080 0.347826 0.155500 0.335749 0.125724 0.318841 0.104218 0.310386 0.098428
1 0.528986 0.296940 0.514493 0.287841 0.495169 0.282051 0.452899 0.277089 0.413043 0.277916 0.402174 0.281224 0.361111 0.287841 0.327295 0.299421 0.294686 0.314309 0.251208 0.346567 0.242754 0.360629 0.242754 0.368900 0.253623 0.377171 0.280193 0.380480 0.327295 0.373863 0.376812 0.373036 0.402174 0.364764 0.440821 0.364764 0.471014 0.359801 0.491546 0.358974 0.514493 0.344913 0.528986 0.328371 0.533816 0.314309
0 0.531401 0.401158 0.521739 0.401158 0.513285 0.406121 0.498792 0.428453 0.471014 0.461538 0.460145 0.478081 0.458937 0.483871 0.464976 0.488007 0.492754 0.498759 0.502415 0.497932 0.508454 0.500414 0.518116 0.498759 0.530193 0.478081 0.555556 0.452440 0.577295 0.424318 0.576087 0.415219 0.564010 0.408602
0 0.497585 0.374690 0.471014 0.369727 0.462560 0.372208 0.454106 0.378825 0.431159 0.407775 0.420290 0.427626 0.405797 0.446650 0.397343 0.462366 0.399758 0.475600 0.421498 0.483044 0.437198 0.484698 0.451691 0.483871 0.460145 0.476427 0.496377 0.425972 0.503623 0.408602 0.513285 0.395368 0.512077 0.384615
0 0.413043 0.368073 0.397343 0.368073 0.387681 0.373863 0.375604 0.391232 0.374396 0.397022 0.346618 0.432589 0.342995 0.444169 0.328502 0.466501 0.328502 0.470637 0.333333 0.477254 0.346618 0.483871 0.361111 0.487179 0.373188 0.487179 0.386473 0.482217 0.398551 0.455749 0.440821 0.394541 0.443237 0.383788 0.438406 0.377171
0 0.663043 0.453267 0.650966 0.454921 0.634058 0.468156 0.623188 0.481390 0.617150 0.484698 0.590580 0.511993 0.579710 0.520265 0.571256 0.538462 0.577295 0.542597 0.590580 0.547560 0.596618 0.552523 0.618357 0.559967 0.625604 0.559967 0.632850 0.562448 0.643720 0.561621 0.660628 0.546733 0.681159 0.523573 0.688406 0.508685 0.708937 0.498759 0.713768 0.489661 0.713768 0.484698 0.705314 0.477254 0.672705 0.456576
