1 0.526563 0.629321 0.528125 0.634088 0.614062 0.635280 0.654687 0.648391 0.687500 0.649583 0.701562 0.648391 0.704688 0.644815 0.701562 0.626937 0.685937 0.592372 0.679688 0.587604 0.662500 0.582837 0.618750 0.581645 0.595313 0.587604 0.542188 0.613826
0 0.896875 0.518474 0.884375 0.519666 0.882812 0.522050 0.892188 0.532777 0.892188 0.547080 0.906250 0.558999 0.904687 0.567342 0.832812 0.643623 0.837500 0.654350 0.853125 0.661502 0.870313 0.662694 0.889062 0.655542 0.909375 0.637664 0.926562 0.612634 0.929688 0.557807 0.920312 0.536353
0 0.554688 0.365912 0.539062 0.365912 0.531250 0.369487 0.518750 0.387366 0.518750 0.410012 0.514062 0.430274 0.534375 0.455304 0.545312 0.450536 0.560937 0.433850 0.579688 0.405244 0.578125 0.392133 0.565625 0.370679
0 0.592187 0.475566 0.579688 0.474374 0.520312 0.500596 0.485938 0.529201 0.475000 0.549464 0.446875 0.567342 0.443750 0.573302 0.446875 0.616210 0.442188 0.661502 0.453125 0.671037 0.487500 0.673421 0.492188 0.668653 0.495312 0.653159 0.503125 0.640048 0.526563 0.625745 0.537500 0.609058 0.542188 0.582837 0.550000 0.562574 0.565625 0.549464 0.609375 0.530393 0.609375 0.524434 0.596875 0.504172 0.595313 0.480334
0 0.657813 0.653159 0.664062 0.661502 0.701562 0.687723 0.710938 0.687723 0.729688 0.672229 0.735938 0.672229 0.746875 0.690107 0.751563 0.715137 0.778125 0.737783 0.781250 0.743743 0.779687 0.748510 0.771875 0.750894 0.765625 0.756853 0.779687 0.756853 0.792188 0.748510 0.807813 0.724672 0.810937 0.712753 0.809375 0.702026 0.796875 0.688915 0.782813 0.682956 0.776563 0.672229 0.762500 0.660310 0.754687 0.656734 0.712500 0.650775
0 0.704688 0.454112 0.696875 0.466031 0.696875 0.475566 0.700000 0.479142 0.695312 0.486293 0.695312 0.497020 0.700000 0.501788 0.695312 0.511323 0.695312 0.523242 0.700000 0.532777 0.696875 0.545888 0.710938 0.554231 0.728125 0.556615 0.745313 0.573302 0.764062 0.572110 0.784375 0.560191 0.795312 0.562574 0.821875 0.561383 0.840625 0.549464 0.878125 0.551847 0.884375 0.548272 0.885938 0.532777 0.882812 0.526818 0.871875 0.519666 0.829688 0.506555 0.820312 0.499404 0.820312 0.494636 0.834375 0.482718 0.834375 0.464839 0.826562 0.451728 0.768750 0.441001 0.753125 0.433850 0.748437 0.427890 0.743750 0.427890 0.720313 0.441001
0 0.626563 0.417163 0.609375 0.425507 0.598437 0.442193 0.595313 0.468415 0.601562 0.498212 0.615625 0.522050 0.623437 0.529201 0.646875 0.532777 0.685937 0.547080 0.695312 0.537545 0.696875 0.530393 0.692187 0.519666 0.692187 0.501788 0.671875 0.458880 0.665625 0.431466 0.653125 0.419547
0 0.281250 0.382598 0.275000 0.380215 0.256250 0.386174 0.223438 0.390942 0.189062 0.389750 0.157812 0.384982 0.156250 0.398093 0.175000 0.412396 0.187500 0.415971 0.206250 0.415971 0.225000 0.406436 0.262500 0.396901 0.270313 0.390942 0.278125 0.389750
2 0.410938 0.421931 0.387500 0.420739 0.365625 0.429082 0.310937 0.436234 0.259375 0.424315 0.231250 0.412396 0.200000 0.419547 0.178125 0.414779 0.165625 0.414779 0.157812 0.421931 0.146875 0.443385 0.146875 0.449344 0.126562 0.473182 0.110937 0.506555 0.109375 0.547080 0.118750 0.593564 0.125000 0.607867 0.157812 0.654350 0.225000 0.703218 0.239063 0.707986 0.250000 0.707986 0.343750 0.687723 0.351562 0.682956 0.362500 0.659118 0.379688 0.641240 0.396875 0.634088 0.435937 0.629321 0.440625 0.625745 0.443750 0.604291 0.439063 0.572110 0.443750 0.563766 0.473438 0.544696 0.490625 0.501788 0.476562 0.483909 0.460938 0.482718 0.442188 0.461263 0.421875 0.454112 0.417187 0.449344 0.418750 0.439809
0 0.490625 0.746126 0.492188 0.764005 0.496875 0.767580 0.500000 0.780691 0.531250 0.804529 0.548438 0.810489 0.578125 0.811681 0.628125 0.805721 0.662500 0.794994 0.685937 0.780691 0.682813 0.769964 0.657813 0.766389 0.645312 0.761621 0.600000 0.733015 0.565625 0.705602 0.560937 0.705602 0.564063 0.744934 0.560937 0.750894 0.542188 0.748510 0.518750 0.738975 0.507812 0.738975
0 0.331250 0.772348 0.329688 0.779499 0.334375 0.783075 0.365625 0.790226 0.381250 0.810489 0.403125 0.818832 0.454688 0.817640 0.476562 0.834327 0.506250 0.833135 0.521875 0.825983 0.525000 0.820024 0.523438 0.806913 0.514062 0.797378 0.434375 0.773540 0.390625 0.766389 0.367188 0.766389
0 0.440625 0.635280 0.435937 0.631704 0.407813 0.632896 0.378125 0.642431 0.360938 0.662694 0.353125 0.685340 0.370312 0.686532 0.423438 0.674613 0.439063 0.662694
0 0.781250 0.373063 0.781250 0.381406 0.795312 0.393325 0.782813 0.395709 0.751563 0.419547 0.751563 0.433850 0.785937 0.444577 0.823438 0.449344 0.829688 0.452920 0.834375 0.462455 0.834375 0.477950 0.831250 0.486293 0.821875 0.492253 0.825000 0.500596 0.839063 0.505364 0.859375 0.505364 0.892188 0.498212 0.906250 0.485101 0.912500 0.469607 0.910937 0.437426 0.892188 0.406436 0.882812 0.395709 0.864062 0.382598 0.828125 0.367104 0.798438 0.365912
0 0.548438 0.241955 0.550000 0.263409 0.568750 0.277712 0.614062 0.277712 0.637500 0.282479 0.651563 0.289631 0.662500 0.289631 0.670312 0.283671 0.671875 0.266985 0.654687 0.250298 0.615625 0.232420 0.578125 0.232420 0.556250 0.237187
1 0.356250 0.245530 0.359375 0.247914 0.376563 0.247914 0.442188 0.232420 0.450000 0.227652 0.450000 0.224076 0.440625 0.220501 0.376563 0.222884 0.360938 0.230036
1 0.464062 0.313468 0.446875 0.309893 0.378125 0.317044 0.373437 0.320620 0.345313 0.326579 0.318750 0.358760 0.287500 0.387366 0.262500 0.400477 0.239063 0.406436 0.239063 0.412396 0.254688 0.420739 0.298438 0.431466 0.332813 0.431466 0.373437 0.424315 0.401562 0.404052 0.423438 0.377831 0.429688 0.374255 0.439063 0.355185 0.460938 0.326579
1 0.532813 0.467223 0.535937 0.469607 0.551562 0.470799 0.592187 0.468415 0.596875 0.446961 0.607812 0.429082 0.617188 0.421931 0.629687 0.418355 0.653125 0.420739 0.664062 0.429082 0.676562 0.463647 0.685937 0.464839 0.751563 0.420739 0.782813 0.394517 0.782813 0.389750 0.770312 0.388558 0.762500 0.383790 0.625000 0.381406 0.603125 0.384982 0.595313 0.388558 0.578125 0.407628 0.576562 0.413588 0.565625 0.423123 0.560937 0.433850 0.551562 0.439809 0.545312 0.450536 0.532813 0.460072
1 0.757812 0.653159 0.781250 0.679380 0.798438 0.688915 0.810937 0.686532 0.839063 0.662694 0.839063 0.656734 0.828125 0.651967 0.779687 0.649583
1 0.904687 0.561383 0.895312 0.555423 0.868750 0.555423 0.787500 0.567342 0.735938 0.580453 0.718750 0.593564 0.703125 0.611442 0.701562 0.623361 0.709375 0.641240 0.721875 0.648391 0.745313 0.653159 0.768750 0.649583 0.829688 0.648391 0.860938 0.612634 0.903125 0.575685 0.906250 0.569726
0 0.675000 0.280095 0.671875 0.296782 0.678125 0.311085 0.706250 0.342074 0.729688 0.358760 0.760938 0.368296 0.817187 0.364720 0.828125 0.358760 0.829688 0.345650 0.826562 0.336114 0.815625 0.328963 0.796875 0.331347 0.782813 0.325387 0.781250 0.309893 0.775000 0.300358 0.759375 0.290822 0.737500 0.292014 0.732812 0.276520 0.726562 0.269368 0.714063 0.265793 0.695312 0.265793 0.687500 0.268176 0.685937 0.272944
1 0.509375 0.641240 0.509375 0.655542 0.531250 0.680572 0.610938 0.742551 0.645312 0.764005 0.676562 0.768772 0.689063 0.779499 0.698438 0.781883 0.703125 0.786651 0.714063 0.786651 0.735938 0.780691 0.750000 0.769964 0.760938 0.752086 0.779687 0.749702 0.776563 0.737783 0.750000 0.713945 0.746875 0.687723 0.743750 0.684148 0.735938 0.684148 0.735938 0.672229 0.723437 0.673421 0.717187 0.684148 0.706250 0.687723 0.690625 0.679380 0.682813 0.671037 0.623437 0.637664 0.548438 0.635280 0.520312 0.636472
1 0.535937 0.727056 0.534375 0.719905 0.518750 0.712753 0.514062 0.706794 0.487500 0.697259 0.482812 0.692491 0.467187 0.686532 0.443750 0.684148 0.425000 0.676996 0.407813 0.676996 0.371875 0.686532 0.353125 0.687723 0.306250 0.699642 0.292187 0.700834 0.246875 0.716329 0.251563 0.725864 0.278125 0.735399 0.298438 0.747318 0.310937 0.750894 0.331250 0.765197 0.337500 0.766389 0.382812 0.762813 0.514062 0.733015 0.528125 0.733015
1 0.548438 0.284863 0.548438 0.276520 0.543750 0.272944 0.532813 0.271752 0.528125 0.265793 0.539062 0.255066 0.540625 0.247914 0.535937 0.243147 0.518750 0.243147 0.476562 0.249106 0.387500 0.270560 0.387500 0.278903 0.390625 0.280095 0.423438 0.272944 0.435937 0.277712 0.460938 0.294398 0.484375 0.300358 0.492188 0.300358 0.507812 0.292014 0.512500 0.292014 0.521875 0.297974 0.528125 0.297974
0 0.534375 0.309893 0.531250 0.332539 0.535937 0.343266 0.545312 0.345650 0.564063 0.339690 0.581250 0.342074 0.592187 0.348033 0.592187 0.357569 0.584375 0.376639 0.584375 0.396901 0.589063 0.396901 0.606250 0.383790 0.639062 0.381406 0.651563 0.373063 0.685937 0.382598 0.706250 0.383790 0.717187 0.381406 0.718750 0.361144 0.710938 0.345650 0.692187 0.328963 0.632812 0.294398 0.600000 0.286055 0.564063 0.288439 0.540625 0.302741
1 0.514062 0.290822 0.504687 0.292014 0.470313 0.318236 0.439063 0.358760 0.423438 0.390942 0.423438 0.402861 0.442188 0.423123 0.439063 0.445769 0.445312 0.451728 0.460938 0.456496 0.462500 0.468415 0.459375 0.471990 0.465625 0.479142 0.473438 0.477950 0.484375 0.469607 0.498437 0.449344 0.509375 0.417163 0.515625 0.379023 0.531250 0.350417 0.529687 0.314660
1 0.206250 0.727056 0.206250 0.737783 0.215625 0.749702 0.234375 0.762813 0.248438 0.768772 0.276562 0.772348 0.309375 0.772348 0.317188 0.767580 0.317188 0.758045 0.307812 0.749702 0.256250 0.725864 0.243750 0.717521 0.228125 0.717521
