1 0.479244 0.407888 0.474170 0.408147 0.468635 0.411002 0.465406 0.414115 0.464022 0.419305 0.464022 0.426829 0.462638 0.429424 0.457103 0.435132 0.457103 0.437727 0.458487 0.438765 0.471402 0.439803 0.480627 0.439803 0.486624 0.438246 0.489391 0.436170 0.492620 0.427608 0.492159 0.421121 0.489852 0.415413 0.485701 0.411002 0.482011 0.408666
1 0.634686 0.539180 0.626845 0.539440 0.625461 0.540737 0.624539 0.545148 0.618081 0.556305 0.617159 0.559419 0.612546 0.564608 0.608395 0.572392 0.607934 0.576284 0.610701 0.577841 0.620387 0.577841 0.622694 0.577322 0.624077 0.575765 0.625923 0.571354 0.628690 0.568241 0.638838 0.545667 0.638838 0.541256
1 0.439576 0.632071 0.438192 0.633368 0.438192 0.636222 0.440037 0.639336 0.445572 0.642190 0.455258 0.648936 0.463561 0.650234 0.466328 0.647120 0.465406 0.642968 0.463561 0.640633 0.459871 0.638557 0.456181 0.634925 0.452030 0.632590 0.446956 0.631552
1 0.375461 0.626622 0.372232 0.628957 0.371310 0.631811 0.372694 0.634406 0.376384 0.637519 0.383303 0.640893 0.396679 0.643228 0.397140 0.641930 0.390221 0.641671 0.389299 0.633627 0.391605 0.629735 0.391605 0.627141 0.390683 0.626362 0.383764 0.625584
1 0.340867 0.642968 0.335793 0.646601 0.335793 0.650493 0.340406 0.654645 0.354705 0.662948 0.360701 0.665023 0.366697 0.665283 0.374077 0.663985 0.377306 0.661391 0.378229 0.657758 0.374539 0.654645 0.371771 0.650493 0.367159 0.647379 0.365314 0.644785 0.358395 0.641671 0.354705 0.640893 0.346402 0.641412
1 0.428044 0.450182 0.423432 0.449663 0.419742 0.448365 0.415590 0.448365 0.411900 0.449663 0.406827 0.449922 0.392066 0.454852 0.384225 0.464193 0.381919 0.470680 0.382841 0.474312 0.384225 0.475610 0.388376 0.475869 0.393450 0.474572 0.394373 0.469901 0.392528 0.466528 0.397140 0.463155 0.413284 0.458485 0.431734 0.455371 0.431734 0.453555
1 0.450185 0.442398 0.449262 0.444214 0.452030 0.451220 0.460332 0.458744 0.476476 0.465231 0.481550 0.466269 0.488930 0.466788 0.498155 0.466269 0.505074 0.464193 0.511531 0.459523 0.512915 0.456928 0.515221 0.455631 0.518450 0.451998 0.518450 0.450182 0.516144 0.448365 0.514760 0.444733 0.510609 0.442398 0.508303 0.442657 0.507841 0.443435 0.508303 0.445511 0.510609 0.446809 0.510609 0.448106 0.509225 0.448884 0.504151 0.446809 0.502768 0.442138 0.498616 0.440841 0.494004 0.441360 0.491236 0.440581 0.459871 0.439803 0.455258 0.440581
1 0.397140 0.465750 0.397140 0.467307 0.401753 0.470161 0.406365 0.474312 0.409594 0.475610 0.422970 0.478204 0.436808 0.479242 0.443727 0.479242 0.451568 0.476129 0.459410 0.471458 0.461255 0.467826 0.461255 0.466269 0.456642 0.462377 0.445572 0.460820 0.435886 0.457966 0.423432 0.457966 0.419742 0.459263 0.415590 0.459523 0.399908 0.463155
1 0.318266 0.393876 0.317343 0.393358 0.313653 0.393358 0.306734 0.394395 0.301661 0.396731 0.298893 0.397250 0.295203 0.399585 0.282749 0.403477 0.279982 0.405034 0.275369 0.405293 0.271218 0.406850 0.265683 0.407628 0.262915 0.409185 0.260148 0.409445 0.238930 0.421380 0.229705 0.423197 0.224631 0.425532 0.220941 0.426310 0.219557 0.427867 0.220941 0.431240 0.224631 0.431500 0.227399 0.430721 0.232934 0.430981 0.235701 0.430202 0.239852 0.430462 0.243542 0.429424 0.248155 0.429165 0.255535 0.425791 0.263376 0.424754 0.267528 0.423197 0.278137 0.421380 0.283210 0.419305 0.296125 0.416191 0.303044 0.412818 0.305812 0.408666 0.307657 0.407628 0.310424 0.407369 0.314114 0.405034 0.315959 0.400363 0.318727 0.396731
1 0.185886 0.384536 0.181273 0.384536 0.172970 0.386352 0.156365 0.392060 0.150369 0.396990 0.144834 0.403736 0.145756 0.408666 0.150369 0.411002 0.159133 0.411002 0.162362 0.410483 0.170664 0.407369 0.177583 0.403736 0.185886 0.396990 0.188192 0.393358 0.189114 0.387649
1 0.318727 0.485989 0.313192 0.488064 0.309502 0.492735 0.306273 0.500000 0.306273 0.505708 0.309502 0.513233 0.314576 0.518941 0.325646 0.526466 0.329797 0.526985 0.332103 0.524909 0.333026 0.513233 0.338561 0.506487 0.338561 0.504670 0.337177 0.501816 0.332565 0.497665 0.327952 0.488583 0.325185 0.486767 0.321956 0.485989
1 0.077491 0.430981 0.074262 0.435392 0.074262 0.439543 0.082565 0.445511 0.095018 0.449403 0.102860 0.450441 0.115314 0.450182 0.119926 0.449403 0.123155 0.447587 0.124077 0.443176 0.121771 0.439024 0.119004 0.437208 0.112085 0.435392 0.107011 0.431500 0.090867 0.428386 0.082103 0.429165
1 0.110240 0.416450 0.107472 0.418526 0.106089 0.422159 0.106089 0.424494 0.110240 0.429424 0.114852 0.432797 0.123155 0.436949 0.130074 0.438246 0.136993 0.437727 0.140683 0.434613 0.142528 0.429165 0.142066 0.426829 0.136531 0.422418 0.127306 0.419564 0.122232 0.416969 0.118542 0.416710 0.115314 0.415672
1 0.454336 0.406850 0.447878 0.407369 0.445572 0.408666 0.439114 0.415672 0.435886 0.423975 0.435424 0.431759 0.438653 0.438505 0.441421 0.440322 0.446494 0.441619 0.451107 0.440062 0.455258 0.440062 0.460332 0.439024 0.463100 0.437727 0.467251 0.424494 0.464945 0.413596 0.459410 0.408407
1 0.776292 0.341982 0.774446 0.342501 0.771679 0.345615 0.767066 0.352880 0.762454 0.366892 0.757841 0.375454 0.755535 0.384017 0.755996 0.388428 0.758303 0.389984 0.770295 0.391541 0.786439 0.391022 0.788745 0.389984 0.790590 0.386611 0.790590 0.380903 0.786900 0.358848 0.779982 0.344058
1 0.708487 0.298391 0.707565 0.299429 0.717251 0.303321 0.723708 0.307213 0.732472 0.309289 0.735240 0.311624 0.740314 0.314219 0.745387 0.315516 0.749077 0.317333 0.750000 0.320706 0.754151 0.324338 0.762915 0.330566 0.764760 0.330825 0.767066 0.330306 0.772601 0.333939 0.776753 0.338350 0.780443 0.340426 0.783672 0.350285 0.788284 0.357810 0.795664 0.366632 0.797509 0.374676 0.806734 0.391541 0.809502 0.393098 0.815498 0.394395 0.822417 0.395174 0.831181 0.395174 0.833487 0.394655 0.834871 0.393617 0.834871 0.392060 0.830720 0.388428 0.827030 0.377270 0.820572 0.370784 0.819649 0.368448 0.812269 0.359107 0.803967 0.352102 0.795664 0.343020 0.785978 0.335755 0.780443 0.329009 0.772601 0.326674 0.763376 0.318630 0.763376 0.314219 0.760148 0.314478 0.756458 0.313441 0.751845 0.313960 0.748616 0.311884 0.742159 0.309549 0.730627 0.303062 0.724631 0.300986 0.720480 0.300467 0.716790 0.298651
1 0.915590 0.364816 0.912362 0.365335 0.907749 0.368189 0.904520 0.372340 0.875923 0.388168 0.873155 0.391022 0.869465 0.392320 0.868542 0.396731 0.873616 0.399585 0.880074 0.400623 0.888376 0.400363 0.897140 0.394914 0.912823 0.378308 0.916052 0.372340 0.916513 0.365594
1 0.786900 0.408926 0.780443 0.408147 0.754613 0.408147 0.751845 0.408926 0.750461 0.410223 0.750461 0.418786 0.749077 0.427089 0.747694 0.429943 0.739852 0.439024 0.737546 0.448625 0.737546 0.459523 0.740314 0.465750 0.743542 0.468085 0.746771 0.467566 0.750923 0.465490 0.753690 0.462377 0.759225 0.459004 0.761993 0.455371 0.765683 0.447327 0.768450 0.443695 0.771218 0.436170 0.772140 0.429943 0.779982 0.425791 0.786900 0.416191 0.787823 0.413856
1 0.810886 0.484172 0.807196 0.484172 0.800738 0.490919 0.797509 0.496886 0.796587 0.502335 0.791052 0.509081 0.789207 0.513752 0.785055 0.517385 0.781827 0.524131 0.780443 0.529580 0.777214 0.532953 0.774446 0.542034 0.773063 0.558121 0.775369 0.560976 0.779982 0.559678 0.782749 0.556824 0.786900 0.554748 0.790590 0.550856 0.794280 0.548780 0.798432 0.540737 0.801199 0.538402 0.805812 0.531396 0.807657 0.526725 0.811808 0.521796 0.812731 0.509081 0.814576 0.506227 0.815037 0.501816 0.817804 0.498184 0.818266 0.494292 0.815959 0.486767
1 0.788284 0.500259 0.782749 0.499741 0.780443 0.501038 0.774908 0.502595 0.771679 0.506487 0.765221 0.511417 0.762454 0.519201 0.755996 0.524131 0.750000 0.525428 0.746310 0.528542 0.740314 0.530618 0.736624 0.529061 0.732472 0.529839 0.729244 0.526466 0.725092 0.526985 0.723247 0.530099 0.719557 0.533212 0.717712 0.537364 0.709410 0.540737 0.704797 0.544110 0.703413 0.549818 0.704336 0.553191 0.707103 0.556565 0.708487 0.564349 0.705720 0.568760 0.702491 0.571614 0.701568 0.577841 0.700185 0.578879 0.697417 0.579139 0.693266 0.584847 0.688653 0.587182 0.689114 0.592631 0.690959 0.592891 0.694188 0.592112 0.695111 0.587182 0.696956 0.586144 0.701107 0.585625 0.703413 0.584587 0.708026 0.580695 0.716328 0.578101 0.724170 0.573690 0.724631 0.571873 0.723247 0.570057 0.724170 0.566684 0.729705 0.563051 0.735240 0.560976 0.738007 0.557084 0.748616 0.548262 0.751845 0.543332 0.756458 0.540218 0.762915 0.534250 0.766144 0.532434 0.772140 0.530877 0.775830 0.528542 0.780904 0.522314 0.782288 0.517903 0.786900 0.514530 0.788284 0.512455 0.789668 0.501557
1 0.529982 0.522574 0.526292 0.521536 0.524446 0.521796 0.521218 0.526466 0.518450 0.528023 0.513376 0.529061 0.504613 0.529061 0.494926 0.526725 0.490775 0.524390 0.481550 0.524131 0.476937 0.524909 0.475092 0.525688 0.478321 0.534769 0.481550 0.539440 0.483856 0.540218 0.494465 0.539699 0.499539 0.538661 0.508764 0.537883 0.514760 0.536066 0.529520 0.533731 0.531365 0.529580 0.530904 0.523871
1 0.091790 0.535807 0.088561 0.533472 0.087177 0.533472 0.076107 0.536585 0.071494 0.537104 0.068266 0.538402 0.056734 0.540477 0.052122 0.542813 0.047970 0.543591 0.045203 0.545407 0.041052 0.545926 0.036900 0.547483 0.033672 0.547483 0.029059 0.549818 0.017066 0.551894 0.005074 0.555267 0.000000 0.558121 0.000000 0.571873 0.006458 0.574987 0.010148 0.572392 0.014299 0.571614 0.021218 0.568241 0.025830 0.568241 0.029059 0.566943 0.037823 0.565387 0.040590 0.563830 0.045203 0.563830 0.048432 0.562273 0.053044 0.562532 0.060424 0.560457 0.069188 0.556565 0.081642 0.553451 0.083948 0.552154 0.088100 0.551894 0.096402 0.548002 0.098247 0.545926 0.098247 0.544110 0.096402 0.540996
1 0.088561 0.532693 0.087177 0.532693 0.076568 0.536845 0.063192 0.539440 0.056734 0.541775 0.052583 0.544110 0.048432 0.544369 0.046125 0.546186 0.033210 0.547743 0.027675 0.549818 0.016605 0.552154 0.012915 0.554489 0.004613 0.556046 0.002768 0.557084 0.002306 0.558381 0.000000 0.559159 0.000000 0.568760 0.001845 0.569279 0.004151 0.571873 0.006458 0.572133 0.008303 0.571095 0.017528 0.569538 0.021218 0.567981 0.026292 0.567981 0.033210 0.563830 0.056734 0.560976 0.069649 0.556565 0.080258 0.554489 0.084871 0.552932 0.088100 0.552673 0.097786 0.545926 0.097325 0.542553 0.093173 0.535807
1 0.356550 0.411520 0.355166 0.413856 0.355166 0.416710 0.358856 0.422937 0.360701 0.428386 0.365314 0.434094 0.369004 0.433835 0.375000 0.430462 0.384686 0.427348 0.392066 0.426570 0.397140 0.426570 0.401292 0.427348 0.405904 0.429165 0.410978 0.435651 0.410055 0.439803 0.407749 0.442916 0.408210 0.444992 0.409594 0.445252 0.411439 0.444214 0.413284 0.446549 0.419742 0.446549 0.424815 0.445511 0.425738 0.444214 0.425277 0.441879 0.419742 0.435392 0.418358 0.431500 0.415129 0.428386 0.413284 0.423456 0.409133 0.420861 0.404982 0.414634 0.397140 0.411261 0.393450 0.410483 0.360701 0.409964
1 0.351476 0.365075 0.351015 0.367670 0.351937 0.369486 0.358856 0.373638 0.364852 0.374935 0.368081 0.376751 0.386070 0.389725 0.397140 0.394136 0.408210 0.402180 0.416513 0.406072 0.423893 0.407888 0.427583 0.409445 0.431734 0.412299 0.434502 0.413077 0.438653 0.412558 0.445572 0.407369 0.451568 0.405553 0.458026 0.406331 0.463100 0.408926 0.466790 0.408666 0.468635 0.405553 0.468635 0.403217 0.466790 0.399844 0.455720 0.396731 0.452030 0.396471 0.448339 0.395174 0.443727 0.394914 0.434963 0.391801 0.422970 0.389206 0.420203 0.387649 0.411439 0.379865 0.406827 0.377530 0.386070 0.372859 0.377306 0.371562 0.373155 0.369227 0.370387 0.368967 0.365775 0.367151 0.360240 0.366113 0.357934 0.364816 0.352860 0.364556
0 0.596863 0.536326 0.585332 0.532953 0.576568 0.532693 0.568266 0.536845 0.566882 0.538402 0.559502 0.542553 0.552122 0.544629 0.545664 0.544369 0.539668 0.542813 0.536900 0.541256 0.534594 0.540996 0.529982 0.537364 0.518911 0.537883 0.504151 0.540218 0.493542 0.540996 0.485701 0.542813 0.481550 0.547224 0.481089 0.549559 0.486624 0.563830 0.493542 0.571614 0.497694 0.573171 0.502306 0.573171 0.509686 0.574468 0.514299 0.574209 0.521218 0.572911 0.525369 0.570835 0.529982 0.570576 0.533210 0.568760 0.544280 0.566165 0.549354 0.563830 0.553044 0.563570 0.557657 0.562013 0.564114 0.561495 0.567804 0.559419 0.571956 0.561754 0.582103 0.562792 0.586716 0.563830 0.591790 0.566943 0.595480 0.568241 0.597325 0.564868 0.600092 0.551116 0.599631 0.540996
1 0.292435 0.427608 0.292435 0.432019 0.298432 0.435392 0.302583 0.435651 0.306273 0.436689 0.310424 0.436430 0.321956 0.437987 0.334871 0.437987 0.339483 0.438505 0.353321 0.437727 0.356550 0.436430 0.359317 0.432538 0.357472 0.428127 0.353321 0.423716 0.344557 0.422159 0.336716 0.421899 0.332565 0.422418 0.324262 0.421640 0.304889 0.421640 0.298432 0.422159 0.294280 0.424235
1 0.862085 0.409445 0.852860 0.409704 0.845480 0.414115 0.842251 0.418786 0.837177 0.422418 0.834410 0.426570 0.829797 0.430202 0.825646 0.435911 0.821494 0.438505 0.818266 0.443695 0.814114 0.446549 0.811347 0.452257 0.806734 0.455371 0.800738 0.467566 0.797509 0.470680 0.797048 0.481578 0.798432 0.484691 0.802583 0.483913 0.806273 0.480280 0.810424 0.478204 0.813192 0.471977 0.818727 0.468345 0.821956 0.464453 0.827952 0.459782 0.830720 0.454593 0.835332 0.452257 0.843173 0.446030 0.847786 0.440841 0.857934 0.433576 0.861624 0.428646 0.865775 0.425791 0.868542 0.421899 0.875000 0.416450 0.875923 0.412299
1 0.614391 0.603529 0.610240 0.605086 0.602860 0.614167 0.599170 0.622470 0.596402 0.635963 0.600092 0.641671 0.607934 0.648158 0.616697 0.651271 0.624077 0.651790 0.626845 0.649974 0.628229 0.646601 0.628690 0.641930 0.627768 0.636222 0.620849 0.623768 0.619004 0.609497 0.616236 0.604307
1 0.770756 0.537104 0.767528 0.536845 0.766605 0.537364 0.763838 0.542294 0.761070 0.540218 0.759225 0.540218 0.752306 0.544369 0.749539 0.548262 0.743081 0.551375 0.740775 0.554229 0.736162 0.556824 0.733395 0.562532 0.727860 0.564089 0.720480 0.570576 0.717251 0.576544 0.713561 0.577841 0.709871 0.580436 0.702952 0.583031 0.701568 0.584587 0.696033 0.587182 0.693266 0.590296 0.688192 0.593409 0.681734 0.601453 0.679428 0.607421 0.676199 0.610535 0.671587 0.618319 0.670203 0.622470 0.666052 0.625584 0.661439 0.632071 0.657288 0.634665 0.654520 0.639855 0.650830 0.641152 0.646679 0.644525 0.642989 0.646341 0.638838 0.650752 0.638376 0.653347 0.634225 0.653607 0.630535 0.655942 0.627306 0.656720 0.618081 0.663726 0.610701 0.667878 0.607934 0.671510 0.603321 0.674105 0.599631 0.677997 0.598708 0.680073 0.599170 0.682667 0.607934 0.683446 0.611162 0.682408 0.615314 0.682408 0.619004 0.680332 0.623155 0.679813 0.631919 0.672807 0.639760 0.668656 0.644373 0.663726 0.654059 0.658796 0.663745 0.652050 0.665129 0.649974 0.677583 0.639336 0.680351 0.633887 0.686347 0.627660 0.687269 0.625584 0.693727 0.620394 0.698801 0.614946 0.706642 0.602231 0.710332 0.598339 0.714022 0.596004 0.724170 0.577322 0.730166 0.573690 0.738469 0.570317 0.747694 0.567981 0.752306 0.563311 0.755535 0.563311 0.761531 0.562013 0.767528 0.557343 0.768911 0.549040 0.772140 0.545926 0.772140 0.538921
1 0.632380 0.674364 0.631458 0.678256 0.633303 0.679294 0.644373 0.682408 0.674354 0.688116 0.684502 0.693565 0.685886 0.697198 0.690959 0.695381 0.700646 0.693565 0.713100 0.696160 0.718173 0.696160 0.719557 0.695381 0.720018 0.693565 0.717712 0.689414 0.711716 0.686300 0.701107 0.678516 0.696033 0.675662 0.693266 0.673067 0.681273 0.669434 0.676199 0.668915 0.668819 0.666840 0.665129 0.667359 0.663284 0.670472 0.660978 0.671251 0.655443 0.669434 0.655904 0.666321 0.654982 0.665283 0.650369 0.665802 0.643911 0.669953 0.638376 0.672289 0.634686 0.672807
1 0.561808 0.561495 0.559502 0.561495 0.541052 0.567722 0.532749 0.571614 0.532288 0.576544 0.537362 0.580695 0.540590 0.581214 0.543358 0.580695 0.557196 0.575506 0.560886 0.572392 0.563192 0.567203 0.563653 0.563311
1 0.549815 0.602491 0.534133 0.601972 0.520756 0.608459 0.517066 0.608718 0.510609 0.610535 0.509686 0.611572 0.509686 0.614686 0.513376 0.619875 0.517989 0.621692 0.522140 0.621432 0.547048 0.610275 0.549354 0.609756 0.551199 0.608199 0.551199 0.603788
1 0.786439 0.561235 0.783672 0.563051 0.780904 0.563570 0.773524 0.563830 0.766605 0.563311 0.752768 0.567722 0.748616 0.571873 0.747232 0.575765 0.749539 0.579398 0.749077 0.604567 0.741697 0.622211 0.740314 0.622989 0.737085 0.622989 0.731089 0.621692 0.720941 0.621173 0.716790 0.619357 0.711255 0.619357 0.703875 0.620394 0.700185 0.622730 0.701107 0.626103 0.705720 0.630254 0.731550 0.637519 0.733395 0.639076 0.734779 0.642968 0.731089 0.646082 0.720941 0.651271 0.716328 0.655942 0.707565 0.657499 0.704336 0.659056 0.701568 0.662948 0.696033 0.666061 0.694649 0.670472 0.696956 0.674624 0.705258 0.679813 0.708948 0.681111 0.715867 0.681111 0.719096 0.678775 0.721863 0.674364 0.733395 0.664764 0.735240 0.658018 0.736624 0.657239 0.739852 0.658018 0.741697 0.666580 0.743081 0.682148 0.742159 0.689154 0.743081 0.700830 0.747232 0.707836 0.752306 0.731188 0.759225 0.743383 0.766605 0.751427 0.771679 0.754800 0.774908 0.758433 0.782749 0.764401 0.786900 0.765179 0.791513 0.765179 0.793358 0.763622 0.793358 0.761806 0.788745 0.750908 0.787823 0.743643 0.782288 0.723404 0.778598 0.695122 0.779982 0.654645 0.782288 0.644525 0.782749 0.629735 0.785978 0.614427 0.787362 0.610794 0.789207 0.609756 0.795203 0.608199 0.804428 0.602231 0.811347 0.600675 0.819188 0.596004 0.820111 0.594707 0.826107 0.592372 0.834410 0.585625 0.838561 0.583550 0.838100 0.580436 0.834410 0.580436 0.826107 0.584069 0.822417 0.584328 0.819649 0.586144 0.807196 0.588480 0.801199 0.593928 0.795664 0.595745 0.789207 0.596264 0.788284 0.595485 0.789668 0.593928 0.789668 0.590815 0.786900 0.581993 0.786900 0.579657 0.788745 0.576544 0.787823 0.561495
1 0.455258 0.718993 0.453413 0.720291 0.449723 0.725739 0.447417 0.727037 0.439576 0.727296 0.438192 0.727815 0.436808 0.732226 0.441882 0.734561 0.443266 0.736118 0.446956 0.735599 0.450646 0.737156 0.455258 0.737156 0.459871 0.738454 0.462638 0.740010 0.466328 0.739751 0.467251 0.735599 0.464483 0.732486 0.460793 0.720810 0.459410 0.719512
1 0.485701 0.713544 0.483856 0.715361 0.484779 0.723404 0.491236 0.733264 0.494465 0.747535 0.496771 0.750130 0.501845 0.752465 0.511531 0.754541 0.517066 0.757135 0.524908 0.759730 0.529520 0.760509 0.536439 0.764141 0.541974 0.765698 0.547048 0.768293 0.551661 0.769590 0.556273 0.772185 0.560424 0.773223 0.571956 0.779709 0.576107 0.781007 0.588561 0.787494 0.593173 0.788791 0.596863 0.790867 0.602399 0.792423 0.606550 0.791645 0.607011 0.789829 0.604705 0.784120 0.600554 0.779190 0.580720 0.766995 0.567804 0.760509 0.539668 0.743383 0.532749 0.741048 0.529520 0.740789 0.523985 0.739232 0.520756 0.737416 0.516605 0.736637 0.516605 0.735599 0.519834 0.732745 0.514299 0.726258 0.505535 0.721847 0.501845 0.720810 0.494004 0.716399
1 0.669280 0.688895 0.666513 0.687597 0.647140 0.685003 0.638376 0.682667 0.630996 0.682667 0.626384 0.683705 0.625461 0.684743 0.625000 0.689673 0.623155 0.693825 0.612085 0.697198 0.599170 0.694862 0.592251 0.690192 0.590406 0.690192 0.583948 0.692268 0.579797 0.692527 0.575185 0.694344 0.563653 0.695381 0.560886 0.696160 0.556734 0.696160 0.549354 0.694344 0.535055 0.693046 0.519834 0.693046 0.513838 0.694344 0.509225 0.696679 0.508764 0.698236 0.512915 0.701090 0.517989 0.701090 0.526753 0.702128 0.535055 0.703944 0.537362 0.705241 0.539207 0.709133 0.541052 0.710171 0.572417 0.709652 0.584410 0.708095 0.589022 0.708095 0.596863 0.706279 0.602860 0.705760 0.614852 0.702128 0.619926 0.702906 0.623155 0.701868 0.628229 0.701609 0.660517 0.693825 0.668819 0.690192
1 0.512915 0.650752 0.507380 0.649455 0.502768 0.649974 0.497232 0.654904 0.485701 0.662169 0.483395 0.671770 0.482011 0.672548 0.478782 0.672807 0.474170 0.676700 0.470941 0.676440 0.469557 0.677478 0.470018 0.681629 0.468635 0.684484 0.469557 0.690192 0.467251 0.693046 0.464945 0.689933 0.464483 0.685262 0.461716 0.682148 0.458948 0.673586 0.454336 0.668396 0.449262 0.658277 0.444649 0.653866 0.440037 0.644266 0.435886 0.639336 0.435424 0.634925 0.432657 0.633368 0.431273 0.631292 0.428506 0.630254 0.426199 0.630514 0.424354 0.631552 0.422048 0.640633 0.422048 0.647120 0.430351 0.663207 0.433118 0.666840 0.438192 0.678516 0.444649 0.688895 0.444188 0.693565 0.442804 0.694344 0.440498 0.693306 0.438653 0.693565 0.435886 0.695641 0.432196 0.696160 0.422048 0.699273 0.418819 0.701349 0.407288 0.705241 0.397140 0.711469 0.391605 0.713285 0.387454 0.716658 0.378229 0.720031 0.375000 0.722366 0.371771 0.726258 0.364391 0.730669 0.361162 0.731448 0.357011 0.734561 0.353321 0.735599 0.345941 0.739751 0.341328 0.744421 0.340867 0.746757 0.338100 0.748832 0.336716 0.752465 0.334871 0.771925 0.335793 0.776077 0.338100 0.778412 0.342251 0.778672 0.372694 0.768033 0.406365 0.749092 0.409594 0.748054 0.415129 0.744162 0.428506 0.736897 0.431273 0.734302 0.439114 0.731707 0.446956 0.725999 0.458948 0.721069 0.461716 0.721847 0.463561 0.723664 0.470018 0.736378 0.470018 0.740270 0.473247 0.744681 0.477860 0.764141 0.480166 0.767774 0.480627 0.778672 0.482934 0.779969 0.485240 0.780228 0.488930 0.779969 0.493081 0.778672 0.496771 0.774779 0.496771 0.767514 0.492620 0.751687 0.492620 0.746757 0.490314 0.736118 0.487085 0.728594 0.483856 0.724442 0.483395 0.720810 0.481089 0.717436 0.480166 0.712766 0.476476 0.704203 0.473247 0.700571 0.471402 0.696419 0.474631 0.693306 0.477399 0.694084 0.479705 0.693825 0.483856 0.691230 0.485240 0.688895 0.490314 0.687338 0.494004 0.685262 0.500923 0.677478 0.502306 0.674624 0.505535 0.673586 0.508303 0.670213 0.509225 0.666321 0.512915 0.661650 0.515683 0.654904 0.514760 0.652050
1 0.562269 0.516606 0.563653 0.522055 0.567343 0.525947 0.569649 0.527244 0.581181 0.530099 0.611162 0.533991 0.622232 0.536066 0.627306 0.538142 0.635609 0.539180 0.645295 0.542034 0.650369 0.541775 0.655443 0.538142 0.656827 0.532693 0.650830 0.526985 0.642989 0.523352 0.639299 0.519201 0.619926 0.513752 0.616236 0.513752 0.611624 0.512455 0.605627 0.511676 0.595480 0.511157 0.591328 0.512974 0.588100 0.512974 0.584410 0.514271 0.580258 0.514011 0.576568 0.515049 0.572878 0.514530 0.564576 0.514790
1 0.476937 0.334198 0.476937 0.336274 0.480166 0.337571 0.479705 0.339388 0.477399 0.340685 0.477399 0.341463 0.482011 0.341723 0.484779 0.342761 0.498155 0.342761 0.501845 0.344577 0.505996 0.344577 0.511993 0.345615 0.517989 0.348210 0.521218 0.347950 0.524908 0.350026 0.529982 0.350026 0.533672 0.348469 0.545203 0.351583 0.550277 0.354177 0.559963 0.355734 0.567343 0.358329 0.580720 0.360145 0.588100 0.362999 0.595480 0.364037 0.600554 0.365854 0.605627 0.366632 0.619004 0.371043 0.623155 0.371303 0.626845 0.373378 0.631919 0.374676 0.637454 0.375454 0.644373 0.375454 0.652214 0.377270 0.657749 0.377011 0.661900 0.378827 0.668819 0.379865 0.671587 0.379346 0.674354 0.377530 0.679428 0.377530 0.685424 0.379606 0.693266 0.379606 0.696956 0.381422 0.705720 0.381681 0.709871 0.379865 0.710793 0.375454 0.706181 0.372859 0.704336 0.372859 0.701568 0.373897 0.696956 0.373119 0.693727 0.374416 0.689114 0.373378 0.685886 0.374676 0.681273 0.372859 0.678044 0.375454 0.675738 0.372340 0.670664 0.370005 0.658210 0.368448 0.654059 0.364556 0.650830 0.363518 0.646679 0.363259 0.635148 0.359107 0.630535 0.359626 0.627768 0.358329 0.623616 0.358329 0.619004 0.357032 0.615775 0.357551 0.610701 0.355734 0.603321 0.354696 0.595941 0.352880 0.589483 0.350285 0.580720 0.348988 0.573339 0.346653 0.568266 0.346134 0.559041 0.342761 0.548432 0.340426 0.544742 0.338350 0.535055 0.336793 0.524446 0.336533 0.522140 0.337052 0.513376 0.337052 0.511070 0.336533 0.500461 0.336274 0.495849 0.335496 0.494926 0.334458 0.489852 0.335236 0.487085 0.333939 0.482011 0.334198 0.480166 0.333420 0.477860 0.333420
1 0.515683 0.330566 0.516605 0.333939 0.517989 0.334977 0.528598 0.336274 0.533672 0.335496 0.545664 0.337312 0.547509 0.338350 0.547970 0.341463 0.549354 0.342242 0.552583 0.341982 0.562269 0.342761 0.568727 0.344318 0.571494 0.344318 0.579797 0.347691 0.590867 0.350026 0.602399 0.353918 0.607011 0.354437 0.612546 0.356513 0.626384 0.358588 0.630996 0.359886 0.641144 0.360664 0.645756 0.361962 0.651292 0.361702 0.654982 0.362221 0.658210 0.360405 0.660978 0.360664 0.665590 0.362221 0.668358 0.368448 0.671125 0.370005 0.677583 0.370524 0.681273 0.372081 0.685886 0.372340 0.692343 0.373638 0.700646 0.373638 0.704797 0.372859 0.713100 0.372859 0.721402 0.370005 0.724631 0.370265 0.726937 0.369227 0.726015 0.367929 0.721863 0.367410 0.718635 0.365335 0.711255 0.362999 0.708487 0.361443 0.705720 0.361183 0.702030 0.359886 0.689114 0.359367 0.682657 0.356513 0.677583 0.356513 0.674815 0.355475 0.672509 0.353140 0.670203 0.352102 0.659133 0.351064 0.654520 0.348469 0.649446 0.347691 0.645756 0.346393 0.643450 0.346393 0.638376 0.344058 0.612085 0.340166 0.608395 0.337312 0.604244 0.337052 0.593173 0.334198 0.580720 0.332122 0.576107 0.330047 0.572417 0.330047 0.568266 0.328749 0.565498 0.329268 0.561808 0.328749 0.543358 0.328749 0.533210 0.329528 0.528598 0.328490 0.520756 0.329268
1 0.673432 0.409704 0.669742 0.411520 0.668358 0.416710 0.667435 0.433057 0.667897 0.440322 0.671587 0.447846 0.673893 0.449403 0.687269 0.451479 0.693727 0.454074 0.698339 0.450960 0.700185 0.447846 0.700185 0.439803 0.702030 0.434613 0.702491 0.428905 0.702030 0.421380 0.700185 0.416191 0.696956 0.412299 0.685886 0.409445
1 0.613007 0.403736 0.613469 0.405034 0.615775 0.406331 0.619465 0.407109 0.645756 0.407888 0.653598 0.407369 0.666974 0.407888 0.668819 0.408407 0.681734 0.407888 0.702030 0.408147 0.712638 0.407369 0.733395 0.408147 0.736624 0.407369 0.749539 0.407628 0.751384 0.407109 0.764760 0.406850 0.771679 0.407369 0.783210 0.407109 0.789207 0.407888 0.797509 0.407109 0.802583 0.407628 0.819649 0.407628 0.828875 0.406331 0.841328 0.407628 0.849631 0.405293 0.853782 0.405553 0.857472 0.404774 0.859779 0.405553 0.862546 0.405553 0.865314 0.404515 0.868081 0.406331 0.869926 0.406591 0.875000 0.404774 0.872232 0.401661 0.865314 0.400104 0.861162 0.400623 0.858856 0.399844 0.845941 0.399066 0.841328 0.398287 0.837638 0.396731 0.826568 0.396731 0.822878 0.395952 0.817804 0.395952 0.806273 0.393876 0.795203 0.393358 0.791052 0.392320 0.781827 0.392320 0.779059 0.392839 0.775369 0.392060 0.764299 0.392060 0.760148 0.391022 0.754151 0.390763 0.749077 0.391282 0.744465 0.390763 0.732011 0.391282 0.729244 0.390763 0.715867 0.390763 0.713561 0.390244 0.708026 0.390503 0.705720 0.389984 0.701568 0.390503 0.689114 0.389984 0.685424 0.391022 0.680812 0.390244 0.678967 0.390763 0.654520 0.391541 0.626384 0.391541 0.619004 0.393358
1 0.328413 0.480540 0.328413 0.477686 0.326107 0.475869 0.322417 0.474831 0.315959 0.474312 0.307196 0.471718 0.303506 0.469123 0.297048 0.466269 0.296587 0.462377 0.298893 0.459263 0.307196 0.454333 0.310424 0.453814 0.315037 0.450960 0.313192 0.448625 0.306734 0.447327 0.298432 0.447587 0.290129 0.446809 0.274908 0.448365 0.255535 0.448365 0.245849 0.449403 0.226015 0.449663 0.220018 0.450701 0.216328 0.452776 0.212638 0.452776 0.209410 0.453814 0.187731 0.453814 0.173432 0.454852 0.166513 0.456409 0.158672 0.460560 0.151292 0.467047 0.152675 0.470420 0.154520 0.470939 0.159133 0.470420 0.161900 0.471458 0.169280 0.471199 0.174354 0.473015 0.178044 0.473275 0.181273 0.475091 0.196033 0.476388 0.201107 0.477686 0.205720 0.477686 0.208487 0.478464 0.213100 0.478204 0.215867 0.479242 0.247694 0.481059 0.251845 0.482097 0.267989 0.483134 0.273985 0.484172 0.296587 0.485210 0.303506 0.486248 0.315037 0.484432 0.325185 0.483653 0.327491 0.482875
1 0.428967 0.313700 0.427122 0.312143 0.422970 0.311884 0.407749 0.313441 0.404059 0.314738 0.392066 0.316295 0.388376 0.317592 0.384225 0.317852 0.380996 0.319149 0.376384 0.319927 0.369465 0.322782 0.365314 0.323300 0.357011 0.326933 0.345941 0.328749 0.341328 0.331085 0.334410 0.332901 0.331642 0.334458 0.330720 0.338090 0.333487 0.339907 0.342251 0.341463 0.355166 0.340166 0.364852 0.337571 0.370387 0.337831 0.376384 0.336533 0.387454 0.335755 0.392066 0.336793 0.397140 0.336793 0.404520 0.335496 0.412823 0.333160 0.425738 0.328230
1 0.228321 0.299429 0.220941 0.299689 0.216790 0.301764 0.212177 0.305138 0.207103 0.312403 0.204336 0.320446 0.202491 0.333160 0.200185 0.337831 0.198339 0.349248 0.196494 0.352880 0.196033 0.362481 0.197417 0.365594 0.204336 0.365075 0.213100 0.362740 0.216328 0.362481 0.218635 0.361183 0.220018 0.354437 0.222786 0.350026 0.223247 0.345874 0.225092 0.341723 0.227860 0.314219 0.229244 0.311365 0.230166 0.301505
1 0.332103 0.623508 0.329336 0.622989 0.321956 0.626622 0.317804 0.632590 0.313653 0.635703 0.311347 0.640114 0.307196 0.642449 0.296587 0.655942 0.293358 0.657758 0.291052 0.660353 0.287362 0.669953 0.283210 0.671770 0.278137 0.675402 0.267989 0.678516 0.260148 0.683186 0.255535 0.684743 0.249539 0.685262 0.242159 0.687857 0.236624 0.688635 0.226476 0.692787 0.226476 0.693825 0.232011 0.696679 0.240775 0.698495 0.249077 0.698495 0.252306 0.697457 0.263376 0.695641 0.276753 0.694344 0.295664 0.690451 0.310424 0.686559 0.318266 0.683186 0.322878 0.680332 0.329797 0.678516 0.334410 0.675402 0.337638 0.674883 0.347325 0.670472 0.350554 0.666840 0.350554 0.665542 0.345018 0.662688 0.339483 0.661391 0.327491 0.661650 0.318266 0.664245 0.314114 0.664764 0.312731 0.665542 0.311808 0.669175 0.309963 0.670732 0.302583 0.670472 0.298432 0.666840 0.298893 0.665542 0.309963 0.658018 0.311347 0.655682 0.315498 0.652569 0.321033 0.649455 0.326107 0.647898 0.330258 0.647639 0.335332 0.642709 0.340406 0.639855 0.343635 0.636741 0.344096 0.632590 0.343173 0.630254
1 0.414207 0.567722 0.411439 0.564349 0.400369 0.560976 0.397140 0.561754 0.393450 0.561235 0.389760 0.561754 0.383764 0.561235 0.381458 0.562273 0.376384 0.562273 0.368081 0.564868 0.365314 0.564868 0.359317 0.563051 0.354244 0.562532 0.349631 0.563570 0.346402 0.563051 0.337177 0.563311 0.333487 0.564868 0.328875 0.564608 0.326568 0.565387 0.321494 0.565387 0.317804 0.566165 0.313653 0.565906 0.298432 0.566943 0.295664 0.567722 0.282288 0.568500 0.279982 0.569279 0.274446 0.569279 0.269834 0.570317 0.260148 0.570057 0.255074 0.571095 0.251845 0.571095 0.243542 0.573171 0.239852 0.574728 0.236624 0.574209 0.232934 0.572392 0.220941 0.572911 0.218635 0.574987 0.217712 0.578620 0.202952 0.581733 0.201107 0.584069 0.202491 0.585625 0.208487 0.588998 0.209871 0.588998 0.212177 0.587961 0.216790 0.588480 0.220480 0.586923 0.226015 0.587182 0.232011 0.586663 0.236624 0.584847 0.245387 0.584587 0.250923 0.583550 0.264299 0.583290 0.270295 0.582252 0.294742 0.582252 0.299354 0.581214 0.311808 0.581214 0.316421 0.579917 0.321956 0.579398 0.330258 0.579398 0.339022 0.580436 0.345018 0.579139 0.358395 0.579398 0.361624 0.578101 0.372694 0.577322 0.380074 0.578360 0.393450 0.578360 0.410517 0.576025 0.412823 0.573690
1 0.119004 0.571614 0.117620 0.572652 0.117620 0.575765 0.121310 0.579917 0.126384 0.589517 0.133764 0.592372 0.136070 0.592372 0.138838 0.591334 0.142989 0.594447 0.144834 0.593669 0.146679 0.591593 0.148524 0.594447 0.151753 0.595745 0.152675 0.599896 0.150830 0.603010 0.147140 0.604826 0.145756 0.606902 0.143911 0.606124 0.142528 0.606124 0.141605 0.606902 0.143450 0.613129 0.146218 0.615983 0.149446 0.623249 0.153137 0.625843 0.157288 0.632071 0.163284 0.636741 0.165129 0.639336 0.168358 0.641152 0.173432 0.647120 0.181734 0.653607 0.187269 0.656201 0.189576 0.659056 0.206181 0.669694 0.216790 0.672548 0.219557 0.674364 0.228782 0.676700 0.237085 0.677478 0.244465 0.674364 0.246771 0.672029 0.247694 0.668656 0.247694 0.657239 0.242159 0.653607 0.240775 0.648936 0.234317 0.640633 0.226937 0.635963 0.226015 0.634146 0.222786 0.631811 0.220018 0.627141 0.217712 0.617540 0.212638 0.611572 0.204797 0.606642 0.201107 0.597820 0.194649 0.596004 0.188653 0.596004 0.185886 0.595226 0.181273 0.595485 0.178044 0.594707 0.173893 0.595226 0.174354 0.591334 0.172509 0.589517 0.172509 0.579917 0.170664 0.576803 0.170664 0.571873 0.168358 0.570057 0.167435 0.567981 0.161900 0.565127 0.156365 0.565387 0.138376 0.567981 0.134686 0.567981
1 0.063653 0.504411 0.063653 0.506487 0.070572 0.511157 0.072417 0.514271 0.077030 0.516087 0.079336 0.521017 0.085793 0.526466 0.087177 0.530358 0.094096 0.535288 0.099631 0.544888 0.107011 0.544888 0.116697 0.543591 0.135148 0.537623 0.136070 0.536585 0.135609 0.532693 0.125923 0.528023 0.108395 0.517644 0.098247 0.514530 0.094557 0.512455 0.092251 0.509860 0.082103 0.507006 0.075646 0.504411 0.069649 0.503633 0.065498 0.503633
1 0.264299 0.501038 0.260148 0.499222 0.255996 0.501297 0.252306 0.501297 0.244926 0.499222 0.241236 0.500000 0.237085 0.499222 0.235701 0.499481 0.233395 0.501297 0.227860 0.503373 0.224170 0.505708 0.221402 0.506227 0.208487 0.514011 0.203875 0.514271 0.200646 0.516866 0.192343 0.520758 0.181734 0.523093 0.178506 0.524650 0.165590 0.528282 0.162362 0.530099 0.157288 0.531136 0.153598 0.532953 0.149908 0.533212 0.141144 0.535807 0.135148 0.539180 0.126384 0.541515 0.122694 0.543591 0.119465 0.543851 0.114391 0.545407 0.102399 0.546186 0.090867 0.551894 0.087638 0.552154 0.083487 0.553970 0.079336 0.554229 0.075646 0.556305 0.064114 0.558381 0.060424 0.560976 0.056273 0.560716 0.052122 0.562013 0.047970 0.561754 0.044742 0.563051 0.041513 0.563051 0.031827 0.565387 0.028137 0.567203 0.023524 0.568241 0.021218 0.569798 0.017066 0.570057 0.013376 0.571354 0.011070 0.570835 0.005074 0.571354 0.003690 0.574728 0.005074 0.577841 0.009225 0.580955 0.012915 0.581474 0.016605 0.583550 0.022140 0.584587 0.027214 0.584587 0.048893 0.581214 0.060424 0.580436 0.064114 0.579139 0.076107 0.578101 0.080720 0.576803 0.083948 0.576803 0.087638 0.575506 0.100092 0.572911 0.115314 0.570576 0.127306 0.567462 0.145756 0.564868 0.154982 0.562273 0.158210 0.560716 0.166052 0.558640 0.174354 0.555008 0.183579 0.553191 0.196494 0.548262 0.207565 0.545148 0.210793 0.542813 0.215406 0.533991 0.221402 0.530618 0.225092 0.530099 0.227860 0.528801 0.229705 0.526466 0.233856 0.524390 0.235701 0.522574 0.240775 0.520758 0.244465 0.516866 0.247694 0.517644 0.251845 0.515049 0.263838 0.515828 0.266144 0.513492 0.264299 0.509600 0.265221 0.507265 0.265221 0.502335
1 0.603782 0.590815 0.600092 0.589517 0.592251 0.590036 0.579797 0.594447 0.571033 0.600675 0.570111 0.602491 0.571033 0.608199 0.572417 0.608978 0.576568 0.608718 0.583948 0.606383 0.600554 0.596523 0.601937 0.594188 0.604244 0.592631
1 0.188192 0.415153 0.188653 0.418526 0.192343 0.421121 0.202030 0.422418 0.208487 0.424494 0.214022 0.425272 0.222786 0.424235 0.233856 0.420861 0.240775 0.416191 0.240775 0.411780 0.239852 0.410483 0.233395 0.407628 0.230166 0.407109 0.212638 0.407109 0.202491 0.408666 0.190498 0.413337
1 0.591328 0.674624 0.586255 0.673067 0.575646 0.673067 0.571494 0.673586 0.565037 0.676440 0.562269 0.679035 0.556734 0.682148 0.552583 0.689933 0.555351 0.693046 0.556734 0.693565 0.560886 0.693565 0.571956 0.692268 0.579797 0.690711 0.587638 0.687857 0.589945 0.686559 0.592712 0.682148 0.593173 0.677478
1 0.589022 0.613648 0.584410 0.614167 0.580720 0.615724 0.571494 0.620913 0.563192 0.627141 0.560424 0.635444 0.562731 0.638298 0.568266 0.640633 0.575185 0.641152 0.579797 0.642449 0.592712 0.635444 0.595941 0.629995 0.596863 0.621692 0.595941 0.618578 0.592251 0.614686
1 0.545664 0.642190 0.541513 0.641930 0.539668 0.642449 0.535055 0.645563 0.529982 0.651271 0.517989 0.657758 0.516144 0.661910 0.512915 0.665802 0.512454 0.669953 0.513838 0.671251 0.518450 0.671510 0.521679 0.670732 0.529520 0.666321 0.539207 0.657239 0.543358 0.654645 0.545664 0.652309 0.547509 0.647639 0.547509 0.645044
1 0.553044 0.610016 0.548432 0.610275 0.544280 0.611572 0.534133 0.616243 0.530443 0.618578 0.529059 0.620394 0.524446 0.622730 0.522601 0.625843 0.522601 0.627919 0.524446 0.631292 0.532749 0.635703 0.536900 0.635184 0.550738 0.628179 0.557657 0.622989 0.560424 0.619616 0.561347 0.614686 0.558579 0.612351
1 0.487546 0.625324 0.485240 0.627141 0.484317 0.631552 0.485240 0.634925 0.488469 0.638817 0.494004 0.641930 0.499077 0.643747 0.502768 0.646341 0.513376 0.647898 0.521679 0.650493 0.526292 0.650752 0.528598 0.650234 0.532749 0.646860 0.532749 0.641152 0.529059 0.634925 0.524446 0.632071 0.522140 0.629476 0.518911 0.628438 0.515221 0.626103 0.507841 0.624546 0.501845 0.622211 0.496771 0.622211
1 0.482934 0.598080 0.481550 0.598080 0.477860 0.599896 0.473708 0.604567 0.470018 0.610794 0.470480 0.620135 0.475092 0.624027 0.478782 0.624546 0.483395 0.624546 0.490775 0.621692 0.496771 0.616243 0.499077 0.611572 0.497232 0.608199 0.492159 0.605605 0.489852 0.602750 0.486624 0.601453
1 0.524908 0.574209 0.509225 0.580955 0.501845 0.588739 0.501384 0.597042 0.502306 0.601194 0.505535 0.605605 0.511993 0.609237 0.519834 0.608978 0.524908 0.607680 0.529982 0.604048 0.533210 0.600156 0.532749 0.595485 0.535978 0.588480 0.535517 0.583031 0.529059 0.574728
1 0.591790 0.582252 0.585793 0.578620 0.580720 0.577582 0.574723 0.574728 0.571033 0.574728 0.568266 0.577322 0.564114 0.575246 0.561808 0.577063 0.548432 0.580176 0.544742 0.583550 0.541052 0.585106 0.535517 0.591853 0.535517 0.599118 0.539207 0.600415 0.544742 0.599896 0.553967 0.600415 0.564576 0.599637 0.571033 0.597820 0.577030 0.594188 0.583948 0.592372 0.592712 0.588220 0.593173 0.584328
1 0.692804 0.345874 0.695111 0.350285 0.701568 0.353140 0.709871 0.353918 0.713100 0.352621 0.715406 0.352621 0.720480 0.355994 0.724170 0.355994 0.736624 0.354177 0.740314 0.352361 0.744004 0.349248 0.742159 0.345874 0.739852 0.344577 0.725092 0.341723 0.716790 0.339388 0.705258 0.340944
1 0.729244 0.408926 0.710793 0.408407 0.705720 0.409704 0.703875 0.411261 0.702952 0.414375 0.704336 0.420602 0.706642 0.421640 0.709871 0.421899 0.724631 0.418267 0.731089 0.413077 0.731089 0.410742
1 0.777214 0.456928 0.773524 0.458225 0.767989 0.462377 0.767989 0.471458 0.769373 0.475350 0.774908 0.483653 0.782749 0.490400 0.787823 0.490919 0.791974 0.488583 0.793819 0.486508 0.795203 0.478983 0.794280 0.470161 0.788284 0.461598 0.785517 0.459004 0.780443 0.456928
1 0.760148 0.472237 0.742159 0.473793 0.732472 0.477686 0.726476 0.482097 0.726937 0.484172 0.729705 0.487026 0.734317 0.489881 0.735701 0.494032 0.740314 0.497665 0.746771 0.497924 0.749077 0.497405 0.753690 0.493773 0.758764 0.485210 0.761070 0.483394 0.764299 0.478464 0.763838 0.474053
1 0.729244 0.453814 0.724170 0.453555 0.720018 0.455112 0.715867 0.459782 0.709410 0.463155 0.704336 0.468864 0.701107 0.477426 0.702030 0.482356 0.704336 0.484691 0.713100 0.484691 0.720480 0.483653 0.723708 0.482615 0.739391 0.471199 0.737546 0.464453 0.732934 0.455631
1 0.639760 0.493513 0.639760 0.495070 0.641605 0.497405 0.645756 0.499741 0.659594 0.504411 0.676661 0.507784 0.688192 0.508044 0.700646 0.506746 0.706181 0.505449 0.709871 0.503633 0.711716 0.501557 0.709871 0.498443 0.705258 0.495848 0.698339 0.494032 0.686347 0.488843 0.667897 0.485470 0.656827 0.485729 0.648063 0.487026 0.642989 0.489621
1 0.599631 0.489102 0.595480 0.487545 0.590406 0.487026 0.587177 0.487545 0.583487 0.489102 0.579797 0.489362 0.575646 0.492735 0.571494 0.493254 0.568266 0.495330 0.564114 0.496367 0.559502 0.500000 0.553506 0.502076 0.547048 0.505449 0.545203 0.509860 0.556734 0.512195 0.560424 0.511936 0.574723 0.512974 0.583948 0.511676 0.591328 0.509341 0.595480 0.504411 0.600092 0.500778 0.601015 0.491697
1 0.587177 0.465750 0.583487 0.468345 0.583026 0.471458 0.587177 0.475869 0.601476 0.484172 0.606550 0.490659 0.618542 0.495330 0.622232 0.496108 0.630996 0.496367 0.634686 0.495330 0.642066 0.488064 0.645756 0.485989 0.646679 0.482356 0.642989 0.479502 0.638838 0.474572 0.629151 0.470680 0.617620 0.468085 0.604244 0.462636 0.595480 0.462636 0.590406 0.465231
1 0.668358 0.446809 0.660978 0.442138 0.654520 0.439803 0.649908 0.439543 0.640221 0.440322 0.630996 0.442138 0.622694 0.446290 0.617159 0.448106 0.612085 0.451479 0.611624 0.455112 0.614852 0.457706 0.618081 0.459263 0.636993 0.461339 0.653598 0.460042 0.662823 0.456149 0.664668 0.453295 0.667897 0.450960
1 0.606550 0.413337 0.602399 0.413856 0.595018 0.416450 0.591328 0.420602 0.587177 0.422937 0.585793 0.427089 0.586255 0.430981 0.588561 0.435911 0.594096 0.440581 0.602860 0.444473 0.608856 0.448625 0.612085 0.449922 0.625000 0.443695 0.627306 0.440841 0.630996 0.438246 0.638838 0.438246 0.645756 0.436949 0.650369 0.437468 0.652675 0.436430 0.653137 0.434613 0.651753 0.431500 0.640221 0.423975 0.637454 0.423197 0.634225 0.424494 0.626845 0.420602 0.622694 0.415672 0.615314 0.413596
1 0.723708 0.500519 0.721863 0.501816 0.721402 0.507006 0.723247 0.511157 0.726476 0.514271 0.733856 0.518422 0.743081 0.521277 0.750461 0.522314 0.756458 0.521796 0.760148 0.519460 0.761070 0.516606 0.757841 0.509341 0.750461 0.502595 0.744004 0.499481 0.733395 0.499481
1 0.567804 0.485729 0.563653 0.483394 0.560424 0.480280 0.553506 0.477426 0.549354 0.476907 0.541974 0.474312 0.533210 0.473534 0.525369 0.474831 0.520295 0.478204 0.514760 0.484172 0.507841 0.486508 0.500000 0.491956 0.497694 0.497405 0.500000 0.502335 0.502306 0.503892 0.509225 0.506227 0.515683 0.506746 0.530904 0.507006 0.541052 0.505449 0.545203 0.503892 0.548893 0.504411 0.553967 0.502076 0.566421 0.492735 0.568266 0.489362
1 0.481550 0.571614 0.477860 0.568500 0.470941 0.565906 0.454336 0.565387 0.440037 0.567462 0.436347 0.569279 0.423893 0.572133 0.417897 0.575506 0.417897 0.577063 0.422970 0.581214 0.428967 0.582512 0.431273 0.583809 0.438192 0.585625 0.449262 0.586923 0.466790 0.586404 0.474170 0.585366 0.481550 0.580436
1 0.549354 0.395952 0.544280 0.399844 0.543358 0.402958 0.544280 0.407628 0.548432 0.412818 0.564114 0.420602 0.571956 0.421899 0.584871 0.422678 0.587177 0.421899 0.589483 0.420083 0.589945 0.414634 0.585793 0.406331 0.580258 0.401401 0.576568 0.399325 0.566882 0.395693 0.555812 0.394395
1 0.481089 0.508303 0.480166 0.509600 0.481089 0.514530 0.483395 0.516087 0.485701 0.519201 0.492620 0.523612 0.496771 0.524650 0.502768 0.527244 0.511531 0.527504 0.517528 0.526207 0.519373 0.523612 0.519373 0.520239 0.517528 0.517385 0.512915 0.514790 0.498616 0.508822 0.490314 0.506746 0.483395 0.507265
1 0.439576 0.536066 0.438192 0.537104 0.436808 0.540477 0.436808 0.546445 0.438192 0.552154 0.442343 0.556824 0.449262 0.561754 0.452491 0.563051 0.458026 0.564089 0.467251 0.564349 0.472786 0.562013 0.474170 0.558121 0.473708 0.551635 0.471402 0.547483 0.458948 0.540737 0.455258 0.540218 0.450646 0.537623 0.444188 0.535547
1 0.435886 0.516866 0.434502 0.518682 0.434041 0.522574 0.440037 0.530877 0.446033 0.533991 0.450646 0.535288 0.456181 0.538402 0.470480 0.543332 0.475554 0.543072 0.478782 0.540477 0.478782 0.536326 0.476476 0.532693 0.472325 0.529580 0.471402 0.525688 0.467712 0.520758 0.462177 0.516866 0.456642 0.515828 0.443266 0.516087
1 0.548432 0.515049 0.543358 0.515828 0.540129 0.517125 0.533210 0.524909 0.531827 0.532953 0.535055 0.537364 0.541052 0.540737 0.545203 0.541775 0.553044 0.541775 0.561347 0.538661 0.565498 0.532953 0.565959 0.527244 0.560886 0.519201 0.558118 0.516866 0.556273 0.516087
1 0.373616 0.457966 0.372694 0.456409 0.369926 0.454852 0.365314 0.454593 0.356550 0.451998 0.346402 0.451220 0.342712 0.449922 0.333487 0.449922 0.314576 0.451998 0.310424 0.454333 0.307196 0.454593 0.297970 0.459782 0.296125 0.463674 0.297509 0.466269 0.299354 0.467566 0.305812 0.469382 0.314114 0.472756 0.333487 0.472756 0.339945 0.471718 0.346402 0.469123 0.350554 0.468864 0.357011 0.467307 0.371310 0.461598 0.373155 0.460301
1 0.507380 0.290088 0.507380 0.291905 0.509225 0.294499 0.512454 0.295537 0.523524 0.295278 0.535978 0.293202 0.560886 0.292683 0.562731 0.291645 0.561347 0.289569 0.551199 0.283601 0.544742 0.282045 0.532288 0.281266 0.521679 0.281785 0.514760 0.282823 0.509686 0.285677
1 0.455258 0.309030 0.451568 0.310846 0.450646 0.314478 0.455258 0.327193 0.457565 0.330306 0.460793 0.330825 0.466328 0.329528 0.472325 0.326155 0.474631 0.323560 0.474631 0.321484 0.468635 0.313700 0.458948 0.309549
1 0.311808 0.314478 0.307196 0.312143 0.295664 0.308770 0.290590 0.308511 0.286439 0.307213 0.284133 0.307992 0.279520 0.307732 0.276292 0.309030 0.267066 0.310586 0.262915 0.312662 0.255996 0.314478 0.254151 0.315776 0.253229 0.318371 0.255996 0.320187 0.259686 0.320446 0.264760 0.322263 0.271679 0.323560 0.291513 0.324338 0.299354 0.323300 0.309041 0.319927 0.311347 0.318371
1 0.416513 0.621951 0.407749 0.622730 0.404520 0.624027 0.395756 0.625843 0.390683 0.628179 0.387915 0.632590 0.387454 0.638557 0.390683 0.642190 0.392989 0.643487 0.399908 0.645304 0.409133 0.645823 0.416052 0.644266 0.418819 0.642449 0.421587 0.637519 0.422970 0.627141 0.419742 0.622989
1 0.348708 0.599377 0.339022 0.601194 0.333948 0.604048 0.330258 0.608459 0.329336 0.615205 0.331181 0.620135 0.336255 0.625324 0.345941 0.630773 0.351015 0.632071 0.355166 0.632330 0.361624 0.631033 0.365775 0.627400 0.369926 0.620135 0.370387 0.614946 0.368081 0.609756 0.363007 0.604567 0.360240 0.602750 0.354244 0.600415
1 0.368542 0.497924 0.363930 0.500000 0.360701 0.505449 0.360701 0.510638 0.364391 0.515568 0.369465 0.518941 0.380074 0.521017 0.389760 0.523871 0.393450 0.525947 0.395756 0.529061 0.396679 0.532693 0.398524 0.533731 0.402675 0.534510 0.408210 0.533731 0.411900 0.528282 0.412362 0.524390 0.410978 0.522055 0.410517 0.517125 0.404059 0.507006 0.396218 0.501038 0.385609 0.497405 0.375923 0.496886 0.372694 0.497924
1 0.340406 0.477945 0.337177 0.478723 0.334410 0.480280 0.332103 0.482875 0.331642 0.490659 0.333026 0.494032 0.337177 0.500000 0.342712 0.504152 0.344557 0.506487 0.353321 0.510638 0.357011 0.510898 0.358395 0.510119 0.358395 0.505968 0.361624 0.498184 0.361624 0.493513 0.359317 0.488843 0.354705 0.482356 0.349631 0.479761
1 0.344557 0.526725 0.343173 0.529580 0.343173 0.533731 0.349631 0.537623 0.357011 0.539440 0.372694 0.539958 0.376384 0.539180 0.381458 0.539180 0.387915 0.537883 0.391605 0.535807 0.394373 0.532434 0.394373 0.528282 0.389760 0.524909 0.383764 0.522833 0.369926 0.519979 0.363930 0.519979 0.350554 0.524390 0.347325 0.524909
1 0.276292 0.541256 0.275830 0.544888 0.279520 0.549299 0.282749 0.551116 0.291052 0.553451 0.297970 0.553970 0.311347 0.553710 0.322878 0.551635 0.327491 0.549559 0.328413 0.548262 0.328413 0.543591 0.324723 0.536845 0.321033 0.535288 0.303506 0.533991 0.297509 0.532434 0.291052 0.532693 0.285055 0.534250 0.281827 0.535807
1 0.298893 0.500519 0.294280 0.502854 0.291052 0.510379 0.290590 0.518682 0.294280 0.525947 0.297970 0.529839 0.303044 0.532693 0.309963 0.534250 0.319649 0.533991 0.324723 0.531915 0.326107 0.528801 0.323339 0.525169 0.318266 0.522314 0.309963 0.514011 0.303967 0.501038
1 0.239391 0.484951 0.228782 0.483394 0.203875 0.483394 0.197417 0.484432 0.195111 0.486248 0.196033 0.491437 0.204336 0.500000 0.212177 0.503633 0.217251 0.503633 0.226937 0.500000 0.238469 0.491956 0.241236 0.487286 0.241236 0.486248
1 0.258764 0.524131 0.255535 0.522833 0.250923 0.522833 0.240775 0.524390 0.235701 0.525947 0.228321 0.529839 0.220941 0.532174 0.213100 0.540218 0.213100 0.542034 0.215406 0.545667 0.220018 0.546186 0.231550 0.545407 0.248155 0.539440 0.251845 0.537104 0.257841 0.530618 0.259686 0.525947
1 0.243081 0.381941 0.243081 0.379865 0.240775 0.378049 0.233856 0.377270 0.218173 0.379087 0.206181 0.378568 0.202491 0.379606 0.203413 0.381941 0.213100 0.386871 0.223247 0.388947 0.239852 0.387130 0.241697 0.385573
1 0.241697 0.391541 0.239852 0.390503 0.235701 0.389984 0.226015 0.389984 0.219557 0.390503 0.214945 0.392060 0.203875 0.399585 0.202952 0.404774 0.204336 0.406850 0.232472 0.407369 0.239852 0.405812 0.247694 0.400623 0.246310 0.396990
1 0.244926 0.369486 0.243081 0.368189 0.237085 0.367151 0.232472 0.365335 0.220018 0.363518 0.205720 0.365594 0.197878 0.368189 0.194188 0.371303 0.193727 0.373897 0.197878 0.377011 0.204797 0.379346 0.209871 0.378827 0.212177 0.379606 0.221863 0.379606 0.235701 0.377011 0.240775 0.377011 0.245387 0.373638
1 0.264299 0.345355 0.261070 0.344318 0.250923 0.344837 0.240314 0.347691 0.235701 0.349766 0.225554 0.356253 0.220941 0.360405 0.220941 0.362481 0.223708 0.363518 0.229705 0.364037 0.237085 0.364037 0.242159 0.362999 0.248616 0.359626 0.252306 0.353918 0.262915 0.350285 0.264299 0.347950
1 0.149446 0.392839 0.142066 0.392060 0.126845 0.398287 0.118542 0.403217 0.113930 0.407888 0.114391 0.411780 0.117620 0.414375 0.126384 0.416191 0.130996 0.416191 0.137454 0.412818 0.141605 0.408926 0.143911 0.402698 0.148985 0.396471
1 0.097325 0.454074 0.092251 0.451479 0.076107 0.448625 0.068266 0.448884 0.063653 0.449663 0.056273 0.453036 0.053506 0.455371 0.052583 0.460042 0.055351 0.463674 0.061347 0.466528 0.067343 0.467826 0.076568 0.467826 0.083948 0.466009 0.090406 0.463155 0.096402 0.458225 0.097786 0.455631
1 0.482934 0.385054 0.477860 0.388168 0.474631 0.391282 0.472786 0.395433 0.472786 0.401142 0.475554 0.406072 0.480166 0.407109 0.487546 0.407628 0.491236 0.406331 0.493542 0.403217 0.495849 0.397250 0.496310 0.390763 0.494926 0.387649 0.490314 0.385314
1 0.416052 0.379865 0.416052 0.381422 0.418819 0.384795 0.426199 0.389465 0.432196 0.391282 0.442804 0.393358 0.452491 0.394136 0.458948 0.394136 0.474631 0.389984 0.481550 0.384536 0.479705 0.381422 0.470018 0.377530 0.463100 0.375454 0.456181 0.374676 0.450646 0.373119 0.443266 0.372081 0.437269 0.372340 0.431273 0.373378 0.427583 0.374676 0.422970 0.375195 0.417897 0.377270
1 0.407288 0.430462 0.404059 0.428646 0.397140 0.427089 0.384686 0.427608 0.375000 0.430462 0.369004 0.434094 0.364391 0.439284 0.360240 0.446290 0.360240 0.448365 0.362085 0.450960 0.365775 0.452776 0.374539 0.453295 0.388838 0.451998 0.397140 0.449403 0.404520 0.445511 0.410517 0.437208 0.410978 0.434873
1 0.393450 0.552154 0.392066 0.550856 0.386531 0.548780 0.377306 0.548262 0.373155 0.549040 0.352399 0.550078 0.338100 0.552932 0.339945 0.554748 0.340867 0.557343 0.345941 0.559419 0.350092 0.560197 0.366236 0.560457 0.379613 0.558900 0.387454 0.557343 0.392528 0.554748
1 0.416513 0.531136 0.407749 0.534769 0.396218 0.536326 0.393911 0.539958 0.393911 0.545148 0.395756 0.549299 0.399446 0.553710 0.406827 0.559159 0.414668 0.562532 0.421587 0.562792 0.427122 0.560976 0.428967 0.558900 0.429889 0.555786 0.433118 0.552932 0.434963 0.549818 0.434963 0.539958 0.433579 0.536066 0.428506 0.532174 0.424354 0.531396
1 0.381458 0.485210 0.374077 0.483134 0.368542 0.483134 0.360240 0.484432 0.359317 0.485729 0.360240 0.490919 0.364391 0.498184 0.372694 0.496627 0.376384 0.496627 0.383303 0.494811 0.384686 0.490400 0.382841 0.488583
1 0.412362 0.481059 0.411900 0.487026 0.415590 0.494292 0.422970 0.501557 0.427583 0.504152 0.441421 0.509600 0.451107 0.510898 0.455258 0.512714 0.460793 0.512195 0.463100 0.510379 0.471402 0.510898 0.483395 0.503892 0.484317 0.501557 0.482934 0.500778 0.473708 0.500259 0.469096 0.498962 0.467251 0.497665 0.465406 0.493513 0.458026 0.488843 0.456181 0.488583 0.448801 0.484432 0.433579 0.481318 0.423432 0.480280 0.420203 0.479242 0.416052 0.479502
