1 0.863316 0.443452 0.861111 0.442212 0.856702 0.441716 0.851852 0.441716 0.842152 0.443204 0.836861 0.443452 0.830247 0.444444 0.825397 0.445933 0.821869 0.446181 0.818342 0.447421 0.806437 0.449901 0.802469 0.451637 0.798060 0.451885 0.782187 0.454613 0.779541 0.455853 0.773810 0.456845 0.767196 0.459325 0.742945 0.465774 0.737213 0.469246 0.736772 0.471478 0.738536 0.472222 0.743386 0.472470 0.746914 0.473462 0.750000 0.476438 0.760582 0.482639 0.767637 0.484871 0.775132 0.488343 0.783510 0.489335 0.791005 0.488591 0.811287 0.482887 0.822751 0.478175 0.827160 0.477183 0.833774 0.473958 0.843474 0.467262 0.854938 0.456597 0.857584 0.452629 0.861111 0.450397 0.863316 0.446677
0 0.881393 0.560516 0.877425 0.561260 0.873898 0.563244 0.864198 0.570437 0.862434 0.574157 0.862434 0.576885 0.864198 0.578869 0.870811 0.582589 0.876543 0.584573 0.880952 0.584573 0.887566 0.580853 0.892857 0.575893 0.895062 0.569692 0.895062 0.567708 0.892416 0.564236
0 0.626984 0.619048 0.624339 0.622024 0.624339 0.627232 0.626102 0.629216 0.640212 0.640129 0.643298 0.640873 0.650794 0.639633 0.655203 0.636905 0.656085 0.634673 0.648589 0.626488 0.641975 0.622768 0.638889 0.619544 0.636243 0.618304 0.633157 0.618056
0 0.540564 0.443948 0.532628 0.445437 0.525132 0.449653 0.519841 0.459077 0.519400 0.463542 0.521164 0.465526 0.526014 0.467758 0.538801 0.470734 0.545414 0.474206 0.548942 0.477927 0.551587 0.478919 0.553792 0.478919 0.561287 0.475446 0.564815 0.471974 0.577160 0.465030 0.582011 0.459077 0.581570 0.455357 0.575397 0.451141 0.559524 0.446429 0.544974 0.443948
0 0.834215 0.588542 0.827160 0.587302 0.821869 0.588046 0.809965 0.594742 0.806878 0.595734 0.803351 0.598710 0.798501 0.604167 0.798060 0.608879 0.800265 0.612847 0.805115 0.615823 0.812169 0.616815 0.819665 0.616815 0.822310 0.616319 0.834656 0.611111 0.846561 0.604167 0.847002 0.599950 0.843915 0.594742 0.839506 0.591022
0 0.470018 0.496280 0.470018 0.501488 0.472663 0.502728 0.477954 0.503720 0.485450 0.504216 0.491623 0.503968 0.497795 0.502728 0.504850 0.502728 0.513668 0.504960 0.525132 0.511161 0.529541 0.511161 0.535273 0.506696 0.537919 0.503224 0.539683 0.498512 0.539242 0.492063 0.537478 0.488839 0.530423 0.485615 0.518959 0.484375 0.502205 0.484375 0.486332 0.486855 0.477954 0.490327
0 0.474427 0.472718 0.469136 0.472470 0.461199 0.473958 0.453704 0.478175 0.450176 0.482391 0.450176 0.487847 0.452822 0.496032 0.454586 0.499008 0.458995 0.500496 0.463845 0.500496 0.467372 0.499256 0.470459 0.493552 0.474868 0.491071 0.480600 0.485863 0.479277 0.475694 0.478395 0.474454
0 0.405644 0.459325 0.402557 0.458085 0.392857 0.457589 0.390653 0.458085 0.388007 0.460317 0.384921 0.460069 0.377425 0.463790 0.375220 0.461806 0.369489 0.459325 0.354497 0.461806 0.349206 0.463542 0.345238 0.464038 0.341270 0.466270 0.338183 0.466270 0.333774 0.467510 0.330247 0.467510 0.325397 0.468750 0.315256 0.469742 0.309524 0.471478 0.298060 0.473462 0.281746 0.480655 0.278219 0.484375 0.275132 0.484871 0.271605 0.486855 0.265873 0.488343 0.257055 0.492808 0.252646 0.493800 0.250882 0.494792 0.248677 0.498264 0.243386 0.500496 0.238977 0.508185 0.238095 0.512401 0.241182 0.520585 0.239859 0.528026 0.241182 0.533234 0.244268 0.534722 0.248236 0.534474 0.255732 0.535714 0.261464 0.535962 0.268078 0.538194 0.279541 0.539187 0.286596 0.540675 0.290123 0.542163 0.306878 0.545635 0.313051 0.545883 0.315697 0.545387 0.319224 0.541667 0.320106 0.537450 0.319224 0.532986 0.314815 0.531994 0.313492 0.529514 0.307760 0.525546 0.302028 0.525546 0.298942 0.524802 0.288360 0.518105 0.288801 0.517609 0.294974 0.515625 0.298060 0.513889 0.299383 0.510417 0.309083 0.502480 0.311287 0.498760 0.316138 0.496528 0.326720 0.494296 0.330688 0.491319 0.337302 0.488839 0.341711 0.488095 0.345679 0.485863 0.350970 0.485863 0.361111 0.484623 0.369489 0.484623 0.380952 0.482639 0.384480 0.481151 0.396825 0.478423 0.399471 0.476935 0.404321 0.475694 0.406526 0.473958 0.407407 0.471726 0.407407 0.466270
0 0.495591 0.470238 0.496032 0.472470 0.501764 0.480159 0.508818 0.482887 0.528660 0.484623 0.536155 0.487351 0.538360 0.487351 0.542328 0.484871 0.545855 0.481399 0.545855 0.477679 0.536596 0.470982 0.529541 0.469246 0.520723 0.468006 0.517196 0.466766 0.504850 0.466518 0.501323 0.467014
0 0.529982 0.515625 0.520282 0.510169 0.517637 0.509425 0.514109 0.506448 0.503527 0.503968 0.496914 0.503720 0.488095 0.505456 0.479277 0.504712 0.471340 0.502480 0.462081 0.502480 0.455908 0.503968 0.450176 0.507440 0.446649 0.508433 0.439153 0.513393 0.428571 0.523810 0.423280 0.527282 0.421517 0.529762 0.419312 0.531002 0.415785 0.531002 0.412257 0.532490 0.408730 0.531250 0.407407 0.531498 0.404762 0.533730 0.403880 0.536458 0.399912 0.537946 0.395944 0.541419 0.391975 0.541419 0.390653 0.544643 0.388007 0.546627 0.384039 0.546379 0.380511 0.548115 0.376984 0.547619 0.374339 0.548611 0.373898 0.549355 0.376102 0.551587 0.375661 0.556052 0.372575 0.562252 0.368166 0.563988 0.367725 0.565724 0.368607 0.567708 0.377866 0.570685 0.383157 0.570685 0.388889 0.569940 0.391534 0.568452 0.392857 0.566468 0.396825 0.565476 0.400794 0.562996 0.408730 0.560516 0.412257 0.560268 0.417549 0.557788 0.430335 0.554315 0.435626 0.552331 0.440035 0.549107 0.451058 0.547867 0.458554 0.545883 0.467372 0.541171 0.477072 0.539187 0.482804 0.535962 0.485891 0.537946 0.488095 0.544395 0.493386 0.551091 0.499118 0.555556 0.502646 0.561012 0.505732 0.563244 0.510582 0.565228 0.512346 0.567956 0.514991 0.568204 0.517637 0.567212 0.522046 0.567708 0.529982 0.565972 0.533069 0.563988 0.536596 0.562996 0.539242 0.560764 0.540123 0.557044 0.543210 0.552083 0.544092 0.541171 0.542328 0.532490 0.538360 0.530010 0.537037 0.528026 0.535273 0.527778 0.533951 0.528274 0.532628 0.526786 0.532628 0.521825
0 0.172840 0.579861 0.170194 0.577629 0.160935 0.573413 0.155644 0.572421 0.146825 0.572917 0.134921 0.575149 0.130952 0.576885 0.123898 0.578621 0.111111 0.580357 0.099206 0.583333 0.086420 0.588294 0.084215 0.590774 0.084215 0.592758 0.087302 0.596478 0.095238 0.598710 0.104056 0.598214 0.114638 0.595486 0.118166 0.595982 0.119929 0.597222 0.126102 0.608879 0.130511 0.611855 0.135362 0.611855 0.162698 0.600446 0.168871 0.595982 0.171958 0.592262 0.172399 0.587302 0.174162 0.584573
0 0.212963 0.555804 0.211199 0.557044 0.206349 0.564980 0.204145 0.574901 0.204145 0.583581 0.202381 0.587302 0.199295 0.590278 0.193563 0.593998 0.188272 0.594990 0.185185 0.596974 0.181217 0.597966 0.177249 0.600446 0.164903 0.601935 0.153880 0.605407 0.150353 0.605903 0.146384 0.608135 0.141534 0.609127 0.138448 0.610615 0.134480 0.610863 0.133157 0.615823 0.125661 0.620040 0.118607 0.625248 0.115961 0.628472 0.113316 0.630208 0.112875 0.631944 0.113757 0.632937 0.116402 0.633433 0.138448 0.629216 0.142857 0.627232 0.145944 0.626984 0.150353 0.625248 0.155203 0.625000 0.158289 0.624008 0.162698 0.624008 0.166226 0.623016 0.170635 0.622768 0.174603 0.621528 0.182099 0.620784 0.205908 0.614583 0.213845 0.613839 0.219577 0.615575 0.223545 0.617808 0.230159 0.623264 0.231481 0.627480 0.234127 0.629712 0.237654 0.635417 0.242504 0.639385 0.244268 0.642361 0.248677 0.642609 0.252646 0.641865 0.256173 0.642857 0.257937 0.646577 0.256614 0.647321 0.251764 0.647321 0.248677 0.650050 0.244268 0.652282 0.242504 0.654762 0.240300 0.656002 0.223986 0.656994 0.220899 0.657986 0.216931 0.657242 0.212963 0.658730 0.205467 0.657738 0.204586 0.658482 0.204145 0.665923 0.212081 0.671379 0.220018 0.673363 0.232804 0.673611 0.236772 0.673115 0.245591 0.673859 0.260582 0.670635 0.272487 0.666915 0.283510 0.665675 0.290123 0.667907 0.296296 0.667659 0.302469 0.668155 0.305556 0.669147 0.313492 0.669147 0.323192 0.672123 0.330247 0.672123 0.337302 0.673611 0.341270 0.673363 0.342593 0.674355 0.341270 0.677579 0.342152 0.686260 0.337743 0.687996 0.333333 0.690972 0.329806 0.690972 0.325838 0.693700 0.326720 0.697669 0.325838 0.699157 0.322751 0.700397 0.322751 0.701637 0.325397 0.701637 0.328924 0.702877 0.339506 0.703125 0.347002 0.701637 0.350529 0.701637 0.364638 0.698661 0.369489 0.698413 0.377866 0.696925 0.384039 0.694196 0.388448 0.693452 0.390212 0.685516 0.388448 0.672619 0.384480 0.667659 0.381393 0.665179 0.380511 0.662946 0.376984 0.660962 0.373898 0.655010 0.370370 0.654018 0.361993 0.655258 0.360229 0.654514 0.361111 0.645833 0.358907 0.642609 0.357143 0.641865 0.354056 0.641617 0.352293 0.640625 0.349647 0.636657 0.344356 0.633433 0.342152 0.630952 0.338183 0.628968 0.335979 0.626736 0.333333 0.625248 0.321869 0.621528 0.318783 0.618552 0.314374 0.618056 0.309965 0.614335 0.307319 0.613839 0.301146 0.610863 0.283510 0.607887 0.279101 0.605159 0.276014 0.604663 0.271605 0.601935 0.268519 0.601687 0.263228 0.598214 0.248677 0.592014 0.243386 0.586806 0.241623 0.579861 0.234568 0.577133 0.232804 0.574405 0.227954 0.571925 0.225750 0.569444 0.224427 0.564980 0.218695 0.559772 0.217372 0.556300 0.216490 0.555804
0 0.552910 0.540179 0.549824 0.541915 0.548060 0.544147 0.548501 0.546131 0.552469 0.548115 0.560847 0.547371 0.565697 0.547619 0.573192 0.546627 0.584215 0.548115 0.591711 0.547867 0.597002 0.549851 0.607584 0.550595 0.615961 0.555804 0.619489 0.560764 0.619489 0.567956 0.609347 0.577877 0.605820 0.580357 0.601852 0.585813 0.600970 0.588046 0.601411 0.593998 0.602293 0.596478 0.604056 0.597718 0.614638 0.599702 0.619929 0.599454 0.630071 0.600446 0.634921 0.600198 0.638448 0.599206 0.653439 0.592014 0.656085 0.590278 0.658730 0.586806 0.663139 0.585317 0.666226 0.581597 0.670635 0.578373 0.672399 0.575149 0.673721 0.568452 0.673280 0.563740 0.671517 0.560268 0.662257 0.551091 0.653880 0.545635 0.638448 0.539683 0.630511 0.537450 0.620370 0.535466 0.614638 0.533730 0.597443 0.531994 0.578042 0.532738 0.572751 0.533978 0.560847 0.538938 0.556878 0.539187
0 0.415344 0.610863 0.405203 0.614335 0.400353 0.615327 0.391975 0.621280 0.388007 0.626240 0.387125 0.630456 0.390653 0.637897 0.391975 0.645833 0.395062 0.650298 0.397266 0.651786 0.399471 0.652282 0.405203 0.651786 0.407407 0.649802 0.408289 0.643105 0.412257 0.640873 0.414462 0.642361 0.416667 0.645833 0.413580 0.650298 0.413580 0.658978 0.414462 0.661954 0.416226 0.663938 0.420194 0.665427 0.423721 0.665923 0.446649 0.665179 0.450176 0.663938 0.451940 0.662202 0.454145 0.654266 0.454145 0.640377 0.451499 0.625992 0.450176 0.624256 0.443122 0.620536 0.440035 0.613343 0.436949 0.610863 0.434303 0.610367
0 0.387566 0.435516 0.385802 0.433780 0.380071 0.430804 0.373016 0.429563 0.368166 0.429812 0.364198 0.430804 0.360229 0.432788 0.352734 0.438492 0.349647 0.443204 0.347884 0.450397 0.346120 0.451637 0.343034 0.452381 0.329806 0.452629 0.322310 0.454365 0.319224 0.453869 0.315256 0.454365 0.290564 0.454365 0.275132 0.452629 0.260141 0.452381 0.251323 0.458085 0.250000 0.461310 0.250441 0.465030 0.254850 0.468502 0.266755 0.472966 0.278219 0.473710 0.290123 0.473710 0.305556 0.471230 0.314374 0.468750 0.322310 0.468006 0.326279 0.466766 0.330247 0.466518 0.341711 0.464286 0.356702 0.459573 0.360229 0.457837 0.369929 0.455357 0.374339 0.453125 0.380952 0.451141 0.389330 0.441716 0.389771 0.439732
0 0.585538 0.314732 0.582451 0.318204 0.582451 0.321677 0.583333 0.322173 0.587302 0.321429 0.599647 0.321429 0.604056 0.322173 0.608907 0.324901 0.615961 0.332341 0.618607 0.337550 0.623898 0.343750 0.626102 0.350198 0.631834 0.357887 0.634039 0.364087 0.635362 0.365575 0.642416 0.369544 0.647266 0.369792 0.662698 0.368800 0.677690 0.365327 0.682099 0.365079 0.686067 0.363343 0.689153 0.363343 0.697090 0.361855 0.701940 0.359623 0.708995 0.357887 0.709877 0.353671 0.708554 0.352927 0.702822 0.352183 0.694444 0.352183 0.672399 0.353175 0.662698 0.351935 0.658289 0.350694 0.649912 0.345982 0.645503 0.344742 0.639771 0.342014 0.638448 0.340526 0.638007 0.337302 0.641534 0.330109 0.641534 0.325397 0.638448 0.320437 0.631834 0.314236 0.625661 0.311012 0.623016 0.306052 0.620370 0.304812 0.616843 0.304067 0.611552 0.304067 0.601852 0.306052
0 0.697090 0.591766 0.693563 0.592262 0.688713 0.591766 0.686067 0.592510 0.673721 0.593006 0.668430 0.594246 0.665785 0.596478 0.663139 0.604167 0.654762 0.610863 0.650794 0.615327 0.649471 0.618304 0.650353 0.624752 0.659612 0.634673 0.669312 0.640377 0.684744 0.646081 0.690476 0.646081 0.693122 0.645585 0.698854 0.641369 0.704586 0.633929 0.708995 0.631696 0.709436 0.629464 0.708113 0.627232 0.708113 0.623016 0.711199 0.617312 0.713404 0.615823 0.716049 0.616071 0.730159 0.620536 0.735891 0.624256 0.741182 0.626240 0.744709 0.631448 0.747795 0.631448 0.748677 0.630456 0.749559 0.621528 0.748677 0.618800 0.743386 0.610615 0.735450 0.605655 0.733245 0.603175 0.723104 0.598462 0.718254 0.597470 0.713845 0.594990 0.710317 0.593998
0 0.521605 0.643849 0.517637 0.644593 0.515873 0.645585 0.511023 0.650050 0.508377 0.654266 0.503527 0.657986 0.497354 0.665675 0.496032 0.668899 0.492945 0.671875 0.489859 0.681052 0.489859 0.686012 0.491182 0.689732 0.492504 0.703869 0.495591 0.709573 0.498236 0.711806 0.501323 0.712550 0.506173 0.711062 0.516314 0.703869 0.518078 0.701389 0.518078 0.696429 0.516755 0.694196 0.514991 0.682788 0.515432 0.673611 0.517637 0.666171 0.521605 0.661706 0.522928 0.656994 0.525132 0.654266 0.526014 0.645833
0 0.277337 0.575397 0.276896 0.576885 0.278219 0.579861 0.281746 0.584573 0.294974 0.591270 0.297619 0.593750 0.305996 0.597470 0.314815 0.597966 0.322310 0.596974 0.334656 0.592758 0.342593 0.591766 0.347443 0.588790 0.347443 0.587054 0.341711 0.582837 0.337743 0.581845 0.334656 0.581845 0.326720 0.578125 0.315256 0.577629 0.313051 0.576389 0.311287 0.571925 0.302910 0.569444 0.291005 0.569444 0.285273 0.571429 0.283069 0.572917 0.279541 0.573413
0 0.443563 0.484127 0.439594 0.484127 0.436508 0.485119 0.431658 0.489335 0.429453 0.494296 0.422840 0.502728 0.421517 0.506944 0.419312 0.509673 0.418430 0.513641 0.414462 0.517361 0.411817 0.522321 0.406526 0.525050 0.402557 0.528274 0.395944 0.531002 0.389771 0.531994 0.376543 0.531498 0.371693 0.532738 0.361552 0.533978 0.354497 0.536458 0.347002 0.541419 0.344356 0.544395 0.345238 0.548611 0.349206 0.551091 0.361552 0.554812 0.365961 0.555308 0.373898 0.555308 0.380511 0.553571 0.396825 0.540427 0.404321 0.536954 0.407407 0.533482 0.409171 0.532490 0.411376 0.532490 0.417989 0.531002 0.422399 0.528770 0.436508 0.515377 0.444444 0.508681 0.448413 0.506448 0.449735 0.504712 0.451940 0.498264 0.451499 0.495784 0.448413 0.489831
0 0.664462 0.501488 0.663139 0.500000 0.654321 0.495040 0.649471 0.493552 0.646825 0.492063 0.640212 0.491071 0.633157 0.491071 0.623457 0.492312 0.618166 0.492312 0.612434 0.493304 0.598325 0.494048 0.595238 0.494544 0.591711 0.497272 0.587302 0.496528 0.580688 0.499752 0.578924 0.502480 0.578924 0.505952 0.577601 0.509425 0.580247 0.513145 0.583333 0.514881 0.595238 0.518601 0.603616 0.519345 0.608025 0.519097 0.611552 0.520089 0.616402 0.520337 0.631834 0.519345 0.638889 0.518353 0.643739 0.516617 0.653880 0.514633 0.658730 0.511905 0.661376 0.511161 0.664903 0.506448
0 0.322751 0.403770 0.314815 0.404762 0.305556 0.408482 0.296737 0.415427 0.293651 0.420387 0.290564 0.431300 0.290564 0.436260 0.293210 0.442956 0.298501 0.449405 0.302469 0.451389 0.308201 0.452381 0.325838 0.451141 0.331570 0.450149 0.335097 0.448413 0.339506 0.443700 0.341270 0.440476 0.340388 0.424851 0.335979 0.411706 0.332011 0.407490
0 0.513228 0.349950 0.509259 0.350446 0.502646 0.352679 0.492945 0.359375 0.488977 0.364583 0.488536 0.371032 0.490741 0.376736 0.495591 0.381944 0.509259 0.387401 0.517196 0.387649 0.522487 0.385169 0.533069 0.372768 0.537919 0.364335 0.538360 0.357887 0.537037 0.355407 0.533951 0.352927 0.526014 0.350942
0 0.182981 0.388145 0.179012 0.386905 0.171517 0.385913 0.159171 0.386905 0.148148 0.390873 0.142857 0.391865 0.134921 0.395337 0.129189 0.399306 0.126984 0.403770 0.129189 0.408730 0.133157 0.412698 0.135802 0.413938 0.139771 0.414187 0.159612 0.409226 0.167989 0.408482 0.171958 0.408978 0.175485 0.408730 0.182099 0.403770 0.186508 0.397569 0.186949 0.392609
0 0.166667 0.409970 0.158289 0.409474 0.154321 0.410714 0.151235 0.410962 0.145944 0.412946 0.142416 0.413194 0.138448 0.414683 0.134039 0.414683 0.124339 0.416667 0.112875 0.417659 0.109788 0.418403 0.106702 0.420635 0.104056 0.421131 0.102293 0.422371 0.099647 0.432044 0.094797 0.434772 0.093034 0.437004 0.086861 0.440972 0.083774 0.444692 0.078924 0.446677 0.075838 0.449653 0.072751 0.451389 0.069224 0.451141 0.064815 0.448165 0.060406 0.442460 0.053351 0.440972 0.049383 0.441220 0.041887 0.442956 0.040123 0.443948 0.036596 0.448165 0.034392 0.454613 0.032628 0.464782 0.031746 0.486607 0.028219 0.497272 0.028219 0.501736 0.031746 0.509425 0.032628 0.514881 0.030864 0.527034 0.031746 0.533730 0.033510 0.536954 0.037919 0.539683 0.046296 0.542411 0.061287 0.550347 0.064815 0.553819 0.067460 0.554563 0.072751 0.557540 0.081570 0.560268 0.088624 0.560516 0.098765 0.558532 0.108466 0.558532 0.111993 0.559276 0.127866 0.559772 0.138448 0.558284 0.143739 0.558532 0.154321 0.556300 0.158730 0.556052 0.162698 0.555060 0.177249 0.546875 0.182981 0.540675 0.183862 0.535962 0.182540 0.533978 0.171517 0.530258 0.166667 0.527530 0.162257 0.526042 0.153880 0.521329 0.148589 0.516865 0.142416 0.513641 0.139330 0.508929 0.134480 0.504960 0.130952 0.499256 0.128307 0.489831 0.128748 0.474206 0.136243 0.455605 0.143298 0.449653 0.152116 0.443700 0.156966 0.438492 0.162698 0.436260 0.167108 0.431300 0.170635 0.429067 0.174162 0.424355 0.184744 0.419147 0.186508 0.417163 0.186067 0.414931 0.182981 0.413442
0 0.199295 0.401042 0.197531 0.403522 0.196208 0.409474 0.197090 0.412946 0.200176 0.414931 0.221340 0.420883 0.239418 0.424851 0.244268 0.426587 0.252205 0.427083 0.267637 0.430308 0.272046 0.430308 0.275573 0.428819 0.279101 0.423363 0.279541 0.419395 0.278219 0.416667 0.272046 0.414683 0.268519 0.414683 0.267196 0.414187 0.263228 0.410962 0.259259 0.409970 0.255291 0.407986 0.242504 0.404762 0.239859 0.403274 0.235891 0.402778 0.232363 0.400298 0.217813 0.397817 0.212081 0.397817 0.204586 0.398810
1 0.575397 0.375248 0.571869 0.376240 0.568342 0.376240 0.568342 0.377480 0.570547 0.378720 0.570988 0.381200 0.573192 0.384177 0.573192 0.389137 0.574074 0.390873 0.573633 0.394593 0.569224 0.401538 0.569224 0.423363 0.571429 0.433780 0.575838 0.446181 0.578924 0.448661 0.582451 0.448909 0.585538 0.447917 0.587743 0.445685 0.593034 0.436260 0.594797 0.430804 0.595679 0.422867 0.593915 0.407738 0.589506 0.392361 0.585979 0.386905 0.585097 0.383929 0.582011 0.381200 0.579806 0.377728
0 0.779541 0.552827 0.774250 0.552827 0.767637 0.553819 0.758818 0.555804 0.751764 0.558532 0.748236 0.562004 0.743827 0.562748 0.739418 0.564980 0.735891 0.565972 0.732363 0.568700 0.726631 0.571677 0.723986 0.574901 0.720899 0.576885 0.719577 0.579117 0.719136 0.592262 0.720018 0.594246 0.735009 0.602927 0.744709 0.610119 0.749118 0.617312 0.751764 0.625000 0.754850 0.626488 0.756614 0.626488 0.759700 0.625248 0.768519 0.624256 0.773810 0.622520 0.776014 0.620784 0.779982 0.619792 0.782628 0.617808 0.785714 0.611855 0.783069 0.602679 0.783069 0.596726 0.787037 0.589782 0.787478 0.587302 0.783069 0.580605 0.783069 0.578869 0.785273 0.572421 0.791887 0.567956 0.794092 0.563740 0.792769 0.560020
0 0.847443 0.528026 0.844797 0.528522 0.838183 0.532242 0.833333 0.538938 0.832011 0.543899 0.832451 0.554315 0.835538 0.561508 0.844356 0.567956 0.849647 0.569444 0.858466 0.569692 0.862875 0.568700 0.874780 0.562252 0.879189 0.557540 0.880952 0.554315 0.881834 0.547867 0.880511 0.545139 0.873457 0.538442 0.855820 0.529266 0.852734 0.528274
0 0.517196 0.447669 0.513668 0.445437 0.502205 0.440972 0.497795 0.440972 0.488095 0.442956 0.462963 0.450645 0.455467 0.454365 0.454586 0.455853 0.454586 0.460069 0.455908 0.462550 0.461640 0.467014 0.467372 0.469246 0.480600 0.470238 0.490741 0.470238 0.496032 0.469246 0.502646 0.466022 0.510582 0.463542 0.516755 0.459325 0.519400 0.454613 0.519400 0.450397
0 0.516314 0.392113 0.510141 0.396329 0.504409 0.404762 0.503968 0.408978 0.507055 0.413442 0.513228 0.415923 0.517637 0.415923 0.524691 0.414683 0.533069 0.414683 0.538801 0.415427 0.543210 0.416667 0.548060 0.416171 0.556437 0.411458 0.562610 0.405506 0.563051 0.400546 0.559965 0.396577 0.552028 0.392857 0.541887 0.390377 0.526014 0.390377
0 0.342152 0.516369 0.323192 0.514137 0.305556 0.514881 0.298942 0.515625 0.292328 0.517857 0.289242 0.520833 0.290123 0.522569 0.292769 0.524058 0.299383 0.524802 0.302028 0.526042 0.303792 0.529018 0.305556 0.530010 0.315256 0.533234 0.312169 0.541171 0.312169 0.544643 0.317460 0.547371 0.327160 0.546131 0.343915 0.536706 0.350970 0.531250 0.352734 0.527034 0.352293 0.522073 0.349647 0.519097
0 0.376102 0.485119 0.368607 0.485119 0.351411 0.486855 0.337302 0.490575 0.333333 0.492560 0.332011 0.494544 0.332011 0.501736 0.336861 0.507937 0.345238 0.514385 0.357143 0.519345 0.361552 0.520337 0.372134 0.520089 0.381834 0.517609 0.387125 0.515377 0.390212 0.511161 0.392416 0.504712 0.393298 0.497272 0.390653 0.493304 0.380071 0.485863
0 0.437831 0.572669 0.426808 0.578869 0.425926 0.581597 0.425926 0.584573 0.428571 0.593750 0.432540 0.598462 0.443563 0.603423 0.454145 0.606151 0.461199 0.606647 0.470459 0.605655 0.486772 0.600446 0.491623 0.596230 0.492063 0.592014 0.488977 0.588294 0.484568 0.585813 0.477513 0.579613 0.472222 0.577629 0.465168 0.573165 0.458995 0.571181 0.447531 0.570685
0 0.824515 0.583829 0.825397 0.586062 0.830688 0.587550 0.835097 0.589782 0.837302 0.592510 0.841711 0.594246 0.849647 0.600198 0.856261 0.600694 0.873016 0.598462 0.880511 0.595486 0.881834 0.593998 0.882716 0.591022 0.880952 0.587798 0.872134 0.584821 0.864198 0.580357 0.858907 0.579365 0.840388 0.578869 0.838183 0.579613 0.833333 0.579117 0.826720 0.581349
0 0.857584 0.605407 0.849647 0.606151 0.843034 0.608631 0.837743 0.609623 0.828924 0.614583 0.823633 0.618552 0.821429 0.623512 0.821429 0.626488 0.823633 0.630704 0.828042 0.635417 0.830688 0.636905 0.837302 0.638889 0.845679 0.638889 0.861993 0.635417 0.872575 0.631696 0.877866 0.627232 0.878748 0.623760 0.877866 0.619296 0.873016 0.610863 0.869048 0.608631 0.861993 0.607639
1 0.390653 0.303571 0.384039 0.303075 0.380071 0.304067 0.368607 0.304812 0.365079 0.305556 0.353175 0.305804 0.344797 0.307044 0.333774 0.309772 0.322751 0.311012 0.310406 0.313492 0.291887 0.314732 0.263228 0.318452 0.251764 0.318700 0.247354 0.318204 0.233245 0.319444 0.227072 0.320685 0.221781 0.324653 0.218695 0.329613 0.216049 0.337054 0.215168 0.345982 0.219136 0.359375 0.227513 0.374008 0.232804 0.377480 0.234568 0.381448 0.240300 0.386161 0.243827 0.387897 0.248236 0.388393 0.255291 0.393105 0.258818 0.397321 0.264109 0.399802 0.265873 0.401786 0.275573 0.406746 0.284392 0.409970 0.290564 0.411458 0.294092 0.411210 0.298942 0.408482 0.309524 0.405010 0.313051 0.402778 0.315256 0.400050 0.313933 0.385169 0.314815 0.383929 0.319224 0.381696 0.320988 0.377728 0.322751 0.376240 0.333774 0.375000 0.337743 0.374008 0.343034 0.374008 0.352293 0.375000 0.358466 0.374752 0.373898 0.369792 0.375661 0.365823 0.376102 0.358879 0.377866 0.356895 0.378307 0.354663 0.380952 0.352927 0.382716 0.350446 0.382716 0.345486 0.377866 0.338294 0.377866 0.329117 0.379630 0.326141 0.380071 0.323165 0.383598 0.318948 0.385362 0.314236 0.390212 0.310268 0.391975 0.307540 0.391975 0.304563
1 0.336861 0.376984 0.335538 0.378472 0.335979 0.382192 0.339506 0.388889 0.343034 0.392857 0.344797 0.397817 0.350529 0.404762 0.357143 0.408730 0.359788 0.412202 0.365961 0.415923 0.374339 0.425347 0.386684 0.431548 0.391975 0.438740 0.406526 0.451389 0.412698 0.453869 0.423721 0.460565 0.435626 0.462550 0.439594 0.465278 0.444004 0.466022 0.447090 0.467262 0.447972 0.466022 0.446649 0.463046 0.443563 0.459077 0.442681 0.455357 0.437831 0.450645 0.436949 0.446925 0.433862 0.442956 0.432981 0.438740 0.428571 0.429563 0.419312 0.419643 0.407407 0.409474 0.405203 0.406746 0.392857 0.398810 0.389771 0.394345 0.386684 0.392113 0.377425 0.387153 0.373898 0.384177 0.369489 0.382688 0.364198 0.379464 0.361111 0.378472 0.354056 0.378224 0.346561 0.376488
1 0.490300 0.296875 0.485009 0.297867 0.469136 0.306052 0.466931 0.309028 0.455026 0.314732 0.452381 0.319692 0.452381 0.325893 0.446649 0.355655 0.447531 0.365079 0.451058 0.369296 0.451940 0.373512 0.450176 0.376240 0.446208 0.378472 0.444444 0.380704 0.443563 0.387649 0.437831 0.407242 0.435626 0.434276 0.437390 0.441716 0.439594 0.444692 0.443563 0.446677 0.455908 0.449653 0.462963 0.449405 0.483686 0.444196 0.486772 0.442708 0.498677 0.439484 0.500882 0.436260 0.500441 0.406746 0.502205 0.400794 0.506614 0.396329 0.507937 0.392361 0.506614 0.390377 0.502205 0.388641 0.500000 0.385417 0.493386 0.380952 0.488095 0.373512 0.487213 0.370288 0.488977 0.362351 0.498677 0.354415 0.502205 0.349702 0.501323 0.336806 0.502646 0.334573 0.500882 0.314236 0.497354 0.305804 0.492063 0.298115
1 0.492063 0.274058 0.483686 0.273810 0.470459 0.274554 0.462081 0.276786 0.458113 0.278522 0.455026 0.278770 0.451940 0.280506 0.447090 0.281250 0.439594 0.283730 0.435185 0.285962 0.422840 0.289435 0.415344 0.292411 0.406966 0.296875 0.393739 0.306796 0.386684 0.313988 0.381393 0.322421 0.379630 0.328373 0.379630 0.336062 0.382275 0.343254 0.387125 0.350446 0.390653 0.352679 0.406085 0.366815 0.411376 0.369048 0.414903 0.372024 0.422399 0.375744 0.432099 0.378968 0.439594 0.378720 0.444004 0.377232 0.449295 0.374752 0.450617 0.372024 0.450176 0.369544 0.445767 0.365327 0.444444 0.361607 0.438272 0.358135 0.436067 0.353671 0.431217 0.349950 0.430335 0.343998 0.431217 0.337302 0.433862 0.334077 0.435185 0.330605 0.438713 0.327133 0.440917 0.322421 0.446208 0.319692 0.451940 0.315228 0.462522 0.311012 0.466931 0.307292 0.476190 0.302331 0.479277 0.299107 0.485891 0.297123 0.490300 0.296627 0.493386 0.294147 0.498677 0.291419 0.501764 0.288442 0.502646 0.285962 0.498677 0.277282 0.496914 0.275546
1 0.420635 0.670883 0.415344 0.670139 0.411817 0.671627 0.407407 0.672371 0.401675 0.669395 0.399912 0.669395 0.393739 0.673115 0.393298 0.677579 0.395062 0.680556 0.395503 0.689980 0.389330 0.695933 0.376984 0.702629 0.371693 0.707341 0.369048 0.708581 0.366843 0.711062 0.361552 0.714286 0.358907 0.718502 0.355820 0.720238 0.352734 0.723214 0.351411 0.726190 0.343915 0.735119 0.335979 0.739335 0.329806 0.743800 0.327160 0.748760 0.322310 0.750992 0.317019 0.757192 0.314374 0.758929 0.309524 0.775050 0.309524 0.786706 0.311287 0.799107 0.313492 0.801835 0.317019 0.803323 0.319224 0.803571 0.325838 0.802579 0.350088 0.796379 0.366843 0.787946 0.376984 0.780010 0.380952 0.775050 0.385362 0.771825 0.398589 0.756944 0.401675 0.751736 0.399471 0.744544 0.399912 0.741567 0.405203 0.729167 0.412698 0.720486 0.417989 0.716270 0.419753 0.712798 0.423721 0.709325 0.425926 0.705605 0.429453 0.702877 0.432099 0.696429 0.432099 0.688740 0.428131 0.675843 0.425926 0.673363
1 0.552028 0.682044 0.548060 0.680308 0.540564 0.679812 0.533951 0.681548 0.529541 0.680060 0.525132 0.680308 0.522928 0.681300 0.522046 0.686012 0.518519 0.688492 0.518519 0.690228 0.522487 0.692956 0.519841 0.702381 0.513668 0.710069 0.510141 0.710813 0.508818 0.712054 0.508377 0.716022 0.506614 0.717758 0.505291 0.717758 0.502646 0.716270 0.500882 0.714038 0.498236 0.712798 0.494268 0.709077 0.490741 0.700397 0.489418 0.691220 0.486332 0.686756 0.478395 0.686260 0.473545 0.687996 0.462963 0.690476 0.460758 0.691716 0.458554 0.694940 0.454145 0.697669 0.451058 0.698661 0.442681 0.697173 0.439594 0.698661 0.435185 0.703373 0.431217 0.705109 0.423280 0.712798 0.420194 0.718502 0.415344 0.720238 0.413139 0.725694 0.408289 0.729415 0.406526 0.733383 0.404321 0.735863 0.402116 0.742063 0.402116 0.745536 0.403880 0.749008 0.410935 0.750496 0.416667 0.749008 0.420194 0.749256 0.424162 0.747520 0.427690 0.747272 0.466049 0.740079 0.470459 0.738343 0.475309 0.737847 0.482804 0.735615 0.490300 0.734375 0.498677 0.729167 0.503968 0.724206 0.509259 0.721230 0.511023 0.718750 0.515873 0.716022 0.528660 0.711062 0.532187 0.708829 0.533510 0.706845 0.536596 0.706101 0.540564 0.703621 0.544974 0.701885 0.552469 0.689980
1 0.578042 0.677331 0.576720 0.676587 0.574074 0.676587 0.567901 0.678323 0.563933 0.678323 0.558642 0.682044 0.558642 0.684772 0.556878 0.685516 0.554233 0.688244 0.551587 0.694196 0.548060 0.697421 0.545855 0.702877 0.540564 0.705357 0.539242 0.707093 0.531305 0.711062 0.526896 0.714286 0.521605 0.716766 0.515873 0.718502 0.514109 0.720238 0.508818 0.722966 0.507055 0.724950 0.502205 0.727679 0.499118 0.730655 0.489859 0.735367 0.486772 0.735863 0.481922 0.738343 0.473986 0.740575 0.470459 0.740823 0.466931 0.742063 0.462522 0.742063 0.455908 0.743552 0.450176 0.746776 0.446208 0.747272 0.442681 0.749256 0.439153 0.749256 0.430335 0.752976 0.429453 0.755952 0.427690 0.757192 0.426367 0.756448 0.425485 0.754216 0.423280 0.753472 0.421958 0.753968 0.420194 0.756200 0.418430 0.754464 0.415785 0.753720 0.411817 0.756696 0.409612 0.755704 0.407848 0.755704 0.405203 0.757440 0.401235 0.757937 0.399471 0.758929 0.396825 0.763641 0.392416 0.766865 0.391534 0.771329 0.388448 0.774802 0.388448 0.780010 0.390212 0.781994 0.392416 0.782738 0.404762 0.783730 0.408289 0.782738 0.411817 0.782738 0.415785 0.781498 0.428131 0.781002 0.434744 0.779514 0.440917 0.780010 0.446208 0.779018 0.451940 0.775546 0.454145 0.772321 0.453263 0.767361 0.454586 0.764881 0.454586 0.760417 0.455908 0.759177 0.462522 0.757937 0.466049 0.758929 0.470459 0.758929 0.472222 0.760169 0.468254 0.762649 0.468695 0.764385 0.474868 0.765129 0.487654 0.765129 0.488977 0.765873 0.489418 0.768353 0.490741 0.768601 0.491623 0.767857 0.491623 0.765873 0.489859 0.763889 0.490741 0.763145 0.493386 0.762897 0.494268 0.760169 0.495150 0.763393 0.498677 0.763393 0.502646 0.760169 0.503968 0.763145 0.506173 0.763889 0.507055 0.763393 0.506614 0.760417 0.507937 0.759673 0.518078 0.757937 0.522046 0.755456 0.523810 0.748760 0.526455 0.745536 0.529982 0.743056 0.537478 0.739583 0.540123 0.741319 0.542769 0.741319 0.543210 0.740823 0.542769 0.739087 0.540123 0.737599 0.539242 0.735863 0.534832 0.733135 0.532628 0.730655 0.532187 0.727679 0.533951 0.724702 0.540123 0.720238 0.542328 0.719494 0.552469 0.720238 0.558642 0.718502 0.560406 0.716766 0.562169 0.712798 0.567019 0.709077 0.570547 0.703869 0.574515 0.699901 0.578924 0.693204 0.578924 0.689236 0.580247 0.686012 0.580247 0.682044
1 0.411376 0.784722 0.410053 0.785962 0.410053 0.787946 0.416226 0.794395 0.438713 0.810764 0.454586 0.819196 0.466490 0.823165 0.474868 0.826885 0.492945 0.831597 0.502646 0.831349 0.505732 0.830357 0.505291 0.826141 0.501764 0.821677 0.492945 0.815972 0.481481 0.805556 0.473986 0.800595 0.467372 0.793651 0.461640 0.789683 0.455908 0.782490 0.452381 0.780258 0.446208 0.779762 0.438713 0.780258 0.436067 0.781002 0.431658 0.781002 0.416226 0.783234
1 0.588183 0.700149 0.583333 0.701885 0.578483 0.702629 0.571429 0.705853 0.568342 0.710317 0.563933 0.713790 0.560406 0.720486 0.563492 0.730159 0.562610 0.741319 0.564374 0.744544 0.564374 0.748016 0.566578 0.750496 0.570547 0.752976 0.572310 0.763393 0.576279 0.764633 0.579806 0.764385 0.582011 0.767857 0.585097 0.770089 0.587743 0.775298 0.592593 0.777530 0.598325 0.781746 0.603175 0.786706 0.608466 0.788690 0.612875 0.788938 0.617284 0.787698 0.623898 0.782490 0.627866 0.776042 0.627425 0.772321 0.625661 0.767361 0.623016 0.763393 0.622134 0.759177 0.619048 0.754712 0.618607 0.751984 0.615520 0.747768 0.614198 0.743552 0.612434 0.741815 0.608466 0.728919 0.604938 0.723462 0.601411 0.713542 0.597884 0.708333 0.596561 0.704365 0.594797 0.701885 0.592152 0.700149
1 0.748677 0.501240 0.744268 0.499504 0.733686 0.498264 0.728836 0.495536 0.723986 0.498760 0.719577 0.499256 0.716490 0.501984 0.706790 0.504216 0.697531 0.504712 0.693122 0.506944 0.689153 0.506944 0.686067 0.508433 0.681217 0.509177 0.676367 0.511161 0.666226 0.513641 0.658289 0.519097 0.646384 0.522321 0.642416 0.522817 0.641093 0.524802 0.640653 0.529266 0.638007 0.531002 0.630071 0.531250 0.626984 0.532738 0.628307 0.533730 0.633598 0.534474 0.638007 0.535962 0.641975 0.538442 0.646384 0.539435 0.656526 0.544643 0.661817 0.546379 0.670635 0.545139 0.689153 0.540923 0.700176 0.540179 0.707672 0.538938 0.718695 0.534970 0.721340 0.532986 0.724868 0.532490 0.733686 0.529266 0.739418 0.524802 0.742063 0.521329 0.743386 0.517113 0.747795 0.515377 0.750000 0.513393 0.750441 0.509177 0.749118 0.506944
1 0.623457 0.704365 0.623016 0.706349 0.623898 0.708829 0.627866 0.712550 0.636243 0.714286 0.643298 0.717262 0.655644 0.719246 0.663580 0.725942 0.668430 0.727927 0.682540 0.729663 0.691358 0.734127 0.697972 0.735615 0.701499 0.737103 0.709436 0.737847 0.721340 0.741815 0.728836 0.745536 0.732804 0.745536 0.736772 0.743552 0.743827 0.743056 0.747795 0.743552 0.749118 0.742808 0.750882 0.733631 0.753086 0.731895 0.756614 0.730655 0.757496 0.729415 0.757496 0.727927 0.754850 0.723462 0.750882 0.719494 0.742063 0.714782 0.740741 0.712550 0.736772 0.711310 0.734568 0.705357 0.732804 0.703125 0.721781 0.699901 0.718254 0.695685 0.713845 0.694196 0.708554 0.690476 0.702822 0.687996 0.699295 0.687252 0.697090 0.687252 0.695767 0.687996 0.693122 0.700397 0.691358 0.702133 0.685626 0.704613 0.657407 0.704613 0.643298 0.702629 0.635802 0.703125 0.626984 0.702133
1 0.563933 0.612599 0.562169 0.613591 0.560847 0.615575 0.560847 0.622272 0.562610 0.630704 0.568342 0.634177 0.570988 0.639385 0.574956 0.643105 0.580688 0.655506 0.584656 0.658730 0.587743 0.662698 0.591270 0.664931 0.594797 0.670387 0.600529 0.675099 0.602734 0.678075 0.607143 0.680556 0.613757 0.686508 0.634921 0.697421 0.649912 0.702381 0.661817 0.703373 0.683862 0.703373 0.687831 0.702629 0.690476 0.700893 0.691799 0.696181 0.686508 0.687748 0.673721 0.687252 0.666667 0.685020 0.659612 0.684028 0.655203 0.679563 0.647266 0.677827 0.644621 0.676587 0.639771 0.671379 0.635362 0.669891 0.629630 0.666915 0.621252 0.660962 0.617725 0.656498 0.612434 0.652034 0.609347 0.647073 0.603616 0.644097 0.600529 0.639881 0.594797 0.635169 0.591711 0.630208 0.578042 0.616567 0.569224 0.613095
1 0.403439 0.368552 0.393298 0.392361 0.393739 0.397073 0.412257 0.412450 0.425926 0.425595 0.431658 0.428571 0.434303 0.424355 0.437831 0.400298 0.441358 0.388641 0.440476 0.381696 0.439153 0.380704 0.431658 0.379960 0.414903 0.373512 0.410935 0.370536 0.408289 0.370040 0.405203 0.368552
1 0.580247 0.324901 0.577601 0.327877 0.577160 0.331597 0.582011 0.343998 0.590388 0.357639 0.601852 0.368552 0.604938 0.374008 0.607584 0.376488 0.609347 0.380704 0.613316 0.384425 0.616402 0.392857 0.617284 0.401290 0.619048 0.405258 0.623898 0.409970 0.628307 0.412450 0.630952 0.413194 0.646384 0.413442 0.650353 0.414435 0.655644 0.414435 0.659171 0.412946 0.659612 0.411458 0.658730 0.407986 0.656085 0.405010 0.655203 0.400546 0.652116 0.397817 0.648589 0.391617 0.644180 0.387649 0.640212 0.380952 0.639330 0.377480 0.636243 0.373512 0.632716 0.365575 0.631393 0.360615 0.625661 0.352431 0.623016 0.344246 0.617725 0.339038 0.614638 0.331101 0.607143 0.324405 0.603616 0.322917 0.591270 0.322669 0.583774 0.324653
1 0.624780 0.415427 0.618166 0.419891 0.619048 0.432044 0.623457 0.443204 0.629189 0.453621 0.634039 0.460069 0.636243 0.461558 0.641534 0.467758 0.652116 0.476935 0.653880 0.479415 0.656526 0.480903 0.665785 0.484375 0.672840 0.484871 0.682981 0.486607 0.686508 0.486607 0.689153 0.485863 0.690917 0.483135 0.693122 0.471726 0.691799 0.463294 0.688713 0.459077 0.687831 0.455357 0.686067 0.452877 0.682981 0.450645 0.679453 0.445933 0.674162 0.441220 0.671076 0.436260 0.665785 0.431548 0.655203 0.417907 0.649030 0.414683 0.644180 0.413690 0.634039 0.413442
1 0.560847 0.292659 0.558642 0.292907 0.555996 0.294147 0.543210 0.307292 0.532187 0.321429 0.529982 0.327133 0.525573 0.331101 0.523810 0.334821 0.515432 0.345238 0.515873 0.347222 0.518519 0.348710 0.537037 0.351935 0.541005 0.351438 0.546737 0.351687 0.557760 0.350446 0.561287 0.347470 0.563933 0.337054 0.568342 0.330109 0.569665 0.316468 0.565697 0.298611 0.563051 0.294395
1 0.689594 0.401042 0.679453 0.407986 0.671517 0.416419 0.672840 0.420883 0.679012 0.426835 0.686067 0.437500 0.708554 0.448413 0.717372 0.451141 0.722222 0.453373 0.723545 0.455853 0.727513 0.457837 0.726631 0.462550 0.728836 0.464534 0.739859 0.462798 0.745150 0.460565 0.753086 0.460317 0.764109 0.456845 0.766755 0.455357 0.772487 0.448909 0.772487 0.444940 0.764550 0.436508 0.760141 0.433780 0.757055 0.430308 0.752205 0.428075 0.746032 0.421875 0.737654 0.418155 0.733245 0.414931 0.723986 0.409970 0.697972 0.399802 0.693122 0.400050
1 0.611993 0.417163 0.610229 0.417659 0.608466 0.420139 0.602293 0.423363 0.591711 0.439980 0.588624 0.447421 0.585538 0.458829 0.581570 0.467262 0.581570 0.470486 0.584215 0.472222 0.600088 0.472470 0.609347 0.471478 0.612875 0.469246 0.613757 0.466270 0.616843 0.463542 0.620370 0.457093 0.624339 0.452629 0.624780 0.450645 0.619048 0.435268 0.617725 0.426587 0.615520 0.420883
1 0.782187 0.492808 0.776896 0.494048 0.770723 0.498512 0.767196 0.499256 0.765432 0.500496 0.762346 0.508929 0.761023 0.517113 0.758377 0.521329 0.754409 0.524306 0.751764 0.528274 0.752205 0.532986 0.754850 0.542411 0.758818 0.550347 0.762787 0.551587 0.771164 0.551339 0.776014 0.550347 0.779982 0.550595 0.786155 0.552579 0.794974 0.558780 0.796296 0.560516 0.797178 0.568700 0.794533 0.572421 0.790564 0.574157 0.788360 0.580605 0.790123 0.584821 0.794974 0.588294 0.806437 0.591766 0.815256 0.589038 0.819665 0.580605 0.821869 0.579365 0.828042 0.577629 0.832011 0.575149 0.834215 0.572917 0.834215 0.570685 0.830688 0.558036 0.823192 0.541171 0.820988 0.538690 0.818342 0.533234 0.815256 0.530258 0.810847 0.522321 0.803792 0.513393 0.802469 0.510169 0.799824 0.507937 0.795414 0.498512 0.792328 0.495288 0.789683 0.493800 0.787037 0.493056
1 0.673721 0.545139 0.668871 0.548363 0.669753 0.552331 0.672840 0.555804 0.677249 0.558780 0.684303 0.565228 0.691358 0.576637 0.694004 0.579365 0.697531 0.587054 0.704145 0.591766 0.713845 0.593502 0.716490 0.592014 0.717372 0.589286 0.716490 0.572173 0.708554 0.544147 0.705026 0.541171 0.699735 0.540923 0.690476 0.541915 0.684744 0.543403 0.680776 0.543651 0.677690 0.544891
1 0.720018 0.622520 0.718254 0.623264 0.717372 0.632937 0.716049 0.633929 0.712963 0.634177 0.710317 0.636657 0.704586 0.639385 0.701499 0.641865 0.699295 0.645337 0.692681 0.649554 0.691799 0.652034 0.692240 0.656498 0.695326 0.662946 0.698413 0.666419 0.699735 0.670883 0.703704 0.674355 0.705467 0.678571 0.710317 0.681300 0.717372 0.683036 0.722222 0.681796 0.728395 0.678323 0.729277 0.678819 0.730159 0.682292 0.733245 0.684772 0.735450 0.688988 0.739859 0.689980 0.745591 0.685764 0.748236 0.682292 0.749559 0.677827 0.750000 0.661210 0.748236 0.641617 0.743827 0.635169 0.739418 0.632192 0.733245 0.625744 0.728836 0.624008
1 0.397266 0.368552 0.388448 0.369048 0.384921 0.370288 0.376102 0.371776 0.365520 0.375000 0.361552 0.377232 0.384921 0.390873 0.389771 0.392361 0.392416 0.392361 0.394621 0.390377 0.399030 0.380456 0.399912 0.370784
1 0.405644 0.581845 0.392416 0.583085 0.365961 0.583581 0.363316 0.585565 0.363316 0.591270 0.366402 0.596478 0.368166 0.608879 0.375220 0.624752 0.380952 0.628720 0.383157 0.628472 0.387125 0.625248 0.392857 0.618552 0.395944 0.616319 0.401675 0.608879 0.405644 0.599702 0.408730 0.587550 0.408730 0.583333 0.407848 0.582341
1 0.783510 0.613095 0.782187 0.616567 0.778660 0.619296 0.763668 0.624256 0.760582 0.624256 0.754850 0.625496 0.752646 0.626984 0.750441 0.634673 0.750441 0.651042 0.752205 0.653274 0.754850 0.654018 0.758818 0.653770 0.764991 0.651538 0.766755 0.648810 0.776896 0.638393 0.780864 0.631200 0.782187 0.625744 0.784392 0.623016 0.786155 0.613591
0 0.278660 0.544891 0.272928 0.548363 0.270723 0.553819 0.270723 0.557540 0.274250 0.562996 0.283951 0.569196 0.295855 0.568948 0.307760 0.566964 0.310406 0.565228 0.313933 0.560268 0.316138 0.553075 0.315256 0.548363 0.313933 0.547619 0.309524 0.546875 0.300265 0.546379 0.286596 0.544395 0.280864 0.544395
0 0.205026 0.372520 0.202381 0.374256 0.195326 0.376984 0.187390 0.384425 0.187831 0.390129 0.192240 0.395833 0.195326 0.398313 0.197972 0.399306 0.202381 0.399554 0.213845 0.398065 0.217813 0.398065 0.225309 0.399058 0.235450 0.401786 0.237654 0.401786 0.242504 0.400546 0.242945 0.399554 0.238095 0.390377 0.227072 0.376240 0.221781 0.371032 0.220018 0.370040 0.216931 0.369544
0 0.182099 0.547619 0.174162 0.549851 0.168430 0.553323 0.162698 0.555556 0.149471 0.558284 0.145944 0.559524 0.127425 0.562500 0.125661 0.563740 0.126543 0.571925 0.130071 0.574405 0.138448 0.574157 0.144180 0.572421 0.155644 0.571677 0.162257 0.573165 0.171517 0.578621 0.173280 0.580357 0.172840 0.589782 0.171958 0.593006 0.168871 0.594990 0.168430 0.596726 0.169312 0.597718 0.172840 0.598214 0.178571 0.597470 0.194444 0.591270 0.197972 0.586310 0.201940 0.571677 0.201940 0.564732 0.201058 0.562996 0.193563 0.555804
1 0.646825 0.474950 0.638889 0.469990 0.634921 0.469742 0.630952 0.468254 0.623457 0.466766 0.619489 0.467262 0.615079 0.470734 0.607584 0.472470 0.595679 0.472470 0.580247 0.473710 0.578924 0.474702 0.577601 0.477927 0.577601 0.482887 0.576279 0.485367 0.576720 0.490823 0.579806 0.493056 0.585097 0.493056 0.606261 0.490823 0.614638 0.488591 0.627425 0.488591 0.642416 0.486855 0.644180 0.485863 0.648148 0.480655 0.648589 0.478175
1 0.564815 0.407490 0.559965 0.408482 0.554233 0.413690 0.548501 0.417163 0.541887 0.415427 0.536596 0.415179 0.533510 0.414435 0.524691 0.414187 0.516755 0.415923 0.511905 0.414931 0.506614 0.412946 0.504850 0.412946 0.503968 0.413690 0.501764 0.425843 0.501323 0.435764 0.502205 0.438740 0.509700 0.443452 0.512787 0.444196 0.516755 0.446429 0.520723 0.449653 0.522046 0.449901 0.525132 0.448909 0.529541 0.445933 0.532628 0.444940 0.540564 0.443452 0.548942 0.443452 0.554674 0.445437 0.570988 0.448661 0.573192 0.448661 0.575397 0.447669 0.574956 0.443204 0.570988 0.432044 0.567901 0.413442
