0 0.334239 0.640206 0.323370 0.638144 0.305707 0.643299 0.296196 0.649485 0.281250 0.665979 0.279891 0.682474 0.282609 0.686598 0.286685 0.686598 0.293478 0.677320 0.317935 0.658763 0.330163 0.652577 0.335598 0.646392
0 0.328804 0.719588 0.327446 0.725773 0.331522 0.737113 0.330163 0.760825 0.335598 0.764948 0.351902 0.769072 0.364130 0.768041 0.366848 0.743299 0.362772 0.736082 0.342391 0.719588
0 0.453804 0.565979 0.442935 0.581443 0.442935 0.591753 0.467391 0.596907 0.489130 0.612371 0.491848 0.626804 0.498641 0.630928 0.501359 0.637113 0.521739 0.636082 0.533967 0.640206 0.546196 0.639175 0.561141 0.630928 0.563859 0.613402 0.559783 0.602062 0.535326 0.574227 0.528533 0.571134 0.505435 0.568041 0.485054 0.558763 0.470109 0.558763
0 0.661685 0.319588 0.642663 0.318557 0.625000 0.323711 0.604620 0.340206 0.555707 0.360825 0.464674 0.421649 0.448370 0.428866 0.427989 0.445361 0.408967 0.455670 0.391304 0.469072 0.384511 0.482474 0.392663 0.497938 0.486413 0.553608 0.533967 0.570103 0.544837 0.570103 0.567935 0.562887 0.593750 0.562887 0.603261 0.560825 0.614130 0.535052 0.629076 0.522680 0.654891 0.516495 0.690217 0.501031 0.706522 0.498969 0.722826 0.484536 0.733696 0.479381 0.751359 0.474227 0.797554 0.468041 0.805707 0.464948 0.813859 0.458763 0.819293 0.446392 0.820652 0.434021 0.813859 0.419588 0.790761 0.407216 0.763587 0.396907 0.709239 0.386598 0.702446 0.378351 0.703804 0.363918 0.699728 0.356701 0.682065 0.343299 0.675272 0.327835
0 0.161685 0.475258 0.139946 0.481443 0.133152 0.485567 0.129076 0.503093 0.123641 0.512371 0.110054 0.521649 0.110054 0.558763 0.126359 0.592784 0.131793 0.596907 0.146739 0.630928 0.163043 0.643299 0.201087 0.692784 0.211957 0.695876 0.221467 0.688660 0.240489 0.681443 0.273098 0.679381 0.282609 0.660825 0.294837 0.645361 0.285326 0.635052 0.281250 0.624742 0.266304 0.611340 0.240489 0.601031 0.226902 0.590722 0.217391 0.564948 0.179348 0.523711 0.175272 0.513402 0.180707 0.498969 0.176630 0.482474 0.172554 0.478351
0 0.441576 0.342268 0.421196 0.353608 0.421196 0.358763 0.438859 0.377320 0.467391 0.398969 0.470109 0.405155 0.461957 0.409278 0.459239 0.419588 0.463315 0.420619 0.470109 0.413402 0.487772 0.405155 0.510870 0.387629 0.510870 0.381443 0.487772 0.354639 0.474185 0.346392 0.457880 0.342268
0 0.396739 0.346392 0.383152 0.351546 0.361413 0.370103 0.358696 0.377320 0.375000 0.391753 0.410326 0.412371 0.427989 0.428866 0.429348 0.437113 0.432065 0.437113 0.441576 0.429897 0.461957 0.420619 0.467391 0.416495 0.468750 0.409278 0.452446 0.385567 0.425272 0.363918 0.422554 0.358763 0.408967 0.348454
0 0.353261 0.377320 0.319293 0.401031 0.320652 0.412371 0.338315 0.428866 0.370924 0.445361 0.391304 0.463918 0.394022 0.463918 0.434783 0.437113 0.434783 0.429897 0.407609 0.407216 0.387228 0.397938 0.361413 0.379381
0 0.274457 0.411340 0.275815 0.416495 0.273098 0.420619 0.278533 0.422680 0.283967 0.435052 0.316576 0.456701 0.360054 0.492784 0.368207 0.489691 0.369565 0.486598 0.377717 0.484536 0.384511 0.472165 0.389946 0.468041 0.387228 0.455670 0.360054 0.438144 0.346467 0.434021 0.320652 0.412371 0.311141 0.400000 0.298913 0.402062 0.286685 0.411340
0 0.237772 0.423711 0.230978 0.432990 0.220109 0.439175 0.218750 0.445361 0.207880 0.455670 0.205163 0.462887 0.216033 0.468041 0.224185 0.467010 0.233696 0.469072 0.236413 0.465979 0.270380 0.487629 0.274457 0.492784 0.290761 0.501031 0.345109 0.550515 0.377717 0.576289 0.389946 0.582474 0.391304 0.588660 0.434783 0.587629 0.445652 0.571134 0.457880 0.558763 0.457880 0.542268 0.434783 0.524742 0.411685 0.514433 0.392663 0.502062 0.373641 0.485567 0.361413 0.487629 0.358696 0.484536 0.346467 0.481443 0.273098 0.425773 0.252717 0.418557
0 0.164402 0.470103 0.163043 0.476289 0.179348 0.495876 0.175272 0.507216 0.177989 0.520619 0.188859 0.536082 0.210598 0.554639 0.226902 0.578351 0.232337 0.591753 0.251359 0.605155 0.286685 0.621649 0.324728 0.623711 0.350543 0.615464 0.375000 0.595876 0.389946 0.589691 0.389946 0.585567 0.381793 0.576289 0.369565 0.570103 0.343750 0.550515 0.319293 0.525773 0.305707 0.519588 0.283967 0.497938 0.255435 0.478351 0.247283 0.481443 0.237772 0.481443 0.217391 0.473196 0.187500 0.465979 0.172554 0.467010
2 0.798913 0.471134 0.751359 0.475258 0.747283 0.479381 0.726902 0.486598 0.705163 0.503093 0.683424 0.507216 0.625000 0.529897 0.616848 0.536082 0.605978 0.560825 0.589674 0.564948 0.563859 0.564948 0.547554 0.573196 0.547554 0.584536 0.561141 0.602062 0.565217 0.613402 0.565217 0.631959 0.567935 0.635052 0.580163 0.640206 0.592391 0.639175 0.600543 0.631959 0.614130 0.611340 0.629076 0.606186 0.649457 0.606186 0.658967 0.612371 0.664402 0.624742 0.694293 0.647423 0.702446 0.659794 0.702446 0.671134 0.711957 0.682474 0.722826 0.688660 0.748641 0.693814 0.781250 0.712371 0.796196 0.710309 0.816576 0.696907 0.834239 0.689691 0.850543 0.676289 0.866848 0.652577 0.868207 0.643299 0.875000 0.632990 0.876359 0.596907 0.879076 0.593814 0.879076 0.576289 0.872283 0.560825 0.872283 0.544330 0.860054 0.519588 0.827446 0.485567
1 0.379076 0.778351 0.381793 0.794845 0.389946 0.815464 0.388587 0.835052 0.395380 0.840206 0.423913 0.848454 0.441576 0.851546 0.459239 0.851546 0.464674 0.849485 0.512228 0.847423 0.528533 0.842268 0.543478 0.826804 0.562500 0.820619 0.570652 0.815464 0.548913 0.793814 0.544837 0.785567 0.529891 0.779381 0.517663 0.780412 0.502717 0.800000 0.482337 0.801031 0.445652 0.794845 0.436141 0.790722 0.402174 0.789691 0.383152 0.783505 0.381793 0.777320
1 0.379076 0.678351 0.355978 0.691753 0.349185 0.700000 0.351902 0.709278 0.358696 0.712371 0.360054 0.716495 0.379076 0.732990 0.396739 0.734021 0.426630 0.717526 0.429348 0.713402 0.429348 0.692784 0.413043 0.681443
1 0.457880 0.665979 0.460598 0.668041 0.527174 0.671134 0.521739 0.657732 0.516304 0.654639 0.514946 0.649485 0.498641 0.644330 0.482337 0.646392 0.476902 0.655670 0.466033 0.663918
1 0.523098 0.654639 0.523098 0.662887 0.531250 0.671134 0.551630 0.678351 0.569293 0.688660 0.584239 0.689691 0.588315 0.685567 0.589674 0.667010 0.585598 0.651546 0.576087 0.643299 0.569293 0.640206 0.558424 0.640206 0.544837 0.648454 0.527174 0.651546
1 0.618207 0.609278 0.610054 0.616495 0.585598 0.653608 0.595109 0.700000 0.605978 0.714433 0.615489 0.722680 0.629076 0.726804 0.665761 0.727835 0.692935 0.736082 0.732337 0.751546 0.735054 0.755670 0.748641 0.760825 0.764946 0.749485 0.779891 0.730928 0.779891 0.718557 0.754076 0.700000 0.728261 0.696907 0.703804 0.682474 0.698370 0.673196 0.698370 0.660825 0.691576 0.646392 0.682065 0.638144 0.664402 0.628866 0.653533 0.609278 0.642663 0.606186
1 0.387228 0.594845 0.370924 0.603093 0.357337 0.615464 0.343750 0.634021 0.342391 0.643299 0.345109 0.646392 0.370924 0.647423 0.391304 0.655670 0.404891 0.664948 0.406250 0.682474 0.414402 0.684536 0.418478 0.688660 0.427989 0.688660 0.432065 0.685567 0.437500 0.673196 0.448370 0.663918 0.464674 0.664948 0.474185 0.662887 0.479620 0.657732 0.483696 0.643299 0.480978 0.625773 0.475543 0.614433 0.467391 0.606186 0.444293 0.594845 0.411685 0.591753
0 0.767663 0.774227 0.752717 0.765979 0.736413 0.765979 0.724185 0.770103 0.722826 0.783505 0.713315 0.792784 0.687500 0.796907 0.657609 0.808247 0.648098 0.814433 0.639946 0.828866 0.639946 0.839175 0.648098 0.843299 0.673913 0.840206 0.701087 0.831959 0.735054 0.816495 0.756793 0.803093 0.769022 0.787629
0 0.714674 0.758763 0.683424 0.736082 0.671196 0.730928 0.605978 0.728866 0.578804 0.734021 0.577446 0.742268 0.586957 0.752577 0.597826 0.772165 0.601902 0.803093 0.597826 0.811340 0.581522 0.815464 0.574728 0.820619 0.563859 0.821649 0.559783 0.827835 0.547554 0.828866 0.540761 0.834021 0.540761 0.841237 0.548913 0.846392 0.608696 0.846392 0.625000 0.842268 0.641304 0.827835 0.646739 0.814433 0.649457 0.780412 0.652174 0.778351 0.668478 0.779381 0.687500 0.793814 0.711957 0.793814 0.722826 0.784536 0.722826 0.771134
0 0.384511 0.754639 0.383152 0.768041 0.385870 0.777320 0.394022 0.785567 0.402174 0.788660 0.436141 0.788660 0.448370 0.794845 0.485054 0.801031 0.498641 0.801031 0.506793 0.796907 0.512228 0.784536 0.523098 0.775258 0.536685 0.779381 0.546196 0.786598 0.555707 0.801031 0.572011 0.810309 0.581522 0.811340 0.591033 0.809278 0.601902 0.802062 0.595109 0.767010 0.585598 0.748454 0.570652 0.735052 0.542120 0.723711 0.525815 0.722680 0.514946 0.718557 0.468750 0.710309 0.453804 0.710309 0.430707 0.718557 0.407609 0.730928 0.391304 0.744330
0 0.437500 0.680412 0.437500 0.702062 0.449728 0.706186 0.464674 0.707216 0.485054 0.714433 0.500000 0.715464 0.529891 0.722680 0.547554 0.722680 0.559783 0.717526 0.570652 0.702062 0.569293 0.692784 0.559783 0.684536 0.544837 0.677320 0.517663 0.670103 0.455163 0.668041 0.445652 0.671134
0 0.399457 0.661856 0.389946 0.654639 0.370924 0.648454 0.350543 0.647423 0.336957 0.649485 0.315217 0.658763 0.289402 0.678351 0.286685 0.687629 0.309783 0.705155 0.338315 0.701031 0.376359 0.678351 0.385870 0.676289 0.400815 0.677320 0.402174 0.669072
0 0.225543 0.687629 0.211957 0.698969 0.201087 0.726804 0.203804 0.741237 0.225543 0.758763 0.233696 0.772165 0.247283 0.782474 0.260870 0.775258 0.267663 0.781443 0.281250 0.785567 0.307065 0.780412 0.326087 0.762887 0.328804 0.756701 0.330163 0.732990 0.324728 0.720619 0.282609 0.687629 0.270380 0.682474 0.251359 0.680412
0 0.250000 0.779381 0.248641 0.790722 0.251359 0.796907 0.269022 0.810309 0.289402 0.819588 0.339674 0.835052 0.375000 0.838144 0.387228 0.832990 0.388587 0.815464 0.385870 0.806186 0.372283 0.783505 0.357337 0.772165 0.332880 0.764948 0.326087 0.764948 0.309783 0.777320 0.292120 0.784536 0.283967 0.785567 0.275815 0.783505 0.263587 0.776289
