0 0.558750 0.423333 0.548750 0.423333 0.532500 0.440000 0.515000 0.480000 0.510000 0.508333 0.510000 0.536667 0.513750 0.556667 0.513750 0.595000 0.511250 0.610000 0.515000 0.656667 0.525000 0.678333 0.547500 0.703333 0.555000 0.700000 0.557500 0.678333 0.562500 0.671667 0.562500 0.653333 0.558750 0.643333 0.560000 0.616667 0.547500 0.598333 0.553750 0.578333 0.551250 0.533333 0.560000 0.506667 0.563750 0.478333 0.577500 0.461667 0.576250 0.445000
1 0.231250 0.501667 0.220000 0.516667 0.218750 0.530000 0.230000 0.548333 0.235000 0.563333 0.242500 0.565000 0.245000 0.521667 0.240000 0.505000
1 0.442500 0.206667 0.445000 0.211667 0.448750 0.211667 0.455000 0.203333 0.463750 0.200000 0.470000 0.188333 0.481250 0.186667 0.485000 0.195000 0.496250 0.196667 0.500000 0.201667 0.518750 0.198333 0.528750 0.193333 0.530000 0.180000 0.516250 0.175000 0.503750 0.178333 0.497500 0.171667 0.485000 0.170000 0.483750 0.166667 0.460000 0.171667 0.453750 0.176667 0.451250 0.186667 0.445000 0.190000
1 0.481250 0.221667 0.476250 0.225000 0.472500 0.238333 0.486250 0.250000 0.488750 0.245000 0.488750 0.231667
1 0.436250 0.281667 0.430000 0.283333 0.426250 0.290000 0.428750 0.311667 0.433750 0.311667 0.443750 0.295000
1 0.485000 0.253333 0.477500 0.243333 0.470000 0.241667 0.450000 0.255000 0.431250 0.258333 0.415000 0.270000 0.405000 0.283333 0.403750 0.293333 0.412500 0.293333 0.420000 0.281667 0.435000 0.281667 0.442500 0.293333 0.451250 0.293333 0.460000 0.300000 0.467500 0.291667 0.475000 0.271667 0.481250 0.275000 0.485000 0.271667
1 0.317500 0.293333 0.317500 0.313333 0.323750 0.330000 0.323750 0.348333 0.326250 0.353333 0.326250 0.373333 0.321250 0.380000 0.320000 0.376667 0.317500 0.378333 0.326250 0.388333 0.323750 0.393333 0.327500 0.396667 0.330000 0.410000 0.333750 0.415000 0.338750 0.413333 0.348750 0.391667 0.360000 0.381667 0.367500 0.381667 0.376250 0.391667 0.397500 0.395000 0.412500 0.390000 0.418750 0.393333 0.427500 0.413333 0.430000 0.430000 0.436250 0.431667 0.445000 0.420000 0.453750 0.383333 0.461250 0.366667 0.458750 0.361667 0.468750 0.356667 0.468750 0.346667 0.471250 0.343333 0.482500 0.341667 0.482500 0.336667 0.476250 0.330000 0.440000 0.328333 0.420000 0.313333 0.407500 0.311667 0.405000 0.306667 0.397500 0.310000 0.391250 0.308333 0.388750 0.311667 0.365000 0.311667 0.358750 0.306667 0.346250 0.306667 0.341250 0.293333 0.330000 0.298333 0.323750 0.293333
1 0.746250 0.470000 0.742500 0.475000 0.743750 0.485000 0.746250 0.488333 0.753750 0.488333 0.756250 0.476667 0.751250 0.470000
1 0.495000 0.761667 0.501250 0.778333 0.507500 0.781667 0.515000 0.780000 0.515000 0.773333 0.501250 0.758333
1 0.568750 0.775000 0.556250 0.778333 0.553750 0.781667 0.553750 0.791667 0.556250 0.795000 0.563750 0.793333 0.568750 0.786667
1 0.491250 0.793333 0.490000 0.806667 0.500000 0.821667 0.505000 0.821667 0.507500 0.818333 0.506250 0.808333 0.497500 0.793333
1 0.685000 0.395000 0.672500 0.426667 0.670000 0.440000 0.671250 0.455000 0.680000 0.458333 0.690000 0.450000 0.707500 0.451667 0.717500 0.445000 0.718750 0.470000 0.736250 0.476667 0.740000 0.471667 0.740000 0.453333 0.726250 0.415000 0.718750 0.405000 0.717500 0.391667 0.707500 0.391667 0.705000 0.396667 0.693750 0.391667
1 0.722500 0.478333 0.718750 0.481667 0.715000 0.516667 0.707500 0.530000 0.707500 0.538333 0.722500 0.565000 0.736250 0.566667 0.746250 0.561667 0.750000 0.555000 0.746250 0.498333 0.740000 0.483333
1 0.525000 0.268333 0.523750 0.280000 0.526250 0.285000 0.533750 0.290000 0.552500 0.293333 0.575000 0.308333 0.582500 0.306667 0.581250 0.276667 0.585000 0.271667 0.582500 0.266667 0.575000 0.266667 0.557500 0.253333 0.548750 0.251667 0.531250 0.260000
1 0.345000 0.693333 0.347500 0.710000 0.362500 0.733333 0.401250 0.736667 0.408750 0.735000 0.412500 0.730000 0.397500 0.696667 0.381250 0.678333 0.351250 0.686667
1 0.422500 0.720000 0.418750 0.728333 0.422500 0.740000 0.455000 0.760000 0.463750 0.756667 0.461250 0.750000 0.453750 0.745000 0.455000 0.741667 0.470000 0.743333 0.473750 0.748333 0.466250 0.751667 0.467500 0.760000 0.470000 0.763333 0.477500 0.763333 0.486250 0.783333 0.491250 0.786667 0.492500 0.766667 0.475000 0.721667 0.470000 0.718333 0.455000 0.720000 0.452500 0.711667 0.430000 0.715000
0 0.430000 0.316667 0.435000 0.325000 0.442500 0.316667 0.450000 0.321667 0.442500 0.326667 0.438750 0.336667 0.442500 0.335000 0.447500 0.341667 0.453750 0.343333 0.462500 0.361667 0.476250 0.356667 0.495000 0.330000 0.516250 0.318333 0.521250 0.320000 0.528750 0.328333 0.546250 0.335000 0.555000 0.346667 0.553750 0.381667 0.547500 0.406667 0.548750 0.416667 0.560000 0.416667 0.568750 0.408333 0.575000 0.408333 0.576250 0.421667 0.581250 0.423333 0.601250 0.416667 0.608750 0.406667 0.613750 0.405000 0.623750 0.415000 0.626250 0.428333 0.631250 0.425000 0.631250 0.390000 0.623750 0.358333 0.602500 0.326667 0.587500 0.311667 0.565000 0.305000 0.553750 0.296667 0.537500 0.295000 0.521250 0.283333 0.475000 0.278333 0.467500 0.283333 0.467500 0.296667 0.462500 0.301667 0.463750 0.305000 0.457500 0.316667 0.452500 0.315000 0.452500 0.291667 0.447500 0.291667 0.437500 0.311667
0 0.441250 0.696667 0.441250 0.721667 0.450000 0.721667 0.455000 0.733333 0.457500 0.728333 0.463750 0.726667 0.461250 0.715000 0.475000 0.710000 0.477500 0.713333 0.472500 0.721667 0.486250 0.746667 0.490000 0.750000 0.497500 0.746667 0.502500 0.756667 0.521250 0.768333 0.533750 0.765000 0.536250 0.770000 0.543750 0.771667 0.547500 0.765000 0.556250 0.765000 0.558750 0.768333 0.577500 0.760000 0.580000 0.750000 0.585000 0.753333 0.593750 0.745000 0.595000 0.721667 0.600000 0.723333 0.608750 0.706667 0.608750 0.671667 0.571250 0.673333 0.563750 0.691667 0.566250 0.698333 0.565000 0.705000 0.548750 0.706667 0.517500 0.666667 0.511250 0.650000 0.507500 0.603333 0.501250 0.601667 0.498750 0.623333 0.495000 0.626667 0.491250 0.643333 0.482500 0.641667 0.468750 0.650000 0.460000 0.668333 0.446250 0.681667
0 0.326250 0.458333 0.311250 0.460000 0.306250 0.466667 0.295000 0.493333 0.281250 0.550000 0.282500 0.615000 0.288750 0.653333 0.300000 0.676667 0.301250 0.686667 0.312500 0.693333 0.322500 0.688333 0.323750 0.655000 0.321250 0.630000 0.325000 0.625000 0.327500 0.556667 0.331250 0.533333 0.327500 0.508333 0.332500 0.498333 0.332500 0.470000
0 0.415000 0.396667 0.406250 0.395000 0.396250 0.401667 0.380000 0.401667 0.372500 0.390000 0.361250 0.385000 0.343750 0.400000 0.340000 0.410000 0.341250 0.418333 0.336250 0.426667 0.333750 0.568333 0.327500 0.598333 0.328750 0.641667 0.326250 0.671667 0.327500 0.678333 0.332500 0.683333 0.347500 0.685000 0.367500 0.676667 0.383750 0.656667 0.386250 0.626667 0.383750 0.623333 0.382500 0.593333 0.387500 0.583333 0.391250 0.533333 0.412500 0.491667 0.415000 0.471667 0.425000 0.436667 0.425000 0.416667 0.422500 0.406667
0 0.543750 0.335000 0.530000 0.331667 0.517500 0.321667 0.495000 0.330000 0.477500 0.356667 0.462500 0.370000 0.453750 0.386667 0.451250 0.408333 0.445000 0.423333 0.421250 0.446667 0.412500 0.491667 0.400000 0.511667 0.400000 0.528333 0.392500 0.540000 0.388750 0.538333 0.387500 0.646667 0.391250 0.648333 0.392500 0.640000 0.396250 0.645000 0.396250 0.676667 0.403750 0.698333 0.406250 0.716667 0.411250 0.721667 0.417500 0.721667 0.437500 0.701667 0.441250 0.603333 0.438750 0.558333 0.433750 0.533333 0.455000 0.501667 0.460000 0.500000 0.465000 0.486667 0.485000 0.455000 0.495000 0.446667 0.521250 0.438333 0.543750 0.406667 0.547500 0.398333 0.552500 0.366667 0.552500 0.345000
0 0.498750 0.448333 0.485000 0.456667 0.453750 0.506667 0.451250 0.516667 0.438750 0.536667 0.440000 0.576667 0.447500 0.626667 0.468750 0.621667 0.486250 0.628333 0.492500 0.623333 0.501250 0.591667 0.502500 0.551667 0.507500 0.523333 0.507500 0.496667 0.501250 0.480000 0.502500 0.465000
0 0.615000 0.408333 0.610000 0.408333 0.568750 0.476667 0.568750 0.500000 0.558750 0.513333 0.553750 0.526667 0.555000 0.593333 0.561250 0.618333 0.560000 0.640000 0.562500 0.653333 0.570000 0.663333 0.590000 0.670000 0.598750 0.670000 0.605000 0.660000 0.600000 0.548333 0.601250 0.525000 0.613750 0.488333 0.617500 0.466667 0.618750 0.426667
0 0.628750 0.445000 0.618750 0.458333 0.616250 0.481667 0.608750 0.501667 0.610000 0.515000 0.605000 0.531667 0.606250 0.555000 0.601250 0.566667 0.601250 0.576667 0.606250 0.596667 0.630000 0.631667 0.643750 0.636667 0.648750 0.643333 0.650000 0.666667 0.646250 0.673333 0.645000 0.705000 0.642500 0.706667 0.642500 0.711667 0.647500 0.716667 0.650000 0.711667 0.661250 0.706667 0.665000 0.696667 0.677500 0.690000 0.675000 0.685000 0.680000 0.680000 0.697500 0.681667 0.702500 0.686667 0.718750 0.683333 0.737500 0.653333 0.732500 0.633333 0.721250 0.621667 0.705000 0.570000 0.706250 0.550000 0.703750 0.531667 0.707500 0.525000 0.712500 0.498333 0.710000 0.471667 0.705000 0.460000 0.700000 0.455000 0.693750 0.455000 0.685000 0.465000 0.678750 0.466667 0.672500 0.463333 0.670000 0.456667 0.656250 0.450000
0 0.275000 0.390000 0.262500 0.406667 0.252500 0.405000 0.243750 0.426667 0.240000 0.451667 0.243750 0.455000 0.243750 0.483333 0.252500 0.486667 0.248750 0.493333 0.248750 0.511667 0.255000 0.518333 0.252500 0.540000 0.260000 0.555000 0.256250 0.565000 0.261250 0.590000 0.257500 0.595000 0.258750 0.608333 0.267500 0.608333 0.266250 0.625000 0.273750 0.628333 0.271250 0.633333 0.267500 0.631667 0.267500 0.643333 0.272500 0.646667 0.270000 0.651667 0.280000 0.651667 0.280000 0.610000 0.276250 0.605000 0.280000 0.595000 0.278750 0.560000 0.282500 0.531667 0.296250 0.500000 0.297500 0.486667 0.312500 0.465000 0.315000 0.451667 0.312500 0.425000 0.298750 0.411667 0.296250 0.391667
