1 0.440000 0.100000 0.435000 0.108333 0.423750 0.111667 0.411250 0.131667 0.406250 0.156667 0.406250 0.185000 0.410000 0.213333 0.422500 0.250000 0.428750 0.256667 0.436250 0.273333 0.457500 0.288333 0.463750 0.283333 0.475000 0.285000 0.477500 0.275000 0.483750 0.271667 0.492500 0.240000 0.491250 0.166667 0.483750 0.135000 0.467500 0.106667 0.455000 0.100000
1 0.645000 0.706667 0.637500 0.713333 0.635000 0.725000 0.641250 0.738333 0.647500 0.740000 0.656250 0.731667 0.656250 0.721667
0 0.592500 0.641667 0.581250 0.643333 0.571250 0.653333 0.563750 0.666667 0.560000 0.690000 0.540000 0.721667 0.537500 0.733333 0.510000 0.758333 0.498750 0.788333 0.485000 0.808333 0.481250 0.833333 0.466250 0.845000 0.463750 0.856667 0.467500 0.865000 0.466250 0.870000 0.470000 0.873333 0.490000 0.875000 0.491250 0.881667 0.498750 0.891667 0.503750 0.893333 0.507500 0.898333 0.507500 0.905000 0.512500 0.908333 0.531250 0.905000 0.546250 0.890000 0.557500 0.856667 0.575000 0.831667 0.593750 0.815000 0.602500 0.791667 0.611250 0.780000 0.623750 0.728333 0.618750 0.690000 0.620000 0.683333 0.617500 0.681667 0.620000 0.676667
0 0.451250 0.375000 0.443750 0.371667 0.435000 0.373333 0.407500 0.388333 0.370000 0.398333 0.356250 0.408333 0.327500 0.418333 0.305000 0.438333 0.290000 0.465000 0.282500 0.466667 0.273750 0.478333 0.267500 0.493333 0.267500 0.508333 0.280000 0.511667 0.298750 0.490000 0.328750 0.485000 0.368750 0.461667 0.395000 0.456667 0.408750 0.443333 0.437500 0.428333 0.452500 0.413333 0.457500 0.403333
0 0.445000 0.316667 0.435000 0.306667 0.421250 0.306667 0.417500 0.301667 0.417500 0.285000 0.406250 0.265000 0.397500 0.258333 0.386250 0.261667 0.368750 0.236667 0.357500 0.235000 0.347500 0.241667 0.336250 0.243333 0.330000 0.253333 0.303750 0.278333 0.302500 0.286667 0.305000 0.293333 0.301250 0.311667 0.303750 0.336667 0.300000 0.343333 0.280000 0.355000 0.268750 0.400000 0.268750 0.410000 0.275000 0.415000 0.292500 0.411667 0.305000 0.425000 0.315000 0.426667 0.328750 0.415000 0.357500 0.405000 0.361250 0.398333 0.382500 0.386667 0.391250 0.376667 0.411250 0.371667 0.432500 0.371667 0.437500 0.366667 0.436250 0.346667 0.438750 0.336667 0.445000 0.328333
2 0.711250 0.220000 0.665000 0.206667 0.653750 0.200000 0.608750 0.198333 0.592500 0.206667 0.570000 0.233333 0.533750 0.260000 0.530000 0.266667 0.530000 0.278333 0.520000 0.291667 0.491250 0.310000 0.478750 0.325000 0.466250 0.358333 0.465000 0.378333 0.471250 0.396667 0.473750 0.421667 0.482500 0.446667 0.483750 0.465000 0.481250 0.485000 0.483750 0.493333 0.500000 0.515000 0.512500 0.521667 0.522500 0.536667 0.522500 0.545000 0.528750 0.548333 0.535000 0.561667 0.545000 0.563333 0.547500 0.566667 0.547500 0.576667 0.557500 0.581667 0.562500 0.590000 0.577500 0.591667 0.583750 0.588333 0.590000 0.593333 0.626250 0.593333 0.635000 0.588333 0.655000 0.588333 0.670000 0.583333 0.678750 0.571667 0.712500 0.563333 0.742500 0.526667 0.773750 0.468333 0.782500 0.401667 0.781250 0.360000 0.775000 0.326667 0.748750 0.268333 0.731250 0.250000
1 0.787500 0.556667 0.782500 0.560000 0.773750 0.583333 0.766250 0.586667 0.751250 0.568333 0.748750 0.556667 0.750000 0.531667 0.743750 0.530000 0.731250 0.548333 0.707500 0.570000 0.686250 0.571667 0.675000 0.578333 0.671250 0.586667 0.610000 0.601667 0.606250 0.610000 0.612500 0.613333 0.637500 0.603333 0.678750 0.595000 0.688750 0.598333 0.708750 0.595000 0.715000 0.586667 0.715000 0.593333 0.723750 0.593333 0.726250 0.590000 0.748750 0.593333 0.751250 0.621667 0.772500 0.625000 0.782500 0.611667 0.778750 0.598333 0.781250 0.583333 0.787500 0.571667
1 0.655000 0.740000 0.642500 0.743333 0.617500 0.788333 0.613750 0.803333 0.615000 0.820000 0.620000 0.818333 0.625000 0.791667 0.630000 0.785000 0.632500 0.788333 0.628750 0.806667 0.632500 0.810000 0.641250 0.791667 0.658750 0.768333
1 0.583750 0.595000 0.582500 0.603333 0.586250 0.610000 0.600000 0.620000 0.605000 0.616667 0.605000 0.598333 0.592500 0.596667 0.590000 0.593333
1 0.747500 0.648333 0.737500 0.676667 0.745000 0.681667 0.753750 0.681667 0.758750 0.675000 0.758750 0.656667 0.755000 0.648333
1 0.726250 0.626667 0.727500 0.635000 0.741250 0.640000 0.750000 0.635000 0.750000 0.625000 0.743750 0.620000 0.732500 0.621667
1 0.661250 0.641667 0.653750 0.651667 0.657500 0.666667 0.675000 0.675000 0.680000 0.663333 0.678750 0.645000 0.673750 0.640000
1 0.678750 0.778333 0.676250 0.798333 0.688750 0.803333 0.693750 0.800000 0.693750 0.783333 0.686250 0.775000
0 0.286000 0.589333 0.290212 0.664183 0.328813 0.618333 0.363200 0.566883 0.425650 0.514483 0.475475 0.485483 0.481088 0.458333 0.474075 0.443367 0.458625 0.453667 0.426350 0.483600 0.393375 0.506067 0.366700 0.522900 0.339338 0.556583 0.316875 0.573433 0.294425 0.580917
1 0.723750 0.591667 0.712500 0.590000 0.708750 0.595000 0.695000 0.598333 0.695000 0.613333 0.705000 0.628333 0.720000 0.625000 0.730000 0.606667 0.730000 0.600000
1 0.732500 0.591667 0.728750 0.615000 0.733750 0.620000 0.747500 0.618333 0.752500 0.603333 0.751250 0.595000 0.746250 0.590000
1 0.810000 0.583333 0.807500 0.580000 0.786250 0.583333 0.781250 0.588333 0.780000 0.598333 0.785000 0.603333 0.801250 0.601667 0.808750 0.596667
0 0.340037 0.748400 0.333725 0.732483 0.355475 0.679150 0.355475 0.654833 0.415125 0.592133 0.471262 0.546300 0.502138 0.515417 0.515475 0.541617 0.491613 0.573433 0.464950 0.622083 0.432663 0.674483 0.408813 0.715650 0.410213 0.740917
0 0.326000 0.738100 0.287400 0.693183 0.295125 0.658567 0.334425 0.618333 0.360388 0.575300 0.422137 0.520100 0.469862 0.490150 0.483900 0.506067 0.485300 0.528517 0.392662 0.610850 0.354775 0.654833 0.342850 0.703483
0 0.462137 0.772717 0.413013 0.785817 0.418625 0.711833 0.460037 0.639867 0.509862 0.549100 0.537925 0.586533 0.548450 0.611783 0.524600 0.614600 0.523188 0.636117 0.511262 0.654833 0.506375 0.689500 0.496500 0.719333 0.474775 0.725000 0.458625 0.732483
0 0.281087 0.517283 0.281087 0.581850 0.316175 0.571550 0.363900 0.520100 0.406000 0.497633 0.460037 0.448050 0.469862 0.414367 0.443188 0.428400 0.413013 0.443367 0.384950 0.465833 0.364600 0.466767 0.330912 0.489217 0.296525 0.494833
0 0.553750 0.631667 0.540000 0.621667 0.532500 0.621667 0.527500 0.628333 0.522500 0.650000 0.508750 0.668333 0.506250 0.711667 0.491250 0.728333 0.478750 0.725000 0.465000 0.731667 0.463750 0.753333 0.468750 0.761667 0.477500 0.765000 0.498750 0.763333 0.528750 0.740000 0.536250 0.730000 0.557500 0.690000 0.563750 0.670000 0.562500 0.646667
1 0.778750 0.650000 0.768750 0.650000 0.762500 0.658333 0.760000 0.680000 0.765000 0.686667 0.773750 0.688333 0.781250 0.681667 0.783750 0.658333
1 0.727500 0.781667 0.723750 0.795000 0.730000 0.816667 0.736250 0.820000 0.741250 0.816667 0.742500 0.810000 0.741250 0.788333 0.736250 0.781667
1 0.723750 0.795000 0.712500 0.796667 0.702500 0.805000 0.703750 0.816667 0.712500 0.831667 0.725000 0.830000 0.730000 0.823333 0.728750 0.808333
1 0.686250 0.811667 0.683750 0.816667 0.685000 0.835000 0.701250 0.836667 0.705000 0.831667 0.702500 0.815000
1 0.628750 0.710000 0.625000 0.715000 0.625000 0.733333 0.636250 0.736667 0.637500 0.710000
1 0.631250 0.738333 0.622500 0.740000 0.622500 0.768333 0.628750 0.766667 0.636250 0.751667
1 0.653750 0.688333 0.647500 0.700000 0.651250 0.715000 0.665000 0.730000 0.675000 0.726667 0.678750 0.720000 0.677500 0.705000 0.663750 0.690000
1 0.681250 0.731667 0.665000 0.733333 0.658750 0.740000 0.658750 0.748333 0.663750 0.761667 0.672500 0.771667 0.678750 0.768333 0.686250 0.751667 0.683750 0.740000 0.680000 0.736667
1 0.655000 0.778333 0.653750 0.788333 0.660000 0.801667 0.665000 0.805000 0.686250 0.803333 0.678750 0.791667 0.676250 0.778333 0.663750 0.773333
1 0.688750 0.836667 0.688750 0.856667 0.695000 0.868333 0.706250 0.868333 0.718750 0.861667 0.718750 0.845000 0.715000 0.838333 0.702500 0.835000
1 0.568750 0.075000 0.532500 0.078333 0.508750 0.103333 0.497500 0.133333 0.493750 0.155000 0.493750 0.190000 0.500000 0.213333 0.510000 0.231667 0.528750 0.241667 0.536250 0.250000 0.546250 0.248333 0.556250 0.235000 0.573750 0.226667 0.585000 0.213333 0.603750 0.166667 0.602500 0.115000 0.600000 0.106667 0.577500 0.078333
