2 0.218462 0.493132 0.189231 0.508242 0.180000 0.519231 0.176923 0.539835 0.180000 0.552198 0.195385 0.574176 0.218462 0.592033 0.229231 0.597527 0.241538 0.598901 0.276923 0.583791 0.289231 0.557692 0.287692 0.532967 0.278462 0.517857 0.241538 0.494505
0 0.536923 0.388736 0.532308 0.392857 0.533846 0.407967 0.530769 0.420330 0.538462 0.424451 0.543077 0.446429 0.521538 0.480769 0.515385 0.538462 0.515385 0.576923 0.523077 0.607143 0.532308 0.615385 0.543077 0.616758 0.552308 0.611264 0.556923 0.601648 0.556923 0.565934 0.566154 0.527473 0.578462 0.494505 0.604615 0.467033 0.609231 0.457418 0.601538 0.432692 0.592308 0.417582 0.564615 0.394231 0.547692 0.388736
0 0.786154 0.440934 0.769231 0.436813 0.733846 0.436813 0.721538 0.439560 0.703077 0.453297 0.690769 0.472527 0.693846 0.498626 0.692308 0.531593 0.686154 0.546703 0.676923 0.557692 0.661538 0.604396 0.663077 0.618132 0.678462 0.637363 0.684615 0.635989 0.693846 0.642857 0.716923 0.641484 0.727692 0.608516 0.752308 0.576923 0.755385 0.581044 0.753846 0.593407 0.758462 0.598901 0.764615 0.600275 0.787692 0.592033 0.812308 0.570055 0.820000 0.549451 0.827692 0.539835 0.835385 0.504121 0.820000 0.462912 0.804615 0.449176
0 0.653846 0.454670 0.624615 0.453297 0.601538 0.465659 0.578462 0.491758 0.556923 0.564560 0.556923 0.592033 0.566154 0.620879 0.578462 0.645604 0.598462 0.663462 0.610769 0.663462 0.616923 0.657967 0.616923 0.638736 0.640000 0.623626 0.652308 0.601648 0.656923 0.579670 0.686154 0.541209 0.692308 0.523352 0.693846 0.506868 0.687692 0.475275 0.678462 0.464286
2 0.275385 0.646978 0.267692 0.660714 0.256923 0.703297 0.229231 0.750000 0.232308 0.763736 0.313846 0.798077 0.352308 0.811813 0.372308 0.814560 0.375385 0.818681 0.406154 0.824176 0.443077 0.822802 0.444615 0.807692 0.440000 0.789835 0.435385 0.785714 0.401538 0.777473 0.376923 0.767857 0.332308 0.760989 0.326154 0.751374 0.330769 0.740385 0.330769 0.729396 0.336923 0.722527 0.341538 0.706044 0.346154 0.703297 0.347692 0.686813 0.341538 0.679945 0.329231 0.682692 0.320000 0.678571 0.296923 0.656593
2 0.407692 0.619505 0.392308 0.633242 0.375385 0.660714 0.360000 0.673077 0.352308 0.684066 0.341538 0.721154 0.329231 0.743132 0.330769 0.756868 0.460000 0.789835 0.470769 0.796703 0.486154 0.800824 0.506154 0.802198 0.547692 0.824176 0.595385 0.842033 0.620000 0.844780 0.630769 0.851648 0.644615 0.850275 0.649231 0.842033 0.647692 0.833791 0.629231 0.804945 0.624615 0.789835 0.610769 0.770604 0.609231 0.762363 0.596923 0.744505 0.593846 0.732143 0.558462 0.671703 0.527692 0.627747 0.513846 0.619505 0.492308 0.618132 0.489231 0.620879 0.475385 0.609890 0.456923 0.604396 0.424615 0.608516
2 0.587692 0.708791 0.586154 0.718407 0.590769 0.721154 0.600000 0.748626 0.616923 0.777473 0.624615 0.778846 0.644615 0.748626 0.644615 0.725275 0.635385 0.715659 0.624615 0.711538 0.595385 0.714286
0 0.232308 0.423077 0.224615 0.440934 0.227692 0.468407 0.243077 0.493132 0.313846 0.535714 0.364615 0.548077 0.390769 0.550824 0.418462 0.549451 0.436923 0.545330 0.469231 0.530220 0.484615 0.512363 0.487692 0.498626 0.487692 0.449176 0.484615 0.434066 0.470769 0.416209 0.467692 0.405220 0.436923 0.383242 0.418462 0.375000 0.390769 0.366758 0.366154 0.364011 0.323077 0.369505 0.281538 0.383242 0.266154 0.391484
1 0.767692 0.270604 0.764615 0.276099 0.766154 0.288462 0.773846 0.295330 0.795385 0.299451 0.795385 0.285714 0.789231 0.277473 0.778462 0.270604
1 0.569231 0.229396 0.561538 0.226648 0.550769 0.228022 0.538462 0.243132 0.535385 0.252747 0.541538 0.256868 0.543077 0.265110 0.536923 0.282967 0.541538 0.291209 0.532308 0.302198 0.535385 0.307692 0.530769 0.311813 0.524615 0.310440 0.526154 0.314560 0.561538 0.314560 0.569231 0.303571 0.569231 0.282967 0.584615 0.274725 0.581538 0.265110 0.567692 0.263736 0.561538 0.259615 0.558462 0.263736 0.552308 0.262363 0.552308 0.255495 0.566154 0.241758
1 0.549231 0.291209 0.541538 0.289835 0.527692 0.296703 0.521538 0.304945 0.521538 0.313187 0.524615 0.315934 0.552308 0.314560 0.555385 0.307692
1 0.460000 0.269231 0.450769 0.273352 0.427692 0.318681 0.412308 0.332418 0.413846 0.343407 0.432308 0.357143 0.441538 0.357143 0.446154 0.350275 0.446154 0.328297 0.456923 0.299451
2 0.446154 0.788462 0.444615 0.798077 0.450769 0.814560 0.461538 0.969780 0.455385 0.993132 0.460000 0.998626 0.480000 0.990385 0.523077 0.951923 0.538462 0.925824 0.575385 0.876374 0.590769 0.850275 0.592308 0.840659 0.543077 0.821429 0.513846 0.804945 0.484615 0.800824
1 0.576923 0.181319 0.573846 0.178571 0.549231 0.181319 0.543077 0.175824 0.520000 0.170330 0.516923 0.167582 0.516923 0.159341 0.504615 0.155220 0.498462 0.144231 0.483077 0.140110 0.478462 0.149725 0.475385 0.145604 0.476923 0.138736 0.467692 0.130495 0.447692 0.123626 0.403077 0.138736 0.381538 0.135989 0.370769 0.118132 0.329231 0.115385 0.296923 0.129121 0.263077 0.134615 0.230769 0.134615 0.204615 0.155220 0.192308 0.188187 0.172308 0.195055 0.164615 0.225275 0.138462 0.250000 0.120000 0.259615 0.110769 0.273352 0.109231 0.288462 0.116923 0.303571 0.115385 0.326923 0.118462 0.343407 0.124615 0.354396 0.138462 0.366758 0.140000 0.373626 0.156923 0.381868 0.192308 0.375000 0.204615 0.364011 0.232308 0.364011 0.256923 0.346154 0.267692 0.342033 0.286154 0.347527 0.300000 0.347527 0.312308 0.343407 0.324615 0.346154 0.341538 0.340659 0.364615 0.344780 0.381538 0.331044 0.389231 0.332418 0.398462 0.328297 0.409231 0.313187 0.423077 0.310440 0.420000 0.300824 0.415385 0.302198 0.400000 0.288462 0.400000 0.284341 0.406154 0.278846 0.432308 0.267857 0.456923 0.265110 0.498462 0.248626 0.500000 0.214286 0.493846 0.204670 0.498462 0.199176 0.520000 0.210165 0.530769 0.208791 0.549231 0.200549 0.576923 0.200549
1 0.672308 0.196429 0.644615 0.204670 0.623077 0.221154 0.601538 0.251374 0.598462 0.284341 0.610769 0.311813 0.633846 0.336538 0.660000 0.350275 0.680000 0.353022 0.692308 0.350275 0.713846 0.339286 0.749231 0.309066 0.763077 0.287088 0.764615 0.263736 0.761538 0.252747 0.749231 0.233516 0.732308 0.218407 0.707692 0.204670
