0 0.373750 0.506667 0.336250 0.511667 0.326250 0.518333 0.315000 0.533333 0.313750 0.551667 0.316250 0.565000 0.313750 0.590000 0.328750 0.608333 0.340000 0.616667 0.352500 0.620000 0.372500 0.616667 0.390000 0.605000 0.398750 0.588333 0.398750 0.560000 0.395000 0.533333 0.381250 0.510000
1 0.645000 0.711667 0.641250 0.716667 0.642500 0.725000 0.652500 0.745000 0.665000 0.786667 0.671250 0.790000 0.680000 0.773333 0.678750 0.763333 0.657500 0.716667 0.652500 0.711667
1 0.796250 0.698333 0.788750 0.696667 0.775000 0.683333 0.766250 0.680000 0.720000 0.741667 0.716250 0.755000 0.703750 0.773333 0.702500 0.781667 0.722500 0.786667 0.735000 0.800000 0.762500 0.793333 0.773750 0.780000 0.795000 0.715000
0 0.732500 0.088333 0.711250 0.095000 0.693750 0.113333 0.725000 0.145000 0.725000 0.161667 0.717500 0.171667 0.701250 0.173333 0.700000 0.180000 0.696250 0.176667 0.696250 0.181667 0.687500 0.188333 0.686250 0.236667 0.692500 0.245000 0.712500 0.241667 0.730000 0.225000 0.746250 0.225000 0.756250 0.210000 0.743750 0.176667 0.751250 0.163333 0.756250 0.126667 0.748750 0.111667 0.746250 0.098333
0 0.303750 0.288333 0.305000 0.315000 0.321250 0.331667 0.327500 0.331667 0.333750 0.326667 0.332500 0.313333 0.338750 0.306667 0.415000 0.290000 0.442500 0.290000 0.461250 0.298333 0.482500 0.313333 0.501250 0.336667 0.510000 0.333333 0.515000 0.326667 0.515000 0.311667 0.502500 0.296667 0.493750 0.291667 0.483750 0.276667 0.467500 0.265000 0.456250 0.263333 0.452500 0.258333 0.397500 0.258333 0.352500 0.278333 0.336250 0.281667 0.326250 0.291667 0.321250 0.290000 0.315000 0.280000 0.306250 0.281667
0 0.771250 0.211667 0.758750 0.211667 0.748750 0.221667 0.727500 0.226667 0.703750 0.250000 0.697500 0.263333 0.698750 0.291667 0.696250 0.311667 0.700000 0.325000 0.707500 0.323333 0.707500 0.333333 0.698750 0.356667 0.697500 0.373333 0.716250 0.378333 0.726250 0.390000 0.748750 0.400000 0.757500 0.400000 0.772500 0.385000 0.775000 0.373333 0.773750 0.361667 0.782500 0.350000 0.788750 0.333333 0.800000 0.280000 0.798750 0.256667 0.791250 0.228333 0.786250 0.220000
1 0.768750 0.540000 0.766250 0.545000 0.766250 0.590000 0.770000 0.591667 0.778750 0.585000 0.785000 0.588333 0.790000 0.596667 0.782500 0.608333 0.782500 0.616667 0.791250 0.643333 0.790000 0.651667 0.793750 0.658333 0.788750 0.673333 0.788750 0.686667 0.796250 0.695000 0.812500 0.700000 0.846250 0.695000 0.850000 0.690000 0.858750 0.641667 0.863750 0.583333 0.861250 0.536667 0.857500 0.531667 0.790000 0.530000 0.782500 0.533333 0.778750 0.540000
2 0.318750 0.376667 0.305000 0.400000 0.297500 0.428333 0.298750 0.451667 0.313750 0.488333 0.323750 0.501667 0.333750 0.508333 0.381250 0.506667 0.388750 0.501667 0.401250 0.481667 0.406250 0.443333 0.403750 0.411667 0.397500 0.391667 0.386250 0.375000 0.373750 0.366667 0.348750 0.365000
2 0.381250 0.346667 0.378750 0.353333 0.380000 0.365000 0.400000 0.393333 0.405000 0.408333 0.408750 0.436667 0.405000 0.453333 0.403750 0.485000 0.386250 0.510000 0.388750 0.521667 0.397500 0.533333 0.400000 0.581667 0.406250 0.598333 0.436250 0.605000 0.452500 0.625000 0.470000 0.666667 0.470000 0.683333 0.475000 0.691667 0.472500 0.703333 0.476250 0.706667 0.473750 0.711667 0.470000 0.711667 0.471250 0.718333 0.490000 0.720000 0.497500 0.725000 0.501250 0.735000 0.512500 0.735000 0.520000 0.741667 0.533750 0.741667 0.538750 0.736667 0.537500 0.721667 0.541250 0.706667 0.547500 0.701667 0.568750 0.656667 0.575000 0.651667 0.586250 0.681667 0.592500 0.690000 0.596250 0.730000 0.602500 0.738333 0.616250 0.735000 0.621250 0.736667 0.625000 0.743333 0.632500 0.743333 0.638750 0.713333 0.650000 0.708333 0.663750 0.721667 0.673750 0.736667 0.673750 0.741667 0.677500 0.741667 0.680000 0.748333 0.687500 0.748333 0.690000 0.726667 0.687500 0.705000 0.690000 0.701667 0.698750 0.705000 0.716250 0.701667 0.713750 0.698333 0.718750 0.693333 0.721250 0.675000 0.732500 0.670000 0.736250 0.643333 0.742500 0.623333 0.742500 0.611667 0.747500 0.608333 0.747500 0.603333 0.753750 0.593333 0.757500 0.593333 0.762500 0.580000 0.761250 0.543333 0.751250 0.528333 0.758750 0.515000 0.758750 0.505000 0.753750 0.493333 0.757500 0.485000 0.773750 0.481667 0.777500 0.466667 0.772500 0.453333 0.762500 0.446667 0.751250 0.446667 0.748750 0.453333 0.742500 0.453333 0.741250 0.461667 0.733750 0.470000 0.730000 0.470000 0.720000 0.460000 0.708750 0.458333 0.707500 0.455000 0.702500 0.455000 0.702500 0.460000 0.691250 0.460000 0.687500 0.445000 0.678750 0.431667 0.677500 0.416667 0.678750 0.408333 0.686250 0.405000 0.683750 0.393333 0.686250 0.388333 0.682500 0.383333 0.675000 0.383333 0.660000 0.368333 0.656250 0.360000 0.648750 0.360000 0.640000 0.381667 0.622500 0.398333 0.611250 0.400000 0.597500 0.390000 0.585000 0.390000 0.578750 0.383333 0.578750 0.376667 0.565000 0.361667 0.571250 0.358333 0.570000 0.338333 0.575000 0.328333 0.568750 0.298333 0.572500 0.295000 0.566250 0.295000 0.555000 0.305000 0.547500 0.305000 0.545000 0.311667 0.532500 0.308333 0.525000 0.313333 0.516250 0.340000 0.508750 0.345000 0.503750 0.356667 0.487500 0.345000 0.472500 0.341667 0.457500 0.330000 0.440000 0.330000 0.428750 0.321667 0.416250 0.321667 0.391250 0.336667
0 0.453750 0.193333 0.450000 0.228333 0.458750 0.243333 0.463750 0.241667 0.463750 0.228333 0.468750 0.220000 0.493750 0.213333 0.501250 0.215000 0.498750 0.225000 0.486250 0.243333 0.485000 0.266667 0.488750 0.280000 0.493750 0.286667 0.516250 0.301667 0.542500 0.303333 0.561250 0.293333 0.578750 0.265000 0.585000 0.245000 0.586250 0.230000 0.578750 0.196667 0.571250 0.188333 0.545000 0.173333 0.528750 0.168333 0.500000 0.168333 0.477500 0.175000
0 0.403750 0.126667 0.405000 0.140000 0.413750 0.140000 0.437500 0.128333 0.456250 0.128333 0.480000 0.136667 0.510000 0.163333 0.545000 0.170000 0.575000 0.188333 0.588750 0.220000 0.592500 0.218333 0.593750 0.205000 0.607500 0.170000 0.605000 0.156667 0.578750 0.126667 0.543750 0.103333 0.497500 0.086667 0.463750 0.088333 0.432500 0.095000 0.420000 0.101667
0 0.435000 0.291667 0.411250 0.291667 0.352500 0.308333 0.337500 0.306667 0.330000 0.313333 0.331250 0.328333 0.337500 0.340000 0.350000 0.346667 0.360000 0.326667 0.427500 0.315000 0.432500 0.310000
1 0.781250 0.630000 0.772500 0.631667 0.750000 0.661667 0.696250 0.745000 0.672500 0.786667 0.672500 0.808333 0.677500 0.810000 0.683750 0.803333 0.776250 0.663333 0.785000 0.646667
0 0.863750 0.348333 0.825000 0.328333 0.806250 0.328333 0.787500 0.338333 0.780000 0.358333 0.776250 0.361667 0.772500 0.386667 0.762500 0.400000 0.752500 0.403333 0.736250 0.393333 0.723750 0.395000 0.722500 0.405000 0.726250 0.408333 0.735000 0.453333 0.741250 0.453333 0.751250 0.445000 0.765000 0.445000 0.780000 0.463333 0.780000 0.473333 0.773750 0.483333 0.758750 0.486667 0.757500 0.490000 0.760000 0.513333 0.755000 0.525000 0.756250 0.530000 0.773750 0.535000 0.790000 0.528333 0.851250 0.528333 0.865000 0.516667 0.878750 0.491667 0.883750 0.463333 0.882500 0.386667 0.873750 0.361667
0 0.576250 0.661667 0.563750 0.670000 0.562500 0.685000 0.557500 0.686667 0.553750 0.696667 0.548750 0.700000 0.547500 0.716667 0.552500 0.721667 0.543750 0.728333 0.547500 0.740000 0.542500 0.745000 0.500000 0.738333 0.490000 0.725000 0.468750 0.725000 0.463750 0.743333 0.450000 0.753333 0.451250 0.770000 0.462500 0.801667 0.492500 0.831667 0.536250 0.830000 0.551250 0.845000 0.563750 0.843333 0.560000 0.825000 0.562500 0.820000 0.575000 0.823333 0.585000 0.820000 0.591250 0.806667 0.596250 0.731667 0.592500 0.701667
0 0.677500 0.101667 0.665000 0.103333 0.657500 0.108333 0.646250 0.125000 0.625000 0.145000 0.608750 0.170000 0.601250 0.188333 0.595000 0.220000 0.593750 0.245000 0.600000 0.283333 0.608750 0.303333 0.602500 0.305000 0.600000 0.298333 0.587500 0.301667 0.591250 0.305000 0.593750 0.318333 0.590000 0.325000 0.585000 0.321667 0.580000 0.325000 0.576250 0.366667 0.583750 0.381667 0.596250 0.385000 0.610000 0.396667 0.623750 0.395000 0.638750 0.380000 0.641250 0.351667 0.655000 0.323333 0.668750 0.333333 0.681250 0.350000 0.692500 0.348333 0.697500 0.338333 0.696250 0.268333 0.686250 0.248333 0.676250 0.248333 0.673750 0.245000 0.681250 0.235000 0.682500 0.206667 0.687500 0.190000 0.695000 0.176667 0.721250 0.163333 0.721250 0.145000 0.705000 0.125000 0.691250 0.116667
0 0.395000 0.606667 0.373750 0.618333 0.367500 0.651667 0.357500 0.670000 0.356250 0.685000 0.372500 0.708333 0.376250 0.731667 0.386250 0.740000 0.408750 0.773333 0.422500 0.786667 0.426250 0.786667 0.440000 0.768333 0.448750 0.750000 0.461250 0.740000 0.462500 0.708333 0.466250 0.690000 0.465000 0.670000 0.450000 0.626667 0.435000 0.610000 0.425000 0.606667
1 0.563750 0.828333 0.566250 0.846667 0.593750 0.851667 0.601250 0.861667 0.610000 0.885000 0.618750 0.891667 0.636250 0.890000 0.646250 0.885000 0.650000 0.878333 0.651250 0.866667 0.656250 0.861667 0.680000 0.861667 0.690000 0.851667 0.698750 0.861667 0.706250 0.858333 0.706250 0.850000 0.702500 0.841667 0.712500 0.831667 0.728750 0.836667 0.730000 0.843333 0.738750 0.846667 0.741250 0.845000 0.740000 0.836667 0.742500 0.831667 0.741250 0.818333 0.735000 0.811667 0.733750 0.803333 0.725000 0.791667 0.715000 0.786667 0.701250 0.790000 0.696250 0.798333 0.688750 0.798333 0.676250 0.813333 0.662500 0.791667 0.630000 0.780000 0.635000 0.770000 0.638750 0.770000 0.640000 0.761667 0.638750 0.751667 0.631250 0.750000 0.617500 0.751667 0.613750 0.765000 0.605000 0.766667 0.605000 0.771667 0.596250 0.773333 0.593750 0.778333 0.593750 0.791667 0.600000 0.800000 0.602500 0.813333 0.616250 0.823333 0.615000 0.826667 0.600000 0.828333 0.587500 0.821667 0.582500 0.828333
