1 0.521250 0.268333 0.517500 0.265000 0.501250 0.265000 0.477500 0.275000 0.475000 0.280000 0.430000 0.281667 0.330000 0.301667 0.311250 0.310000 0.241250 0.330000 0.242500 0.343333 0.302500 0.351667 0.368750 0.355000 0.416250 0.338333 0.446250 0.335000 0.470000 0.321667 0.515000 0.311667 0.518750 0.296667 0.517500 0.283333 0.521250 0.281667
2 0.627500 0.608333 0.622500 0.613333 0.616250 0.631667 0.610000 0.636667 0.608750 0.646667 0.595000 0.660000 0.593750 0.691667 0.590000 0.705000 0.591250 0.720000 0.596250 0.720000 0.600000 0.715000 0.608750 0.716667 0.613750 0.701667 0.630000 0.686667 0.636250 0.688333 0.642500 0.696667 0.647500 0.696667 0.656250 0.681667 0.665000 0.678333 0.668750 0.671667 0.668750 0.658333 0.645000 0.655000 0.636250 0.643333 0.633750 0.623333
1 0.530000 0.313333 0.511250 0.311667 0.502500 0.313333 0.497500 0.318333 0.477500 0.320000 0.443750 0.336667 0.403750 0.343333 0.397500 0.350000 0.400000 0.353333 0.418750 0.355000 0.447500 0.351667 0.461250 0.343333 0.490000 0.346667 0.526250 0.323333
2 0.341250 0.710000 0.345000 0.733333 0.353750 0.746667 0.360000 0.748333 0.360000 0.770000 0.372500 0.780000 0.385000 0.796667 0.403750 0.800000 0.403750 0.793333 0.375000 0.753333 0.371250 0.720000 0.358750 0.720000 0.350000 0.711667
2 0.343750 0.368333 0.335000 0.368333 0.322500 0.375000 0.320000 0.380000 0.320000 0.393333 0.313750 0.400000 0.313750 0.408333 0.320000 0.415000 0.313750 0.430000 0.321250 0.446667 0.317500 0.478333 0.326250 0.488333 0.336250 0.483333 0.346250 0.470000 0.346250 0.450000 0.342500 0.430000 0.336250 0.416667 0.336250 0.400000 0.345000 0.375000
0 0.588750 0.361667 0.591250 0.385000 0.583750 0.393333 0.576250 0.410000 0.563750 0.421667 0.561250 0.445000 0.570000 0.458333 0.577500 0.485000 0.601250 0.513333 0.603750 0.530000 0.622500 0.548333 0.633750 0.568333 0.630000 0.606667 0.637500 0.640000 0.642500 0.648333 0.663750 0.653333 0.668750 0.646667 0.672500 0.631667 0.666250 0.605000 0.681250 0.588333 0.691250 0.556667 0.702500 0.541667 0.715000 0.503333 0.716250 0.470000 0.712500 0.465000 0.712500 0.458333 0.717500 0.441667 0.716250 0.426667 0.701250 0.393333 0.690000 0.386667 0.681250 0.375000 0.661250 0.371667 0.652500 0.366667 0.622500 0.373333 0.611250 0.360000 0.600000 0.363333
0 0.508750 0.338333 0.496250 0.348333 0.496250 0.358333 0.507500 0.381667 0.507500 0.393333 0.515000 0.420000 0.527500 0.451667 0.533750 0.460000 0.540000 0.463333 0.547500 0.461667 0.555000 0.451667 0.555000 0.445000 0.563750 0.421667 0.576250 0.408333 0.576250 0.400000 0.571250 0.396667 0.567500 0.386667 0.557500 0.380000 0.528750 0.336667
1 0.320000 0.246667 0.321250 0.270000 0.328750 0.301667 0.401250 0.288333 0.427500 0.280000 0.426250 0.275000 0.415000 0.266667 0.331250 0.245000
0 0.457500 0.351667 0.452500 0.365000 0.453750 0.388333 0.445000 0.398333 0.443750 0.410000 0.450000 0.436667 0.465000 0.470000 0.468750 0.486667 0.468750 0.513333 0.508750 0.555000 0.530000 0.601667 0.560000 0.611667 0.580000 0.630000 0.588750 0.625000 0.602500 0.610000 0.606250 0.596667 0.605000 0.588333 0.597500 0.578333 0.595000 0.541667 0.600000 0.530000 0.600000 0.513333 0.593750 0.511667 0.580000 0.520000 0.570000 0.521667 0.552500 0.520000 0.542500 0.515000 0.533750 0.516667 0.528750 0.511667 0.526250 0.513333 0.523750 0.510000 0.525000 0.505000 0.517500 0.477833 0.501250 0.447500 0.487500 0.438333 0.490000 0.428333 0.532500 0.503000 0.537250 0.483833 0.498750 0.368333 0.491250 0.353333 0.481250 0.350000
0 0.367500 0.723333 0.363750 0.738333 0.365000 0.751667 0.372500 0.750000 0.376250 0.765000 0.382500 0.768333 0.387500 0.766667 0.392500 0.788333 0.396250 0.783333 0.415000 0.811667 0.420000 0.811667 0.427500 0.805000 0.442500 0.806667 0.462500 0.823333 0.478750 0.823333 0.488750 0.831667 0.498750 0.831667 0.505000 0.838333 0.510000 0.833333 0.508750 0.803333 0.511250 0.783333 0.502500 0.775000 0.485000 0.766667 0.458750 0.728333 0.436250 0.713333 0.410000 0.701667 0.401250 0.691667 0.392500 0.691667 0.390000 0.701667 0.376250 0.713333 0.372500 0.738333 0.371250 0.723333
0 0.476250 0.661667 0.433625 0.600667 0.420500 0.604333 0.458750 0.706667 0.462500 0.713333 0.462500 0.725000 0.490000 0.765000 0.513750 0.780000 0.531250 0.783333 0.537500 0.791667 0.541250 0.791667 0.547500 0.780000 0.547500 0.766667 0.553750 0.760000 0.553750 0.751667 0.550000 0.755000 0.542500 0.751667 0.541250 0.755000 0.532500 0.750000 0.525000 0.738333 0.523750 0.723333 0.511250 0.691667 0.497500 0.673333
0 0.247500 0.485000 0.243750 0.491667 0.245000 0.508333 0.258750 0.528333 0.271250 0.538333 0.282500 0.553333 0.282500 0.565000 0.290000 0.565000 0.305000 0.578333 0.323750 0.610000 0.333750 0.610000 0.342500 0.600000 0.342500 0.570000 0.333750 0.548333 0.315000 0.523333 0.316250 0.503333 0.325000 0.490000 0.325000 0.485000 0.282500 0.461667 0.275000 0.461667 0.267500 0.470000 0.263750 0.480000
0 0.283750 0.570000 0.276250 0.591667 0.277500 0.606667 0.292500 0.641667 0.288750 0.653333 0.297500 0.673333 0.326250 0.691667 0.331250 0.698333 0.350000 0.706667 0.360000 0.716667 0.368750 0.716667 0.370000 0.691667 0.373750 0.680000 0.370000 0.660000 0.356250 0.645000 0.341250 0.645000 0.333750 0.636667 0.331250 0.625000 0.301250 0.576667 0.291250 0.568333
0 0.352500 0.366667 0.346250 0.371667 0.337500 0.393333 0.337500 0.418333 0.347500 0.455000 0.347500 0.475000 0.330000 0.493333 0.321250 0.496667 0.317500 0.506667 0.317500 0.518333 0.328750 0.533333 0.328750 0.538333 0.343750 0.563333 0.353750 0.598333 0.391250 0.643333 0.395000 0.655000 0.405000 0.656667 0.410000 0.670000 0.417500 0.670000 0.423750 0.655000 0.421250 0.618333 0.415000 0.596667 0.420000 0.591667 0.423750 0.600000 0.431250 0.595000 0.436250 0.600000 0.443750 0.600000 0.445000 0.595000 0.432500 0.578333 0.428750 0.568333 0.427500 0.548333 0.421250 0.533333 0.391250 0.488333 0.390000 0.478333 0.382500 0.470000 0.373750 0.441667 0.373750 0.373333 0.370000 0.368333
1 0.266250 0.370000 0.277500 0.376667 0.318750 0.375000 0.346250 0.363333 0.371250 0.361667 0.373750 0.355000 0.315000 0.351667 0.292500 0.361667 0.272500 0.363333
0 0.378750 0.358333 0.375000 0.368333 0.375000 0.423333 0.382500 0.436667 0.398750 0.438333 0.405000 0.450000 0.403750 0.465000 0.393750 0.475000 0.395000 0.486667 0.407500 0.506667 0.420000 0.518333 0.428750 0.538333 0.437500 0.576667 0.452500 0.598333 0.455000 0.625000 0.468750 0.648333 0.507500 0.675000 0.515000 0.703333 0.525000 0.718333 0.523750 0.725000 0.526250 0.733333 0.535000 0.748333 0.545000 0.748333 0.546250 0.731667 0.548750 0.726667 0.556250 0.745000 0.556250 0.756667 0.550000 0.771667 0.550000 0.788333 0.556250 0.796667 0.566250 0.793333 0.577500 0.778333 0.577500 0.761667 0.586250 0.748333 0.586250 0.713333 0.591250 0.696667 0.595000 0.656667 0.593750 0.636667 0.576250 0.631667 0.562500 0.616667 0.551250 0.610000 0.522500 0.605000 0.516250 0.590000 0.508750 0.581667 0.508750 0.575000 0.496250 0.550000 0.470000 0.515000 0.466250 0.501667 0.468750 0.498333 0.468750 0.488333 0.463750 0.465000 0.450000 0.438333 0.438750 0.433333 0.438750 0.423333 0.428750 0.410000 0.416250 0.378333 0.407500 0.370000 0.405000 0.360000 0.393750 0.358333 0.388750 0.353333
1 0.337500 0.201667 0.337500 0.206667 0.362500 0.223333 0.400000 0.256667 0.431250 0.278333 0.445000 0.280000 0.473750 0.275000 0.495000 0.266667 0.516250 0.263333 0.522500 0.270000 0.521250 0.295000 0.532500 0.308333 0.548750 0.316667 0.628750 0.316667 0.638750 0.308333 0.645000 0.308333 0.645000 0.300000 0.653750 0.296667 0.647500 0.286667 0.627500 0.278333 0.592500 0.251667 0.552500 0.235000 0.512500 0.230000 0.386250 0.198333 0.345000 0.196667
1 0.385000 0.193333 0.385000 0.198333 0.397500 0.203333 0.490000 0.223333 0.506250 0.230000 0.550000 0.236667 0.546250 0.226667 0.521250 0.203333 0.467500 0.170000 0.455000 0.170000 0.445000 0.165000 0.406250 0.166667
