0 0.641206 0.661814 0.638191 0.666293 0.641206 0.685330 0.647236 0.688690 0.660302 0.689810 0.669347 0.674132 0.668342 0.669653 0.655276 0.660694
0 0.541709 0.685330 0.539698 0.689810 0.540704 0.702128 0.547739 0.716685 0.552764 0.721165 0.562814 0.724524 0.572864 0.724524 0.574874 0.720045 0.574874 0.706607 0.561809 0.688690 0.553769 0.683091
0 0.542714 0.733483 0.542714 0.741321 0.545729 0.749160 0.556784 0.758119 0.570854 0.759239 0.579899 0.755879 0.584925 0.750280 0.584925 0.743561 0.572864 0.727884 0.551759 0.723404
0 0.654271 0.725644 0.641206 0.718925 0.617085 0.721165 0.607035 0.726764 0.604020 0.731243 0.604020 0.743561 0.607035 0.749160 0.618090 0.752520 0.637186 0.749160 0.645226 0.745801 0.653266 0.737962 0.655276 0.732363
0 0.601005 0.696529 0.602010 0.709966 0.607035 0.722284 0.612060 0.723404 0.630151 0.717805 0.629146 0.704367 0.623116 0.697648 0.616080 0.693169 0.605025 0.693169
0 0.587940 0.655095 0.585930 0.659574 0.586935 0.671892 0.593970 0.687570 0.602010 0.692049 0.616080 0.690929 0.618090 0.669653 0.615075 0.659574 0.601005 0.651736
0 0.607035 0.617021 0.598995 0.627100 0.598995 0.640538 0.606030 0.653975 0.617085 0.658455 0.623116 0.652856 0.623116 0.633819 0.613065 0.618141
0 0.611055 0.591265 0.610050 0.608063 0.618090 0.623740 0.626131 0.631579 0.637186 0.630459 0.640201 0.627100 0.640201 0.619261 0.637186 0.611422 0.623116 0.593505
0 0.628141 0.583427 0.626131 0.589026 0.627136 0.595745 0.635176 0.604703 0.645226 0.605823 0.652261 0.600224 0.652261 0.594625 0.649246 0.589026 0.640201 0.581187 0.633166 0.580067
0 0.624121 0.566629 0.629146 0.578947 0.647236 0.581187 0.663317 0.565510 0.665327 0.559910 0.657286 0.554311 0.646231 0.555431 0.642211 0.552072 0.633166 0.552072 0.625126 0.558791
0 0.682412 0.536394 0.678392 0.543113 0.678392 0.549832 0.688442 0.559910 0.700503 0.562150 0.708543 0.554311 0.708543 0.548712 0.700503 0.538634 0.691457 0.534155
0 0.703518 0.563270 0.704523 0.577828 0.709548 0.584546 0.728643 0.587906 0.737688 0.580067 0.737688 0.571109 0.727638 0.561030 0.711558 0.557671
0 0.641206 0.690929 0.636181 0.702128 0.638191 0.714446 0.645226 0.720045 0.654271 0.722284 0.662312 0.718925 0.665327 0.712206 0.665327 0.704367 0.662312 0.698768 0.654271 0.690929
0 0.626131 0.655095 0.619095 0.664054 0.619095 0.687570 0.626131 0.699888 0.633166 0.701008 0.639196 0.688690 0.637186 0.665174 0.633166 0.657335
0 0.686432 0.673012 0.674372 0.674132 0.665327 0.681971 0.661307 0.694289 0.664322 0.702128 0.670352 0.708847 0.685427 0.708847 0.697487 0.702128 0.700503 0.695409 0.699497 0.683091
0 0.729648 0.649496 0.721608 0.643897 0.715578 0.643897 0.695477 0.650616 0.688442 0.658455 0.688442 0.670773 0.700503 0.680851 0.718593 0.678611 0.726633 0.673012 0.731658 0.662934
0 0.655276 0.643897 0.653266 0.648376 0.655276 0.658455 0.669347 0.666293 0.682412 0.664054 0.689447 0.652856 0.688442 0.646137 0.683417 0.638298 0.668342 0.636058 0.661307 0.638298
0 0.627136 0.637178 0.627136 0.649496 0.633166 0.656215 0.649246 0.657335 0.652261 0.655095 0.655276 0.637178 0.636181 0.632699
0 0.666332 0.555431 0.666332 0.558791 0.674372 0.563270 0.681407 0.573348 0.701508 0.577828 0.702513 0.571109 0.696482 0.563270 0.690452 0.562150 0.685427 0.556551 0.679397 0.554311
0 0.717588 0.622620 0.704523 0.621501 0.695477 0.625980 0.688442 0.633819 0.689447 0.646137 0.692462 0.649496 0.717588 0.642777 0.719598 0.640538
0 0.673367 0.602464 0.668342 0.611422 0.671357 0.624860 0.676382 0.629339 0.686432 0.631579 0.698492 0.622620 0.699497 0.618141 0.696482 0.611422 0.685427 0.601344 0.678392 0.600224
0 0.644221 0.606943 0.641206 0.612542 0.643216 0.625980 0.648241 0.631579 0.653266 0.631579 0.657286 0.634938 0.663317 0.632699 0.667337 0.628219 0.667337 0.619261 0.663317 0.610302 0.655276 0.604703
0 0.614070 0.516237 0.612060 0.513998 0.604020 0.515118 0.594975 0.524076 0.593970 0.530795 0.600000 0.531915 0.609045 0.528555 0.613065 0.522956
1 0.206030 0.228443 0.195980 0.236282 0.189950 0.255319 0.184925 0.296753 0.185930 0.318029 0.189950 0.329227 0.195980 0.328108 0.210050 0.311310 0.213065 0.302352 0.214070 0.248600 0.210050 0.232923
1 0.291457 0.281075 0.279397 0.281075 0.271357 0.277716 0.266332 0.285554 0.266332 0.291153 0.258291 0.302352 0.259296 0.305711 0.255276 0.309071 0.255276 0.331467 0.259296 0.332587 0.261307 0.341545 0.267337 0.349384 0.273367 0.349384 0.277387 0.346025 0.281407 0.330347 0.295477 0.302352 0.296482 0.285554
1 0.383920 0.238522 0.377889 0.245241 0.377889 0.264278 0.383920 0.297872 0.388945 0.305711 0.402010 0.282195 0.402010 0.246361 0.397990 0.241881
1 0.360804 0.212766 0.353769 0.213886 0.343719 0.228443 0.335678 0.253080 0.336683 0.260918 0.349749 0.256439 0.358794 0.248600 0.363819 0.236282 0.363819 0.222844
1 0.378894 0.159015 0.378894 0.163494 0.382915 0.170213 0.392965 0.179171 0.412060 0.183651 0.423116 0.181411 0.421106 0.166853 0.412060 0.161254 0.395980 0.157895
1 0.437186 0.180291 0.441206 0.187010 0.449246 0.191489 0.467337 0.189250 0.466332 0.181411 0.455276 0.172452 0.443216 0.173572
1 0.208040 0.610302 0.194975 0.596865 0.182915 0.595745 0.162814 0.604703 0.142714 0.618141 0.126633 0.634938 0.118593 0.649496 0.111558 0.651736 0.108543 0.658455 0.109548 0.662934 0.099497 0.667413 0.095477 0.683091 0.102513 0.701008 0.111558 0.709966 0.121608 0.711086 0.127638 0.717805 0.141709 0.718925 0.150754 0.723404 0.165829 0.713326 0.230151 0.697648 0.234171 0.690929 0.233166 0.680851 0.228141 0.669653 0.224121 0.649496 0.221106 0.646137 0.218090 0.632699
1 0.237186 0.699888 0.231156 0.697648 0.225126 0.701008 0.188945 0.707727 0.165829 0.715566 0.155779 0.722284 0.149749 0.733483 0.148744 0.769317 0.153769 0.781635 0.165829 0.797312 0.179899 0.802912 0.205025 0.800672 0.236181 0.789474 0.255276 0.777156 0.255276 0.765957 0.249246 0.735722
1 0.302513 0.552072 0.275377 0.553191 0.266332 0.557671 0.262312 0.564390 0.265327 0.591265 0.284422 0.650616 0.289447 0.656215 0.296482 0.652856 0.320603 0.625980 0.335678 0.593505 0.334673 0.583427 0.325628 0.569989 0.313568 0.556551
1 0.340704 0.600224 0.335678 0.600224 0.329648 0.604703 0.321608 0.622620 0.290452 0.660694 0.298492 0.694289 0.311558 0.723404 0.315578 0.723404 0.328643 0.709966 0.330653 0.692049 0.346734 0.657335 0.361809 0.646137 0.359799 0.622620
0 0.590955 0.696529 0.583920 0.699888 0.579899 0.705487 0.576884 0.722284 0.582915 0.739082 0.586935 0.743561 0.593970 0.745801 0.598995 0.743561 0.602010 0.737962 0.602010 0.714446 0.597990 0.698768
0 0.709548 0.585666 0.709548 0.590146 0.719598 0.613662 0.728643 0.615901 0.733668 0.609183 0.733668 0.601344 0.730653 0.593505 0.725628 0.587906 0.716583 0.584546
0 0.684422 0.576708 0.680402 0.584546 0.680402 0.593505 0.687437 0.602464 0.702513 0.615901 0.715578 0.614782 0.717588 0.606943 0.709548 0.589026 0.700503 0.581187
0 0.674372 0.562150 0.665327 0.562150 0.653266 0.577828 0.652261 0.592385 0.658291 0.604703 0.665327 0.605823 0.669347 0.603583 0.678392 0.591265 0.680402 0.573348
0 0.498492 0.603583 0.472362 0.589026 0.454271 0.589026 0.447236 0.593505 0.423116 0.620381 0.406030 0.646137 0.376884 0.653975 0.357789 0.655095 0.345729 0.661814 0.337688 0.678611 0.333668 0.704367 0.347739 0.736842 0.352764 0.754759 0.360804 0.769317 0.377889 0.780515 0.395980 0.782755 0.427136 0.781635 0.439196 0.778275 0.460302 0.768197 0.472362 0.753639 0.476382 0.752520 0.492462 0.737962 0.516583 0.711086 0.523618 0.694289 0.528643 0.658455 0.522613 0.634938
2 0.408040 0.282195 0.398995 0.290034 0.390955 0.310190 0.368844 0.346025 0.345729 0.395297 0.342714 0.409854 0.343719 0.435610 0.341709 0.445689 0.331658 0.469205 0.329648 0.489362 0.333668 0.498320 0.354774 0.509518 0.380905 0.534155 0.384925 0.544233 0.394975 0.548712 0.416080 0.569989 0.419095 0.569989 0.434171 0.581187 0.441206 0.591265 0.455276 0.584546 0.466332 0.583427 0.494472 0.590146 0.510553 0.590146 0.530653 0.582307 0.548744 0.568869 0.566834 0.546473 0.586935 0.530795 0.624121 0.488242 0.626131 0.451288 0.623116 0.428891 0.617085 0.407615 0.612060 0.402016 0.603015 0.379619 0.591960 0.361702 0.579899 0.350504 0.576884 0.343785 0.559799 0.330347 0.539698 0.319149 0.507538 0.291153 0.491457 0.283315 0.449246 0.277716
0 0.606030 0.344905 0.596985 0.358343 0.596985 0.363942 0.601005 0.371781 0.610050 0.379619 0.612060 0.388578 0.620101 0.390817 0.623116 0.394177 0.623116 0.410974 0.627136 0.437850 0.639196 0.458007 0.642211 0.473684 0.642211 0.488242 0.646231 0.492721 0.651256 0.491601 0.660302 0.511758 0.657286 0.519597 0.657286 0.528555 0.654271 0.533035 0.653266 0.549832 0.656281 0.546473 0.670352 0.545353 0.675377 0.535274 0.691457 0.531915 0.700503 0.536394 0.705528 0.544233 0.726633 0.559910 0.752764 0.567749 0.777889 0.567749 0.779899 0.564390 0.771859 0.557671 0.751759 0.548712 0.750754 0.541993 0.764824 0.541993 0.769849 0.530795 0.769849 0.525196 0.772864 0.521837 0.795980 0.512878 0.796985 0.502800 0.793970 0.486002 0.782915 0.466965 0.787940 0.455767 0.794975 0.449048 0.824121 0.404255 0.824121 0.396417 0.816080 0.389698 0.811055 0.377380 0.779899 0.344905 0.771859 0.346025 0.764824 0.341545 0.733668 0.304591 0.713568 0.293393 0.697487 0.293393 0.690452 0.297872 0.683417 0.306831 0.683417 0.323628 0.679397 0.326988 0.658291 0.324748 0.640201 0.334826
0 0.335678 0.118701 0.328643 0.118701 0.313568 0.126540 0.307538 0.139978 0.309548 0.170213 0.313568 0.182531 0.313568 0.189250 0.309548 0.193729 0.302513 0.197088 0.274372 0.200448 0.259296 0.208287 0.252261 0.208287 0.248241 0.204927 0.244221 0.206047 0.233166 0.201568 0.227136 0.201568 0.219095 0.208287 0.205025 0.208287 0.204020 0.218365 0.206030 0.225084 0.196985 0.235162 0.189950 0.251960 0.184925 0.296753 0.184925 0.315789 0.189950 0.333707 0.188945 0.342665 0.193970 0.350504 0.196985 0.363942 0.205025 0.366181 0.206030 0.361702 0.202010 0.357223 0.203015 0.342665 0.206030 0.341545 0.233166 0.385218 0.251256 0.432251 0.264322 0.447928 0.265327 0.453527 0.270352 0.458007 0.278392 0.459127 0.282412 0.464726 0.290452 0.466965 0.320603 0.468085 0.335678 0.451288 0.339698 0.437850 0.340704 0.407615 0.345729 0.390817 0.383920 0.315789 0.388945 0.310190 0.394975 0.293393 0.402010 0.283315 0.416080 0.276596 0.429146 0.274356 0.457286 0.274356 0.469347 0.277716 0.485427 0.277716 0.489447 0.270997 0.477387 0.226204 0.476382 0.193729 0.451256 0.164614 0.420101 0.156775 0.411055 0.160134 0.378894 0.159015 0.354774 0.138858 0.341709 0.120941
0 0.548744 0.594625 0.540704 0.586786 0.527638 0.585666 0.508543 0.594625 0.506533 0.604703 0.514573 0.613662 0.529648 0.613662 0.543719 0.606943 0.548744 0.600224
0 0.576884 0.541993 0.571859 0.543113 0.556784 0.559910 0.555779 0.568869 0.559799 0.574468 0.568844 0.576708 0.577889 0.568869 0.579899 0.549832
0 0.622111 0.499440 0.622111 0.509518 0.630151 0.518477 0.644221 0.521837 0.655276 0.516237 0.655276 0.508399 0.652261 0.502800 0.642211 0.494961 0.629146 0.492721
0 0.594975 0.534155 0.592965 0.548712 0.595980 0.554311 0.612060 0.561030 0.620101 0.561030 0.627136 0.554311 0.628141 0.546473 0.626131 0.541993 0.613065 0.530795 0.602010 0.530795
0 0.622111 0.524076 0.620101 0.528555 0.621106 0.533035 0.634171 0.547592 0.644221 0.546473 0.651256 0.535274 0.649246 0.527436 0.638191 0.521837 0.627136 0.520717
0 0.588945 0.564390 0.587940 0.572228 0.593970 0.581187 0.608040 0.589026 0.620101 0.589026 0.623116 0.586786 0.625126 0.574468 0.618090 0.564390 0.600000 0.558791 0.594975 0.558791
0 0.585930 0.580067 0.578894 0.587906 0.578894 0.600224 0.585930 0.614782 0.590955 0.620381 0.596985 0.622620 0.608040 0.613662 0.608040 0.601344 0.600000 0.585666 0.591960 0.580067
0 0.558794 0.594625 0.556784 0.597984 0.556784 0.609183 0.560804 0.622620 0.567839 0.629339 0.583920 0.628219 0.585930 0.618141 0.576884 0.599104 0.570854 0.594625
0 0.519598 0.624860 0.518593 0.628219 0.526633 0.647256 0.528643 0.667413 0.533668 0.669653 0.541709 0.658455 0.540704 0.642777 0.528643 0.625980
0 0.595980 0.632699 0.592965 0.629339 0.583920 0.629339 0.565829 0.633819 0.561809 0.638298 0.561809 0.653975 0.568844 0.658455 0.577889 0.658455 0.585930 0.655095 0.593970 0.647256 0.596985 0.639418
0 0.560804 0.660694 0.555779 0.669653 0.559799 0.686450 0.575879 0.699888 0.583920 0.698768 0.589950 0.690929 0.589950 0.684211 0.584925 0.670773 0.575879 0.661814 0.569849 0.659574
