1 0.650367 0.235043 0.650367 0.264957 0.665037 0.284188 0.665037 0.309829 0.657702 0.314103 0.657702 0.320513 0.669927 0.324786 0.682152 0.305556 0.711491 0.303419 0.731051 0.324786 0.750611 0.326923 0.750611 0.305556 0.726161 0.277778 0.711491 0.247863 0.691932 0.235043
1 0.608802 0.361111 0.557457 0.341880 0.486553 0.350427 0.486553 0.369658 0.491443 0.373932
1 0.381418 0.356838 0.356968 0.358974 0.344743 0.378205 0.320293 0.382479 0.312958 0.391026 0.312958 0.412393 0.327628 0.433761 0.359413 0.457265 0.376528 0.452991 0.381418 0.446581 0.381418 0.435897 0.364303 0.418803 0.366748 0.405983 0.359413 0.403846 0.356968 0.388889 0.366748 0.378205 0.393643 0.371795 0.393643 0.363248
1 0.408313 0.224359 0.408313 0.230769 0.420538 0.237179 0.440098 0.262821 0.454768 0.256410 0.520782 0.262821 0.535452 0.241453 0.528117 0.230769 0.518337 0.230769 0.508557 0.217949 0.484108 0.202991 0.462103 0.205128 0.444988 0.196581 0.430318 0.202991
1 0.547677 0.273504 0.530562 0.262821 0.474328 0.260684 0.425428 0.284188 0.398533 0.277778 0.361858 0.279915 0.359413 0.301282 0.374083 0.316239 0.398533 0.322650 0.410758 0.344017 0.420538 0.344017 0.449878 0.320513 0.459658 0.326923 0.511002 0.326923 0.528117 0.322650 0.545232 0.309829
1 0.687042 0.348291 0.682152 0.358974 0.699267 0.382479 0.738386 0.418803 0.755501 0.420940 0.755501 0.399573 0.726161 0.363248 0.704156 0.344017
1 0.806846 0.264957 0.799511 0.284188 0.799511 0.299145 0.806846 0.314103 0.821516 0.331197 0.838631 0.333333 0.855746 0.356838 0.875306 0.358974 0.880196 0.354701 0.880196 0.341880 0.848411 0.292735 0.826406 0.269231
1 0.567237 0.235043 0.559902 0.250000 0.569682 0.279915 0.599022 0.309829 0.611247 0.309829 0.613692 0.299145 0.581907 0.239316
2 0.643032 0.350427 0.608802 0.320513 0.581907 0.318376 0.552567 0.305556 0.533007 0.320513 0.511002 0.326923 0.464548 0.324786 0.454768 0.337607 0.432763 0.333333 0.425428 0.337607 0.415648 0.333333 0.388753 0.346154 0.388753 0.358974 0.393643 0.365385 0.408313 0.367521 0.449878 0.388889 0.469438 0.388889 0.488998 0.376068 0.567237 0.363248 0.589242 0.363248 0.628362 0.373932 0.643032 0.365385
2 0.770171 0.371795 0.767726 0.382479 0.782396 0.397436 0.809291 0.386752 0.821516 0.403846 0.816626 0.410256 0.843521 0.418803 0.863081 0.440171 0.875306 0.491453 0.875306 0.512821 0.867971 0.519231 0.867971 0.529915 0.872861 0.529915 0.887531 0.504274 0.882641 0.455128 0.870416 0.425214 0.850856 0.405983 0.826406 0.395299 0.823961 0.380342 0.809291 0.369658 0.782396 0.367521
2 0.828851 0.487179 0.819071 0.482906 0.794621 0.485043 0.755501 0.512821 0.733496 0.519231 0.709046 0.534188 0.684597 0.517094 0.657702 0.517094 0.621027 0.553419 0.591687 0.564103 0.579462 0.579060 0.577017 0.604701 0.581907 0.608974 0.596577 0.608974 0.611247 0.600427 0.645477 0.602564 0.662592 0.615385 0.687042 0.645299 0.689487 0.655983 0.699267 0.662393 0.716381 0.664530 0.740831 0.655983 0.743276 0.641026 0.735941 0.636752 0.735941 0.626068 0.723716 0.621795 0.723716 0.615385 0.753056 0.594017 0.801956 0.589744 0.816626 0.591880 0.826406 0.604701 0.843521 0.596154 0.838631 0.566239 0.843521 0.536325 0.831296 0.508547
0 0.528117 0.566239 0.484108 0.527778 0.459658 0.517094 0.435208 0.517094 0.396088 0.574786 0.391198 0.576923 0.359413 0.559829 0.334963 0.564103 0.334963 0.583333 0.342298 0.600427 0.359413 0.615385 0.369193 0.617521 0.427873 0.602564 0.452323 0.623932 0.452323 0.636752 0.442543 0.645299 0.369193 0.675214 0.268949 0.662393 0.249389 0.664530 0.246944 0.673077 0.281174 0.698718 0.356968 0.707265 0.388753 0.728632 0.430318 0.726496 0.462103 0.717949 0.523227 0.668803 0.533007 0.653846 0.540342 0.598291
1 0.567237 0.700855 0.533007 0.720085 0.528117 0.728632 0.533007 0.758547 0.567237 0.814103 0.613692 0.852564 0.628362 0.854701 0.672372 0.809829 0.674817 0.750000 0.611247 0.696581
2 0.486553 0.074786 0.444988 0.074786 0.452323 0.083333 0.437653 0.091880 0.449878 0.091880 0.462103 0.098291 0.459658 0.104701 0.449878 0.102564 0.457213 0.111111 0.447433 0.119658 0.430318 0.111111 0.432763 0.104701 0.425428 0.098291 0.418093 0.104701 0.413203 0.094017 0.388753 0.091880 0.376528 0.102564 0.337408 0.106838 0.290954 0.132479 0.259169 0.138889 0.227384 0.153846 0.193154 0.183761 0.151589 0.194444 0.122249 0.217949 0.107579 0.222222 0.070905 0.245726 0.029340 0.326923 0.017115 0.339744 0.017115 0.363248 0.012225 0.371795 0.024450 0.382479 0.012225 0.399573 0.017115 0.408120 0.014670 0.420940 0.004890 0.423077 0.007335 0.438034 0.012225 0.440171 0.007335 0.455128 0.009780 0.529915 0.022005 0.544872 0.024450 0.566239 0.031785 0.572650 0.031785 0.589744 0.046455 0.613248 0.046455 0.626068 0.066015 0.643162 0.075795 0.643162 0.097800 0.660256 0.136919 0.664530 0.149144 0.694444 0.190709 0.732906 0.202934 0.730769 0.210269 0.715812 0.207824 0.709402 0.195599 0.705128 0.202934 0.700855 0.195599 0.688034 0.212714 0.688034 0.217604 0.702991 0.224939 0.705128 0.234719 0.662393 0.264059 0.660256 0.290954 0.664530 0.312958 0.645299 0.308068 0.638889 0.308068 0.630342 0.315403 0.623932 0.310513 0.611111 0.317848 0.602564 0.320293 0.608974 0.330073 0.606838 0.327628 0.594017 0.320293 0.589744 0.327628 0.581197 0.327628 0.549145 0.334963 0.544872 0.332518 0.536325 0.344743 0.523504 0.344743 0.517094 0.359413 0.506410 0.349633 0.485043 0.330073 0.480769 0.327628 0.440171 0.339853 0.440171 0.342298 0.452991 0.352078 0.452991 0.359413 0.459402 0.359413 0.478632 0.374083 0.482906 0.374083 0.467949 0.369193 0.472222 0.364303 0.463675 0.374083 0.463675 0.376528 0.457265 0.388753 0.463675 0.388753 0.442308 0.396088 0.433761 0.400978 0.438034 0.405868 0.435897 0.403423 0.412393 0.415648 0.388889 0.408313 0.380342 0.413203 0.378205 0.410758 0.369658 0.376528 0.369658 0.376528 0.361111 0.388753 0.350427 0.393643 0.331197 0.388753 0.311966 0.378973 0.314103 0.369193 0.303419 0.374083 0.297009 0.369193 0.301282 0.366748 0.297009 0.354523 0.299145 0.349633 0.292735 0.359413 0.284188 0.359413 0.252137 0.369193 0.250000 0.374083 0.264957 0.415648 0.267094 0.420538 0.271368 0.413203 0.277778 0.376528 0.279915 0.435208 0.279915 0.435208 0.267094 0.427873 0.262821 0.422983 0.239316 0.405868 0.230769 0.405868 0.222222 0.420538 0.217949 0.425428 0.205128 0.437653 0.202991 0.440098 0.188034 0.452323 0.192308 0.452323 0.202991 0.469438 0.205128 0.474328 0.198718 0.493888 0.209402 0.503667 0.200855 0.511002 0.202991 0.506112 0.179487 0.491443 0.175214 0.496333 0.168803 0.462103 0.162393 0.459658 0.166667 0.454768 0.160256 0.462103 0.155983 0.481663 0.155983 0.469438 0.134615 0.469438 0.119658 0.486553 0.117521 0.498778 0.098291 0.498778 0.085470 0.486553 0.083333
1 0.376528 0.786325 0.356968 0.807692 0.359413 0.829060 0.366748 0.839744 0.361858 0.908120 0.374083 0.916667 0.430318 0.918803 0.457213 0.891026 0.464548 0.863248 0.452323 0.848291 0.444988 0.848291 0.422983 0.865385 0.418093 0.861111 0.420538 0.848291 0.440098 0.826923 0.442543 0.814103 0.415648 0.805556 0.386308 0.786325
1 0.251834 0.764957 0.237164 0.797009 0.249389 0.833333 0.271394 0.869658 0.293399 0.873932 0.342298 0.863248 0.352078 0.848291 0.352078 0.826923 0.339853 0.801282 0.312958 0.788462 0.300733 0.788462 0.295844 0.782051 0.273839 0.777778 0.261614 0.762821
0 0.655257 0.401709 0.630807 0.380342 0.594132 0.365385 0.555012 0.365385 0.503667 0.376068 0.469438 0.391026 0.427873 0.423077 0.420538 0.461538 0.359413 0.504274 0.337408 0.538462 0.337408 0.564103 0.344743 0.568376 0.359413 0.564103 0.383863 0.579060 0.400978 0.576923 0.435208 0.523504 0.457213 0.472222 0.508557 0.455128 0.555012 0.429487 0.577017 0.446581 0.581907 0.463675 0.564792 0.482906 0.540342 0.487179 0.523227 0.502137 0.515892 0.523504 0.518337 0.540598 0.547677 0.574786 0.616137 0.553419 0.660147 0.512821 0.677262 0.480769 0.677262 0.461538
2 0.899756 0.544872 0.841076 0.544872 0.833741 0.570513 0.809291 0.589744 0.750611 0.591880 0.733496 0.606838 0.733496 0.632479 0.743276 0.649573 0.728606 0.662393 0.713936 0.666667 0.699267 0.662393 0.672372 0.634615 0.669927 0.621795 0.665037 0.628205 0.628362 0.630342 0.618582 0.613248 0.611247 0.611111 0.608802 0.621795 0.594132 0.626068 0.586797 0.636752 0.559902 0.641026 0.555012 0.666667 0.547677 0.677350 0.533007 0.675214 0.520782 0.685897 0.511002 0.683761 0.515892 0.696581 0.501222 0.700855 0.496333 0.715812 0.386308 0.737179 0.378973 0.745726 0.386308 0.752137 0.386308 0.779915 0.398533 0.784188 0.383863 0.792735 0.371638 0.786325 0.356968 0.814103 0.366748 0.852564 0.361858 0.891026 0.366748 0.912393 0.420538 0.918803 0.437653 0.912393 0.454768 0.893162 0.501222 0.899573 0.552567 0.871795 0.586797 0.871795 0.623472 0.884615 0.682152 0.884615 0.699267 0.878205 0.716381 0.858974 0.711491 0.846154 0.718826 0.839744 0.753056 0.835470 0.777506 0.816239 0.779951 0.777778 0.794621 0.754274 0.801956 0.752137 0.809291 0.764957 0.819071 0.764957 0.831296 0.750000 0.831296 0.707265 0.853301 0.696581 0.872861 0.655983 0.875306 0.628205 0.889976 0.617521 0.904645 0.594017
