1 0.540000 0.296667 0.530000 0.293333 0.503750 0.301667 0.501250 0.306667 0.500000 0.330000 0.506250 0.331667 0.538750 0.311667
1 0.482500 0.583333 0.477500 0.581667 0.466250 0.593333 0.446250 0.591667 0.431250 0.583333 0.426250 0.583333 0.425000 0.588333 0.438750 0.601667 0.466250 0.618333 0.471250 0.618333 0.475000 0.613333
1 0.560000 0.611667 0.560000 0.623333 0.571250 0.636667 0.588750 0.640000 0.596250 0.630000 0.593750 0.621667 0.575000 0.611667
1 0.677500 0.711667 0.673750 0.711667 0.663750 0.733333 0.638750 0.763333 0.636250 0.776667 0.642500 0.786667 0.651250 0.785000 0.663750 0.766667 0.677500 0.735000
1 0.673750 0.770000 0.682500 0.781667 0.693750 0.781667 0.703750 0.776667 0.702500 0.770000 0.693750 0.763333 0.680000 0.763333
1 0.766250 0.538333 0.763750 0.543333 0.763750 0.558333 0.766250 0.561667 0.778750 0.561667 0.783750 0.540000 0.781250 0.536667
1 0.541250 0.220000 0.536250 0.220000 0.523750 0.243333 0.525000 0.251667 0.535000 0.248333 0.542500 0.228333
1 0.716250 0.496667 0.681250 0.510000 0.663750 0.510000 0.658750 0.513333 0.658750 0.518333 0.683750 0.523333 0.701250 0.515000 0.713750 0.503333
1 0.570000 0.150000 0.563750 0.151667 0.550000 0.166667 0.525000 0.203333 0.517500 0.225000 0.516250 0.240000 0.518750 0.245000 0.522500 0.245000 0.535000 0.208333 0.568750 0.160000
1 0.433750 0.266667 0.422500 0.283333 0.417500 0.318333 0.420000 0.338333 0.423750 0.346667 0.451250 0.346667 0.455000 0.343333 0.453750 0.338333 0.441250 0.335000 0.430000 0.315000 0.436250 0.293333 0.437500 0.270000
1 0.468750 0.636667 0.453750 0.625000 0.446250 0.623333 0.436250 0.641667 0.411250 0.641667 0.392500 0.651667 0.390000 0.660000 0.418750 0.665000 0.448750 0.658333 0.460000 0.653333 0.467500 0.643333
1 0.405000 0.666667 0.396250 0.695000 0.396250 0.703333 0.405000 0.713333 0.411250 0.715000 0.415000 0.705000 0.417500 0.680000 0.412500 0.668333
1 0.512500 0.245000 0.498750 0.240000 0.472500 0.240000 0.455000 0.246667 0.460000 0.256667 0.472500 0.266667 0.456250 0.341667 0.460000 0.346667 0.467500 0.346667 0.476250 0.365000 0.483750 0.358333 0.487500 0.346667 0.496250 0.340000 0.500000 0.323333 0.500000 0.305000 0.503750 0.298333 0.527500 0.293333 0.542500 0.295000 0.548750 0.288333 0.546250 0.278333 0.530000 0.258333
1 0.523750 0.476667 0.520000 0.476667 0.498750 0.501667 0.485000 0.510000 0.482500 0.520000 0.493750 0.520000 0.507500 0.508333 0.520000 0.491667
1 0.411250 0.460000 0.407500 0.470000 0.406250 0.503333 0.410000 0.536667 0.416250 0.558333 0.426250 0.575000 0.436250 0.580000 0.438750 0.585000 0.447500 0.590000 0.468750 0.590000 0.466250 0.585000 0.452500 0.585000 0.440000 0.578333 0.423750 0.553333 0.418750 0.528333 0.416250 0.468333
1 0.531250 0.343333 0.525000 0.340000 0.511250 0.341667 0.493750 0.360000 0.481250 0.410000 0.482500 0.430000 0.487500 0.430000 0.491250 0.425000 0.492500 0.410000 0.501250 0.388333 0.515000 0.366667 0.530000 0.353333
1 0.457500 0.495000 0.473750 0.493333 0.481250 0.488333 0.481250 0.485000 0.463750 0.485000 0.457500 0.490000
0 0.578750 0.718333 0.572500 0.713333 0.553750 0.713333 0.522500 0.725000 0.512500 0.738333 0.506250 0.741667 0.490000 0.741667 0.470000 0.750000 0.455000 0.770000 0.446250 0.776667 0.442500 0.785000 0.445000 0.841667 0.455000 0.845000 0.482500 0.843333 0.585000 0.811667 0.588750 0.803333 0.588750 0.788333
0 0.628750 0.708333 0.611250 0.708333 0.602500 0.731667 0.598750 0.771667 0.602500 0.798333 0.607500 0.803333 0.616250 0.800000 0.631250 0.783333 0.646250 0.746667 0.645000 0.735000
0 0.601250 0.631667 0.596250 0.631667 0.591250 0.640000 0.572500 0.641667 0.583750 0.705000 0.587500 0.708333 0.607500 0.703333 0.620000 0.673333 0.620000 0.663333 0.615000 0.650000
1 0.416250 0.558333 0.412500 0.560000 0.407500 0.595000 0.410000 0.603333 0.413750 0.603333 0.417500 0.590000 0.418750 0.565000
1 0.402500 0.400000 0.400000 0.406667 0.403750 0.428333 0.411250 0.431667 0.413750 0.430000 0.412500 0.401667
1 0.418750 0.330000 0.416250 0.326667 0.406250 0.330000 0.386250 0.345000 0.370000 0.363333 0.368750 0.370000 0.373750 0.376667 0.381250 0.376667 0.393750 0.361667 0.417500 0.343333
0 0.763750 0.618333 0.752500 0.616667 0.738750 0.625000 0.721250 0.645000 0.713750 0.645000 0.707500 0.638333 0.696250 0.638333 0.680000 0.653333 0.678750 0.668333 0.685000 0.685000 0.678750 0.705000 0.678750 0.731667 0.682500 0.753333 0.687500 0.761667 0.700000 0.768333 0.711250 0.780000 0.740000 0.780000 0.755000 0.768333 0.773750 0.760000 0.788750 0.745000 0.792500 0.728333 0.800000 0.718333 0.813750 0.710000 0.813750 0.695000 0.805000 0.671667 0.802500 0.653333 0.793750 0.641667
0 0.423750 0.348333 0.416250 0.365000 0.415000 0.441667 0.421250 0.516667 0.427500 0.536667 0.428750 0.560000 0.440000 0.568333 0.466250 0.570000 0.480000 0.555000 0.477500 0.540000 0.477500 0.501667 0.471250 0.495000 0.476250 0.481667 0.473750 0.470000 0.473750 0.426667 0.470000 0.406667 0.468750 0.353333 0.466250 0.350000 0.445000 0.346667
0 0.405000 0.561667 0.392500 0.563333 0.380000 0.560000 0.351250 0.610000 0.353750 0.631667 0.366250 0.645000 0.368750 0.655000 0.388750 0.656667 0.393750 0.650000 0.412500 0.640000 0.425000 0.613333 0.426250 0.605000 0.421250 0.593333 0.412500 0.598333 0.408750 0.593333 0.407500 0.563333
0 0.338750 0.410000 0.320000 0.433333 0.288750 0.493333 0.290000 0.505000 0.328750 0.533333 0.353750 0.546667 0.387500 0.558333 0.397500 0.558333 0.407500 0.543333 0.405000 0.498333 0.407500 0.456667 0.405000 0.440000 0.402500 0.436667 0.393750 0.436667 0.390000 0.430000 0.378750 0.430000 0.376250 0.433333 0.376250 0.455000 0.372500 0.458333 0.360000 0.433333 0.356250 0.415000
1 0.426250 0.595000 0.430000 0.606667 0.446250 0.625000 0.470000 0.638333 0.480000 0.638333 0.483750 0.633333 0.483750 0.626667 0.471250 0.623333 0.457500 0.610000 0.432500 0.595000
1 0.401250 0.171667 0.391250 0.198333 0.387500 0.220000 0.395000 0.225000 0.410000 0.250000 0.420000 0.253333 0.435000 0.251667 0.438750 0.236667 0.446250 0.231667 0.447500 0.223333 0.440000 0.226667 0.436250 0.220000 0.432500 0.220000 0.430000 0.200000 0.425000 0.188333 0.410000 0.170000
0 0.593750 0.548333 0.592500 0.561667 0.595000 0.573333 0.601250 0.573333 0.611250 0.565000 0.616250 0.566667 0.642500 0.593333 0.675000 0.610000 0.688750 0.625000 0.697500 0.628333 0.713750 0.626667 0.726250 0.611667 0.725000 0.595000 0.720000 0.588333 0.711250 0.563333 0.700000 0.548333 0.682500 0.538333 0.675000 0.538333 0.651250 0.520000 0.640000 0.525000 0.640000 0.530000 0.650000 0.543333 0.646250 0.561667 0.616250 0.541667
0 0.505000 0.546667 0.515000 0.561667 0.522500 0.565000 0.531250 0.583333 0.532500 0.598333 0.536250 0.596667 0.540000 0.603333 0.545000 0.603333 0.552500 0.595000 0.565000 0.610000 0.572500 0.610000 0.577500 0.600000 0.585000 0.561667 0.563750 0.546667 0.535000 0.518333 0.531250 0.518333
0 0.681250 0.473333 0.673750 0.500000 0.712500 0.503333 0.698750 0.515000 0.688750 0.518333 0.685000 0.530000 0.690000 0.538333 0.706250 0.548333 0.718750 0.565000 0.728750 0.593333 0.745000 0.608333 0.753750 0.606667 0.772500 0.618333 0.780000 0.615000 0.792500 0.598333 0.810000 0.548333 0.807500 0.531667 0.800000 0.530000 0.772500 0.508333 0.742500 0.498333 0.701250 0.471667 0.687500 0.470000
0 0.578750 0.430000 0.570000 0.441667 0.568750 0.451667 0.580000 0.470000 0.593750 0.483333 0.595000 0.498333 0.603750 0.505000 0.607500 0.521667 0.613750 0.526667 0.622500 0.528333 0.646250 0.515000 0.656250 0.500000 0.667500 0.495000 0.672500 0.486667 0.671250 0.470000 0.640000 0.435000 0.627500 0.431667 0.607500 0.416667
0 0.275000 0.396667 0.275000 0.400000 0.308750 0.415000 0.332500 0.416667 0.340000 0.410000 0.356250 0.411667 0.361250 0.406667 0.371250 0.405000 0.376250 0.386667 0.372500 0.376667 0.330000 0.356667 0.291250 0.350000 0.287500 0.355000 0.290000 0.385000 0.278750 0.398333
0 0.513750 0.385000 0.506250 0.386667 0.497500 0.401667 0.497500 0.406667 0.503750 0.408333 0.503750 0.423333 0.501250 0.426667 0.497500 0.418333 0.493750 0.418333 0.493750 0.425000 0.478750 0.450000 0.477500 0.466667 0.483750 0.478333 0.481250 0.508333 0.485000 0.511667 0.500000 0.501667 0.525000 0.473333 0.536250 0.466667 0.523750 0.435000 0.521250 0.420000 0.522500 0.408333 0.515000 0.393333 0.518750 0.388333
1 0.627500 0.340000 0.630000 0.363333 0.637500 0.376667 0.652500 0.423333 0.680000 0.453333 0.698750 0.455000 0.723750 0.465000 0.748750 0.463333 0.775000 0.451667 0.780000 0.441667 0.790000 0.433333 0.796250 0.420000 0.795000 0.408333 0.797500 0.396667 0.792500 0.375000 0.750000 0.336667 0.723750 0.335000 0.712500 0.328333 0.665000 0.316667 0.653750 0.326667 0.641250 0.326667 0.637500 0.333333
1 0.840000 0.205000 0.831250 0.196667 0.832500 0.186667 0.830000 0.183333 0.822500 0.181667 0.816250 0.170000 0.810000 0.168333 0.801250 0.156667 0.787500 0.160000 0.780000 0.148333 0.775000 0.148333 0.763750 0.156667 0.743750 0.153333 0.738750 0.161667 0.733750 0.163333 0.731250 0.153333 0.727500 0.153333 0.731250 0.158333 0.722500 0.168333 0.712500 0.175000 0.697500 0.173333 0.697500 0.185000 0.690000 0.190000 0.671250 0.213333 0.640000 0.265000 0.637500 0.276667 0.626250 0.298333 0.626250 0.343333 0.641250 0.343333 0.641250 0.331667 0.656250 0.330000 0.660000 0.315000 0.682500 0.318333 0.692500 0.313333 0.705000 0.326667 0.720000 0.331667 0.740000 0.331667 0.761250 0.345000 0.773750 0.345000 0.813750 0.300000 0.813750 0.295000 0.833750 0.270000 0.837500 0.260000 0.835000 0.246667 0.842500 0.233333 0.842500 0.225000 0.838750 0.218333
1 0.831250 0.290000 0.820000 0.296667 0.810000 0.311667 0.782500 0.340000 0.777500 0.353333 0.780000 0.363333 0.795000 0.378333 0.798750 0.396667 0.796250 0.406667 0.797500 0.421667 0.791250 0.433333 0.781250 0.441667 0.772500 0.455000 0.745000 0.466667 0.711250 0.466667 0.713750 0.475000 0.747500 0.496667 0.758750 0.496667 0.777500 0.488333 0.795000 0.488333 0.808750 0.501667 0.816250 0.501667 0.832500 0.486667 0.837500 0.461667 0.845000 0.453333 0.847500 0.435000 0.852500 0.426667 0.852500 0.393333 0.846250 0.381667 0.845000 0.361667 0.835000 0.346667
1 0.651250 0.220000 0.633750 0.215000 0.615000 0.216667 0.606250 0.233333 0.593750 0.240000 0.583750 0.251667 0.571250 0.255000 0.567500 0.260000 0.578750 0.273333 0.577500 0.286667 0.572500 0.295000 0.563750 0.290000 0.555000 0.295000 0.555000 0.315000 0.563750 0.335000 0.578750 0.355000 0.583750 0.356667 0.591250 0.348333 0.613750 0.386667 0.617500 0.386667 0.618750 0.380000 0.610000 0.365000 0.603750 0.333333 0.601250 0.330000 0.590000 0.333333 0.580000 0.321667 0.587500 0.311667 0.587500 0.305000 0.602500 0.301667 0.610000 0.288333 0.617500 0.296667 0.622500 0.298333 0.632500 0.281667 0.635000 0.268333 0.643750 0.256667 0.647500 0.236667 0.655000 0.230000 0.655000 0.223333
1 0.596250 0.578333 0.596250 0.590000 0.601250 0.605000 0.600000 0.620000 0.606250 0.636667 0.611250 0.641667 0.631250 0.636667 0.625000 0.646667 0.618750 0.650000 0.621250 0.660000 0.653750 0.665000 0.682500 0.645000 0.682500 0.625000 0.672500 0.608333 0.642500 0.600000 0.616250 0.566667 0.610000 0.566667 0.607500 0.571667
1 0.496250 0.621667 0.503750 0.651667 0.526250 0.673333 0.538750 0.675000 0.541250 0.671667 0.547500 0.685000 0.556250 0.691667 0.575000 0.698333 0.581250 0.696667 0.581250 0.683333 0.571250 0.638333 0.558750 0.623333 0.558750 0.603333 0.555000 0.598333 0.548750 0.598333 0.535000 0.611667 0.528750 0.611667 0.522500 0.606667 0.510000 0.608333
1 0.471250 0.641667 0.463750 0.655000 0.451250 0.665000 0.451250 0.671667 0.455000 0.675000 0.466250 0.673333 0.476250 0.680000 0.483750 0.690000 0.492500 0.731667 0.505000 0.738333 0.512500 0.736667 0.516250 0.726667 0.516250 0.708333 0.507500 0.675000 0.496250 0.656667 0.486250 0.653333 0.480000 0.641667
1 0.483750 0.688333 0.477500 0.680000 0.467500 0.675000 0.450000 0.676667 0.426250 0.726667 0.426250 0.738333 0.431250 0.743333 0.441250 0.741667 0.450000 0.746667 0.466250 0.746667 0.482500 0.738333 0.491250 0.726667 0.491250 0.715000
1 0.500000 0.560000 0.502500 0.580000 0.500000 0.596667 0.513750 0.598333 0.527500 0.590000 0.526250 0.581667 0.513750 0.578333 0.506250 0.563333
1 0.537500 0.505000 0.535000 0.515000 0.542500 0.526667 0.572500 0.553333 0.585000 0.556667 0.590000 0.541667 0.590000 0.531667 0.585000 0.525000 0.546250 0.503333
1 0.648750 0.560000 0.648750 0.541667 0.637500 0.528333 0.601250 0.531667 0.602500 0.538333 0.613750 0.540000 0.643750 0.561667
1 0.555000 0.403333 0.546250 0.405000 0.538750 0.418333 0.533750 0.408333 0.528750 0.408333 0.525000 0.413333 0.526250 0.421667 0.540000 0.425000 0.537500 0.436667 0.532500 0.435000 0.536250 0.438333 0.531250 0.445000 0.531250 0.451667 0.543750 0.466667 0.560000 0.458333 0.571250 0.433333 0.570000 0.425000
1 0.592500 0.490000 0.588750 0.481667 0.568750 0.461667 0.556250 0.460000 0.523750 0.485000 0.517500 0.493333 0.517500 0.498333 0.527500 0.498333 0.552500 0.481667 0.571250 0.486667 0.586250 0.498333
1 0.541250 0.348333 0.533750 0.348333 0.525000 0.366667 0.523750 0.380000 0.532500 0.395000 0.538750 0.390000 0.547500 0.358333 0.546250 0.351667
1 0.445000 0.250000 0.438750 0.266667 0.431250 0.318333 0.440000 0.333333 0.452500 0.336667 0.456250 0.331667 0.465000 0.298333 0.468750 0.263333
1 0.543750 0.211667 0.552500 0.248333 0.551250 0.291667 0.553750 0.293333 0.558750 0.288333 0.561250 0.278333 0.561250 0.246667 0.555000 0.215000
1 0.417500 0.290000 0.406250 0.281667 0.393750 0.281667 0.382500 0.306667 0.376250 0.331667 0.380000 0.335000 0.391250 0.335000 0.408750 0.328333 0.415000 0.316667
