0 0.177500 0.588333 0.167500 0.583333 0.153750 0.586667 0.143750 0.595000 0.127500 0.620000 0.122500 0.643333 0.118750 0.645000 0.117500 0.655000 0.115000 0.656667 0.113750 0.678333 0.111250 0.680000 0.110000 0.691667 0.111250 0.710000 0.138750 0.721667 0.153750 0.720000 0.160000 0.713333 0.162500 0.703333 0.160000 0.680000 0.163750 0.663333 0.188750 0.623333 0.187500 0.613333
1 0.252500 0.350000 0.252500 0.356667 0.270000 0.371667 0.275000 0.368333 0.276250 0.356667 0.272500 0.351667
0 0.221000 0.322667 0.221125 0.336000 0.251250 0.351667 0.253750 0.348333 0.275000 0.351667 0.282500 0.343333 0.281250 0.335000 0.253750 0.320000 0.236250 0.315000 0.228750 0.318333
1 0.233750 0.186667 0.231250 0.183333 0.207500 0.188333 0.207500 0.193333 0.211250 0.196667 0.231250 0.193333
1 0.307500 0.241667 0.302500 0.241667 0.297500 0.248333 0.297500 0.288333 0.303750 0.286667 0.310000 0.265000 0.310000 0.246667
1 0.363750 0.205000 0.356250 0.203333 0.347500 0.210000 0.347500 0.221667 0.352500 0.226667 0.365000 0.221667 0.366250 0.211667
1 0.181250 0.248333 0.173750 0.258333 0.172500 0.276667 0.187500 0.298333 0.185000 0.301667 0.172500 0.303333 0.171250 0.315000 0.175000 0.325000 0.187500 0.326667 0.198750 0.311667 0.198750 0.296667 0.196250 0.288333 0.197500 0.281667 0.187500 0.265000 0.187500 0.250000
1 0.152500 0.210000 0.157500 0.238333 0.172500 0.241667 0.187500 0.230000 0.192500 0.218333 0.192500 0.211667 0.190000 0.210000 0.181250 0.211667 0.177500 0.216667
0 0.221250 0.343333 0.222500 0.350000 0.233750 0.365000 0.235000 0.375000 0.250000 0.378333 0.262500 0.371667 0.260000 0.365000 0.232500 0.340000 0.223750 0.340000
0 0.198000 0.312000 0.194750 0.322333 0.200000 0.333333 0.208750 0.335000 0.229875 0.320833 0.223250 0.313000 0.210000 0.320000 0.203750 0.311667
0 0.188750 0.355000 0.190000 0.366667 0.186250 0.376667 0.186250 0.388333 0.193750 0.398333 0.196250 0.408333 0.208750 0.413333 0.220000 0.405000 0.231250 0.405000 0.235000 0.401667 0.235000 0.391667 0.241250 0.390000 0.241250 0.361667 0.222500 0.358333 0.218750 0.345000 0.197500 0.345000
1 0.295000 0.296667 0.285000 0.298333 0.283750 0.306667 0.286250 0.310000 0.291250 0.308333 0.295000 0.303333
0 0.190000 0.326667 0.188750 0.338333 0.191250 0.341667 0.198750 0.341667 0.198750 0.326667
0 0.291250 0.313333 0.297500 0.336667 0.306250 0.345000 0.327500 0.345000 0.336250 0.328333 0.335000 0.311667 0.317500 0.296667 0.298750 0.303333
0 0.311250 0.270000 0.308750 0.275000 0.310000 0.283333 0.312500 0.286667 0.320000 0.286667 0.321250 0.275000 0.315000 0.268333
0 0.263750 0.221667 0.251250 0.231667 0.246250 0.248333 0.237500 0.250000 0.230000 0.258333 0.228750 0.273333 0.232500 0.293333 0.225000 0.296667 0.221250 0.305000 0.228750 0.315000 0.237500 0.313333 0.255000 0.318333 0.266250 0.326667 0.280000 0.326667 0.287500 0.318333 0.283750 0.303333 0.295000 0.290000 0.296250 0.246667 0.280000 0.225000
0 0.181250 0.336667 0.177500 0.341667 0.178750 0.353333 0.187500 0.360000 0.193750 0.358333 0.196250 0.346667
0 0.280000 0.348333 0.278750 0.363333 0.281250 0.366667 0.290000 0.366667 0.307500 0.380000 0.315000 0.376667 0.311250 0.348333 0.302500 0.343333 0.285000 0.343333
0 0.281250 0.368333 0.273750 0.381667 0.287500 0.386667 0.291250 0.381667 0.291250 0.371667 0.288750 0.368333
0 0.243750 0.385000 0.237500 0.400000 0.236250 0.411667 0.241250 0.418333 0.250000 0.418333 0.260000 0.403333 0.261250 0.388333
0 0.356250 0.270000 0.347500 0.268333 0.341250 0.275000 0.342500 0.280000 0.336250 0.286667 0.333750 0.298333 0.336250 0.311667 0.347500 0.313333 0.358750 0.306667 0.360000 0.281667
0 0.315000 0.220000 0.305000 0.233333 0.305000 0.240000 0.311250 0.245000 0.312500 0.265000 0.325000 0.285000 0.342500 0.276667 0.346250 0.261667 0.342500 0.240000 0.332500 0.226667
0 0.195000 0.253333 0.190000 0.258333 0.190000 0.265000 0.202500 0.285000 0.202500 0.310000 0.207500 0.318333 0.216250 0.321667 0.220000 0.315000 0.217500 0.268333 0.202500 0.253333
0 0.195000 0.230000 0.198750 0.240000 0.211250 0.256667 0.217500 0.258333 0.247500 0.245000 0.252500 0.221667 0.261250 0.218333 0.263750 0.210000 0.258750 0.205000 0.245000 0.205000 0.233750 0.196667 0.206250 0.198333 0.196250 0.206667
0 0.287500 0.181667 0.285000 0.188333 0.285000 0.206667 0.302500 0.221667 0.307500 0.220000 0.317500 0.205000 0.315000 0.191667 0.310000 0.186667 0.303750 0.186667 0.298750 0.195000 0.296250 0.191667 0.301250 0.186667 0.295000 0.180000
0 0.216250 0.170000 0.208750 0.156667 0.197500 0.155000 0.185000 0.166667 0.173750 0.170000 0.171250 0.186667 0.176250 0.193333 0.183750 0.188333 0.206250 0.188333 0.215000 0.181667
0 0.225000 0.721667 0.211250 0.731667 0.196250 0.731667 0.183750 0.725000 0.177500 0.726667 0.172500 0.756667 0.185000 0.815000 0.192500 0.816667 0.201250 0.813333 0.217500 0.791667 0.240750 0.765333 0.240500 0.691667
0 0.170000 0.720000 0.158750 0.718333 0.138750 0.725000 0.117500 0.720000 0.108750 0.728333 0.108750 0.751667 0.102500 0.761667 0.101250 0.781667 0.095000 0.808333 0.096250 0.840000 0.113750 0.845000 0.146250 0.843333 0.156250 0.840000 0.175000 0.825000 0.177500 0.806667 0.175000 0.780000 0.170000 0.765000 0.172500 0.741667
0 0.202500 0.575000 0.203750 0.625000 0.206250 0.636667 0.215000 0.651667 0.222500 0.658333 0.257500 0.671667 0.275000 0.671667 0.282500 0.663333 0.288750 0.645000 0.288750 0.616667 0.278750 0.595000 0.257500 0.590000 0.225000 0.573333 0.207500 0.571667
0 0.318750 0.668333 0.308750 0.661667 0.302500 0.661667 0.308750 0.665000 0.305000 0.671667 0.295000 0.668333 0.298750 0.696667 0.296250 0.725000 0.292500 0.735000 0.287500 0.733333 0.290000 0.725000 0.287500 0.713333 0.290000 0.683333 0.275000 0.673333 0.265000 0.673333 0.252500 0.688333 0.243750 0.713333 0.238750 0.740000 0.242500 0.778333 0.235000 0.808333 0.220000 0.821667 0.216250 0.841667 0.208750 0.860000 0.208750 0.885000 0.216250 0.895000 0.232500 0.898333 0.243750 0.890000 0.280000 0.821667 0.320000 0.780000 0.327500 0.756667 0.328750 0.740000 0.327500 0.688333 0.325000 0.676667
0 0.181250 0.646667 0.168750 0.660000 0.165000 0.670000 0.163750 0.688333 0.166250 0.701667 0.172500 0.715000 0.185000 0.726667 0.196250 0.731667 0.211250 0.731667 0.223750 0.718333 0.227500 0.703333 0.226250 0.673333 0.217500 0.656667 0.203750 0.645000 0.187500 0.643333
2 0.521250 0.581667 0.525000 0.595000 0.516250 0.620000 0.523750 0.630000 0.523750 0.646667 0.530000 0.673333 0.515000 0.686667 0.516250 0.706667 0.528750 0.733333 0.556250 0.741667 0.595000 0.785000 0.598750 0.791667 0.597500 0.806667 0.600000 0.813333 0.626250 0.811667 0.676250 0.830000 0.721250 0.818333 0.733750 0.805000 0.746250 0.798333 0.770000 0.765000 0.780000 0.725000 0.780000 0.671667 0.785000 0.618333 0.770000 0.556667 0.757500 0.530000 0.751250 0.531667 0.742500 0.541667 0.732500 0.541667 0.718750 0.525000 0.700000 0.520000 0.693750 0.513333 0.687500 0.513333 0.675000 0.505000 0.672500 0.513333 0.640000 0.528333 0.627500 0.525000 0.620000 0.528333 0.611250 0.538333 0.607500 0.548333 0.605000 0.540000 0.608750 0.516667 0.600000 0.501667 0.593750 0.501667 0.596250 0.513333 0.591250 0.520000 0.572500 0.523333 0.545000 0.546667
1 0.282500 0.325000 0.282500 0.331667 0.286250 0.335000 0.295000 0.333333 0.292500 0.323333
1 0.333750 0.343333 0.326250 0.355000 0.326250 0.375000 0.333750 0.390000 0.340000 0.390000 0.346250 0.383333 0.347500 0.375000 0.340000 0.365000 0.337500 0.348333
1 0.227500 0.180000 0.228750 0.185000 0.241250 0.185000 0.260000 0.193333 0.270000 0.193333 0.272500 0.190000 0.272500 0.181667 0.261250 0.168333 0.235000 0.170000
0 0.336250 0.158333 0.317500 0.181667 0.316250 0.195000 0.322500 0.205000 0.343750 0.210000 0.352500 0.201667 0.351250 0.171667 0.342500 0.158333
0 0.327500 0.141667 0.321250 0.136667 0.300000 0.140000 0.297500 0.145000 0.300000 0.155000 0.295000 0.165000 0.295000 0.171667 0.300000 0.176667 0.315000 0.176667 0.323750 0.171667 0.331250 0.155000
0 0.290000 0.145000 0.280000 0.131667 0.265000 0.123333 0.251250 0.128333 0.241250 0.126667 0.233750 0.135000 0.232500 0.143333 0.225000 0.156667 0.225000 0.163333 0.231250 0.168333 0.266250 0.166667 0.270000 0.175000 0.276250 0.176667 0.287500 0.165000
0 0.211250 0.118333 0.206250 0.125000 0.206250 0.145000 0.211250 0.156667 0.221250 0.161667 0.230000 0.146667 0.231250 0.131667 0.225000 0.121667
