1 0.658750 0.558333 0.655000 0.565000 0.652500 0.611667 0.643750 0.633333 0.643750 0.658333 0.636250 0.685000 0.630000 0.740000 0.618750 0.773333 0.611250 0.811667 0.611250 0.823333 0.615000 0.830000 0.622500 0.828333 0.631250 0.831667 0.637500 0.823333 0.648750 0.821667 0.657500 0.811667 0.661250 0.815000 0.666250 0.813333 0.671250 0.800000 0.683750 0.786667 0.696250 0.761667 0.703750 0.740000 0.703750 0.725000 0.710000 0.703333 0.708750 0.681667 0.711250 0.658333 0.705000 0.645000 0.703750 0.621667 0.698750 0.613333 0.691250 0.611667 0.663750 0.573333
2 0.492500 0.308333 0.486250 0.313333 0.481250 0.325000 0.447500 0.331667 0.431250 0.343333 0.405000 0.345000 0.376250 0.378333 0.351250 0.415000 0.340000 0.448333 0.336250 0.451667 0.332500 0.468333 0.327500 0.475000 0.321250 0.498333 0.325000 0.516667 0.321250 0.536667 0.321250 0.558333 0.325000 0.581667 0.323750 0.616667 0.332500 0.650000 0.336250 0.656667 0.345000 0.661667 0.351250 0.686667 0.358750 0.693333 0.376250 0.731667 0.391250 0.750000 0.400000 0.781667 0.406250 0.783333 0.423750 0.778333 0.435000 0.781667 0.438750 0.788333 0.465000 0.796667 0.477500 0.811667 0.515000 0.815000 0.536250 0.811667 0.552500 0.800000 0.572500 0.795000 0.581250 0.783333 0.591250 0.780000 0.593750 0.768333 0.608750 0.753333 0.608750 0.740000 0.622500 0.721667 0.628750 0.693333 0.626250 0.690000 0.633750 0.678333 0.640000 0.655000 0.640000 0.635000 0.643750 0.613333 0.647500 0.610000 0.648750 0.581667 0.642500 0.563333 0.642500 0.546667 0.647500 0.540000 0.648750 0.518333 0.641250 0.511667 0.640000 0.485000 0.627500 0.483333 0.621250 0.471667 0.612500 0.468333 0.608750 0.456667 0.593750 0.436667 0.592500 0.425000 0.585000 0.418333 0.572500 0.391667 0.578750 0.381667 0.577500 0.366667 0.572500 0.360000 0.551250 0.355000 0.545000 0.331667 0.541250 0.330000 0.541250 0.325000 0.535000 0.323333 0.533750 0.318333 0.525000 0.315000 0.508750 0.318333 0.497500 0.308333
1 0.682500 0.146667 0.671250 0.156667 0.650000 0.205000 0.621250 0.203333 0.593750 0.215000 0.578750 0.236667 0.578750 0.256667 0.582500 0.258333 0.588750 0.251667 0.592500 0.260000 0.581250 0.273333 0.512500 0.273333 0.512500 0.280000 0.525000 0.305000 0.543750 0.316667 0.548750 0.330000 0.556250 0.331667 0.567500 0.350000 0.595000 0.378333 0.590000 0.395000 0.595000 0.421667 0.608750 0.451667 0.620000 0.468333 0.655000 0.475000 0.665000 0.461667 0.681250 0.453333 0.686250 0.445000 0.708375 0.491167 0.694875 0.413000 0.725000 0.373333 0.718750 0.353333 0.713750 0.348333 0.697500 0.315000 0.697500 0.306667 0.706250 0.290000 0.700000 0.286667 0.691250 0.271667 0.695000 0.253333 0.707500 0.235000 0.707500 0.221667 0.717500 0.201667 0.717500 0.190000 0.711250 0.175000 0.702500 0.170000
1 0.665000 0.463333 0.653750 0.478333 0.651250 0.498333 0.655000 0.543333 0.661250 0.556667 0.665000 0.575000 0.688750 0.610000 0.697500 0.610000 0.707500 0.626667 0.716250 0.628333 0.723750 0.638333 0.733750 0.631667 0.738750 0.638333 0.745000 0.640000 0.751250 0.633333 0.763750 0.643333 0.767500 0.611667 0.756250 0.571667 0.742500 0.551667 0.725000 0.515000 0.718750 0.510000 0.687500 0.460000 0.678750 0.456667
0 0.620000 0.628333 0.611250 0.621667 0.593750 0.621667 0.578750 0.625000 0.556250 0.638333 0.552500 0.648333 0.552500 0.670000 0.557500 0.681667 0.556250 0.688333 0.560000 0.683333 0.563750 0.688333 0.572500 0.688333 0.571250 0.695000 0.575000 0.698333 0.586250 0.696667 0.586250 0.701667 0.591250 0.701667 0.602500 0.686667 0.608750 0.665000 0.618750 0.655000 0.621250 0.641667
0 0.552500 0.361667 0.540000 0.360000 0.520000 0.375000 0.476250 0.390000 0.465000 0.398333 0.430000 0.413333 0.426250 0.418333 0.412500 0.418333 0.402500 0.423333 0.393750 0.440000 0.367500 0.455000 0.352500 0.473333 0.347500 0.485000 0.346250 0.500000 0.352500 0.503333 0.360000 0.501667 0.372500 0.485000 0.375000 0.488333 0.373750 0.515000 0.377500 0.518333 0.380000 0.505000 0.386250 0.506667 0.423750 0.476667 0.476250 0.441667 0.492500 0.436667 0.518750 0.415000 0.537500 0.408333 0.551250 0.393333
0 0.576250 0.428333 0.565000 0.421667 0.553750 0.423333 0.532500 0.431667 0.515000 0.431667 0.472500 0.448333 0.440000 0.471667 0.422500 0.480000 0.397500 0.500000 0.376250 0.525000 0.376250 0.533333 0.382500 0.533333 0.393750 0.525000 0.403750 0.530000 0.415000 0.528333 0.426250 0.518333 0.457500 0.501667 0.485000 0.498333 0.513750 0.485000 0.538750 0.488333 0.572500 0.486667 0.577500 0.475000 0.578750 0.461667
0 0.590000 0.530000 0.582500 0.520000 0.565000 0.516667 0.522500 0.491667 0.508750 0.490000 0.446250 0.510000 0.417500 0.530000 0.382500 0.545000 0.376250 0.550000 0.375000 0.556667 0.383750 0.563333 0.412500 0.561667 0.417500 0.558333 0.432500 0.563333 0.435000 0.556667 0.437500 0.561667 0.453750 0.563333 0.487500 0.545000 0.521250 0.538333 0.535000 0.531667 0.543750 0.531667 0.558750 0.541667 0.586250 0.545000 0.590000 0.538333
0 0.563750 0.583333 0.562500 0.555000 0.553750 0.543333 0.542500 0.538333 0.507500 0.540000 0.497500 0.545000 0.486250 0.545000 0.466250 0.556667 0.448750 0.556667 0.445000 0.551667 0.437500 0.550000 0.407500 0.561667 0.383750 0.563333 0.391250 0.578333 0.408750 0.585000 0.458750 0.580000 0.461250 0.583333 0.452500 0.591667 0.470000 0.608333 0.508750 0.621667 0.533750 0.621667 0.545000 0.615000 0.562500 0.595000
0 0.452500 0.686667 0.480000 0.695000 0.503750 0.695000 0.512500 0.691667 0.543750 0.660000 0.542500 0.640000 0.530000 0.630000 0.490000 0.618333 0.477500 0.618333 0.455000 0.638333 0.455000 0.648333 0.458750 0.658333
0 0.367500 0.606667 0.370000 0.611667 0.363750 0.618333 0.365000 0.623333 0.382500 0.638333 0.382500 0.646667 0.373750 0.665000 0.376250 0.685000 0.385000 0.695000 0.407500 0.700000 0.428750 0.698333 0.450000 0.683333 0.453750 0.678333 0.458750 0.656667 0.452500 0.641667 0.456250 0.633333 0.470000 0.623333 0.470000 0.615000 0.463750 0.606667 0.456250 0.605000 0.445000 0.593333 0.427500 0.590000 0.412500 0.595000 0.408750 0.600000 0.405000 0.586667 0.393750 0.586667
0 0.427500 0.736667 0.430000 0.763333 0.440000 0.778333 0.463750 0.783333 0.497500 0.778333 0.512500 0.783333 0.531250 0.780000 0.546250 0.790000 0.562500 0.788333 0.547500 0.763333 0.548750 0.758333 0.555000 0.755000 0.558750 0.738333 0.553750 0.735000 0.533750 0.736667 0.500000 0.728333 0.466250 0.725000
0 0.412500 0.721667 0.415000 0.730000 0.422500 0.735000 0.472500 0.723333 0.507500 0.730000 0.563750 0.733333 0.578750 0.726667 0.585000 0.711667 0.593750 0.701667 0.593750 0.696667 0.587500 0.695000 0.580000 0.698333 0.567500 0.691667 0.565000 0.693333 0.566250 0.698333 0.558750 0.696667 0.552500 0.703333 0.538750 0.705000 0.517500 0.695000 0.485000 0.696667 0.445000 0.691667 0.435000 0.698333 0.415000 0.703333
