0 0.498750 0.178333 0.455000 0.110000 0.438750 0.108333 0.422500 0.128333 0.415000 0.146667 0.405000 0.183333 0.402500 0.205000 0.411250 0.213333 0.437500 0.211667 0.447500 0.205000 0.462500 0.206667 0.468750 0.200000 0.471250 0.190000 0.481250 0.188333 0.491250 0.191667 0.497500 0.186667
2 0.675000 0.293333 0.665000 0.300000 0.652500 0.326667 0.643750 0.328333 0.637500 0.335000 0.632500 0.326667 0.621250 0.330000 0.607500 0.348333 0.606250 0.355000 0.596250 0.361667 0.591250 0.381667 0.527500 0.390000 0.517500 0.395000 0.511250 0.403333 0.500000 0.406667 0.497500 0.420000 0.485000 0.443333 0.482500 0.455000 0.475000 0.465000 0.456250 0.473333 0.443750 0.495000 0.430000 0.500000 0.422500 0.510000 0.420000 0.528333 0.413750 0.533333 0.407500 0.560000 0.407500 0.646667 0.421250 0.701667 0.436250 0.731667 0.482500 0.793333 0.521250 0.820000 0.530000 0.820000 0.547500 0.828333 0.583750 0.828333 0.586250 0.831667 0.586250 0.846667 0.592500 0.858333 0.608750 0.856667 0.616250 0.851667 0.621250 0.843333 0.621250 0.831667 0.630000 0.820000 0.653750 0.823333 0.645000 0.805000 0.650000 0.798333 0.670000 0.790000 0.703750 0.748333 0.710000 0.728333 0.718750 0.715000 0.733750 0.668333 0.737500 0.628333 0.748750 0.608333 0.751250 0.595000 0.765000 0.565000 0.765000 0.545000 0.747500 0.516667 0.735000 0.513333 0.731250 0.501667 0.733750 0.488333 0.746250 0.466667 0.745000 0.460000 0.750000 0.446667 0.748750 0.435000 0.742500 0.421667 0.717500 0.395000 0.707500 0.393333 0.700000 0.400000 0.696250 0.398333 0.692500 0.383333 0.697500 0.375000 0.696250 0.361667 0.703750 0.350000 0.703750 0.340000 0.700000 0.333333 0.696250 0.308333
1 0.512500 0.288333 0.508750 0.290000 0.505000 0.341667 0.508750 0.381667 0.513750 0.390000 0.517500 0.390000 0.528750 0.375000 0.530000 0.310000 0.526250 0.291667
1 0.472500 0.301667 0.476250 0.316667 0.486250 0.318333 0.505000 0.316667 0.511250 0.288333 0.521250 0.291667 0.527500 0.300000 0.530000 0.316667 0.546250 0.311667 0.548750 0.305000 0.546250 0.290000 0.535000 0.286667 0.473750 0.290000
1 0.285000 0.310000 0.286250 0.326667 0.295000 0.335000 0.311250 0.336667 0.320000 0.331667 0.326250 0.321667 0.326250 0.310000 0.315000 0.301667 0.295000 0.300000
1 0.243750 0.340000 0.247500 0.366667 0.253750 0.381667 0.260000 0.388333 0.271250 0.386667 0.295000 0.375000 0.305000 0.366667 0.310000 0.356667 0.310000 0.346667 0.305000 0.343333 0.270000 0.360000 0.263750 0.360000 0.256250 0.331667 0.250000 0.331667
1 0.275000 0.281667 0.275000 0.290000 0.282500 0.305000 0.308750 0.295000 0.306250 0.278333 0.278750 0.278333
1 0.310000 0.423333 0.308750 0.441667 0.312500 0.451667 0.313750 0.468333 0.320000 0.473333 0.342500 0.476667 0.333750 0.446667
0 0.320000 0.476667 0.318750 0.523333 0.330000 0.545000 0.358750 0.543333 0.377500 0.523333 0.368750 0.508333 0.341250 0.478333 0.328750 0.473333
0 0.383750 0.395000 0.391250 0.420000 0.405000 0.436667 0.447500 0.465000 0.468750 0.463333 0.477500 0.453333 0.493750 0.420000 0.493750 0.406667 0.483750 0.391667 0.452500 0.370000 0.406250 0.365000 0.391250 0.371667 0.388750 0.388333
0 0.615000 0.328333 0.605000 0.311667 0.597500 0.306667 0.587500 0.306667 0.540000 0.321667 0.531250 0.330000 0.530000 0.336667 0.531250 0.370000 0.540000 0.378333 0.566250 0.383333 0.575000 0.378333 0.583750 0.378333 0.615000 0.336667
0 0.265000 0.276667 0.278750 0.280000 0.283750 0.276667 0.327500 0.273333 0.343750 0.265000 0.345000 0.253333 0.335000 0.240000 0.318750 0.228333 0.283750 0.223333 0.276250 0.226667 0.273750 0.231667 0.272500 0.250000 0.267500 0.258333
0 0.376250 0.556667 0.370000 0.563333 0.373750 0.635000 0.368750 0.651667 0.368750 0.668333 0.378750 0.691667 0.387500 0.698333 0.402500 0.698333 0.408750 0.688333 0.408750 0.678333 0.403750 0.650000 0.398750 0.586667 0.391250 0.563333 0.387500 0.558333
0 0.316250 0.395000 0.307500 0.410000 0.308750 0.418333 0.335000 0.448333 0.343750 0.478333 0.352500 0.491667 0.385000 0.523333 0.395000 0.528333 0.407500 0.526667 0.410000 0.521667 0.407500 0.496667 0.400000 0.481667 0.390000 0.438333 0.375000 0.410000 0.377500 0.398333 0.375000 0.380000 0.366250 0.371667 0.351250 0.371667 0.342500 0.375000 0.332500 0.388333
0 0.352500 0.206667 0.352500 0.216667 0.360000 0.233333 0.391250 0.266667 0.401250 0.260000 0.420000 0.256667 0.440000 0.236667 0.437500 0.228333 0.411250 0.218333 0.388750 0.196667 0.370000 0.191667 0.358750 0.196667
0 0.320000 0.588333 0.313750 0.593333 0.313750 0.608333 0.317500 0.621667 0.305000 0.636667 0.297500 0.661667 0.312500 0.690000 0.323750 0.698333 0.342500 0.703333 0.346250 0.701667 0.351250 0.690000 0.350000 0.666667 0.360000 0.658333 0.363750 0.643333 0.360000 0.631667 0.350000 0.620000 0.338750 0.596667
0 0.312500 0.380000 0.310000 0.376667 0.296250 0.376667 0.280000 0.386667 0.260000 0.391667 0.257500 0.413333 0.243750 0.436667 0.227500 0.443333 0.231250 0.458333 0.260000 0.473333 0.311250 0.471667 0.313750 0.465000 0.306250 0.436667 0.305000 0.410000 0.313750 0.395000
1 0.423750 0.276667 0.413750 0.266667 0.403750 0.265000 0.380000 0.298333 0.375000 0.310000 0.363750 0.321667 0.348750 0.348333 0.348750 0.358333 0.363750 0.361667 0.370000 0.356667 0.390000 0.323333 0.421250 0.286667
0 0.251250 0.488333 0.251250 0.530000 0.258750 0.568333 0.272500 0.588333 0.282500 0.588333 0.291250 0.581667 0.307500 0.578333 0.310000 0.565000 0.313750 0.561667 0.312500 0.556667 0.316250 0.553333 0.308750 0.541667 0.313750 0.538333 0.312500 0.533333 0.316250 0.528333 0.307500 0.520000 0.298750 0.520000 0.295000 0.505000 0.281250 0.495000 0.266250 0.488333
0 0.526250 0.251667 0.516250 0.241667 0.501250 0.240000 0.492500 0.228333 0.496250 0.223333 0.483750 0.218333 0.478750 0.221667 0.473750 0.220000 0.467500 0.231667 0.462500 0.230000 0.461250 0.233333 0.465000 0.238333 0.438750 0.241667 0.430000 0.248333 0.421250 0.261667 0.426250 0.280000 0.407500 0.305000 0.405000 0.313333 0.407500 0.326667 0.418750 0.341667 0.423750 0.343333 0.433750 0.313333 0.443750 0.300000 0.460000 0.311667 0.468750 0.313333 0.471250 0.311667 0.471250 0.291667 0.475000 0.286667 0.527500 0.283333
0 0.402500 0.443333 0.402500 0.483333 0.405000 0.488333 0.413750 0.493333 0.428750 0.495000 0.438750 0.493333 0.443750 0.486667 0.442500 0.483333 0.448750 0.471667 0.446250 0.465000 0.423750 0.448333 0.407500 0.441667
0 0.438750 0.303333 0.431250 0.325000 0.430000 0.345000 0.422500 0.363333 0.431250 0.368333 0.456250 0.371667 0.482500 0.390000 0.492500 0.403333 0.498750 0.403333 0.503750 0.393333 0.506250 0.378333 0.503750 0.335000 0.500000 0.325000 0.482500 0.320000 0.472500 0.321667 0.451250 0.303333
0 0.358750 0.273333 0.311250 0.275000 0.310000 0.278333 0.311250 0.298333 0.322500 0.305000 0.327500 0.315000 0.326250 0.325000 0.312500 0.338333 0.312500 0.370000 0.317500 0.388333 0.328750 0.386667 0.348750 0.368333 0.345000 0.348333 0.360000 0.326667 0.363750 0.315000 0.365000 0.293333
