0 0.301961 0.364706 0.286275 0.393137 0.275490 0.431373 0.275490 0.444118 0.282353 0.450000 0.318627 0.456863 0.349020 0.468627 0.383333 0.467647 0.393137 0.465686 0.403922 0.457843 0.409804 0.444118 0.410784 0.428431 0.414706 0.418627 0.414706 0.398039 0.400980 0.361765 0.394118 0.352941 0.384314 0.349020 0.350000 0.346078 0.330392 0.350980 0.323529 0.355882 0.313725 0.357843 0.309804 0.361765
0 0.000000 0.511765 0.000000 0.622549 0.021569 0.618627 0.030392 0.612745 0.050000 0.594118 0.056863 0.590196 0.071569 0.571569 0.041176 0.532353 0.024510 0.520588 0.014706 0.517647 0.005882 0.511765
0 0.000000 0.671569 0.000000 0.770588 0.022549 0.773529 0.041176 0.771569 0.049020 0.765686 0.051961 0.755882 0.054902 0.752941 0.051961 0.736275 0.030392 0.712745 0.020588 0.675490 0.008824 0.671569
0 0.342157 0.469608 0.327451 0.463725 0.315686 0.464706 0.308824 0.459804 0.297059 0.455882 0.284314 0.454902 0.274510 0.457843 0.244118 0.474510 0.241176 0.483333 0.225490 0.504902 0.209804 0.544118 0.189216 0.565686 0.184314 0.574510 0.173529 0.583333 0.163725 0.603922 0.166667 0.614706 0.184314 0.641176 0.191176 0.644118 0.211765 0.644118 0.226471 0.640196 0.250000 0.622549 0.261765 0.606863 0.280392 0.591176 0.297059 0.565686 0.311765 0.553922 0.343137 0.505882 0.347059 0.480392
0 0.498039 0.524510 0.493137 0.523529 0.490196 0.528431 0.487255 0.523529 0.482353 0.526471 0.478431 0.524510 0.476471 0.528431 0.470588 0.529412 0.467647 0.535294 0.456863 0.544118 0.456863 0.546078 0.466667 0.547059 0.468627 0.549020 0.467647 0.553922 0.462745 0.553922 0.458824 0.559804 0.454902 0.553922 0.451961 0.560784 0.441176 0.555882 0.430392 0.555882 0.414706 0.559804 0.411765 0.562745 0.397059 0.563725 0.383333 0.557843 0.370588 0.544118 0.363725 0.543137 0.341176 0.554902 0.322549 0.555882 0.302941 0.563725 0.290196 0.580392 0.282353 0.595098 0.276471 0.637255 0.281373 0.652941 0.298039 0.666667 0.310784 0.700000 0.312745 0.701961 0.330392 0.701961 0.342157 0.696078 0.368627 0.689216 0.383333 0.681373 0.391176 0.672549 0.395098 0.650980 0.400000 0.641176 0.426471 0.612745 0.450000 0.604902 0.467647 0.596078 0.474510 0.587255 0.491176 0.576471 0.494118 0.568627 0.493137 0.564706 0.500000 0.561765 0.498039 0.551961 0.502941 0.533333
0 0.550980 0.564706 0.538235 0.562745 0.525490 0.568627 0.516667 0.576471 0.510784 0.586275 0.489216 0.602941 0.459804 0.604902 0.429412 0.614706 0.406863 0.634314 0.398039 0.647059 0.393137 0.677451 0.392157 0.698039 0.394118 0.708824 0.406863 0.736275 0.414706 0.746078 0.434314 0.758824 0.451961 0.775490 0.502941 0.778431 0.507843 0.775490 0.514706 0.764706 0.517647 0.753922 0.534314 0.721569 0.555882 0.700980 0.559804 0.693137 0.568627 0.654902 0.570588 0.628431 0.581373 0.600000 0.581373 0.594118 0.576471 0.583333 0.568627 0.575490
0 0.515686 0.765686 0.516667 0.781373 0.527451 0.796078 0.523529 0.821569 0.524510 0.840196 0.529412 0.848039 0.535294 0.850000 0.552941 0.849020 0.568627 0.840196 0.611765 0.841176 0.634314 0.844118 0.647059 0.839216 0.663725 0.837255 0.674510 0.828431 0.685294 0.823529 0.698039 0.823529 0.711765 0.830392 0.740196 0.830392 0.754902 0.835294 0.763725 0.835294 0.778431 0.818627 0.783333 0.805882 0.783333 0.795098 0.780392 0.787255 0.765686 0.762745 0.735294 0.743137 0.718627 0.737255 0.671569 0.734314 0.639216 0.725490 0.625490 0.724510 0.610784 0.716667 0.600000 0.705882 0.585294 0.696078 0.572549 0.695098 0.548039 0.707843 0.540196 0.716667
0 0.741176 0.450000 0.727451 0.451961 0.709804 0.463725 0.702941 0.465686 0.700980 0.468627 0.666667 0.485294 0.656863 0.493137 0.647059 0.509804 0.609804 0.548039 0.606863 0.554902 0.606863 0.565686 0.608824 0.569608 0.614706 0.574510 0.638235 0.579412 0.648039 0.587255 0.658824 0.587255 0.668627 0.583333 0.684314 0.585294 0.705882 0.606863 0.710784 0.608824 0.717647 0.606863 0.736275 0.582353 0.750000 0.535294 0.752941 0.503922 0.744118 0.474510 0.744118 0.458824
0 0.176471 0.357843 0.155882 0.355882 0.131373 0.362745 0.118627 0.362745 0.095098 0.371569 0.071569 0.395098 0.061765 0.412745 0.047059 0.426471 0.040196 0.440196 0.038235 0.452941 0.048039 0.483333 0.063725 0.491176 0.083333 0.492157 0.094118 0.477451 0.116667 0.454902 0.148039 0.436275 0.171569 0.389216
0 0.527451 0.361765 0.517647 0.357843 0.484314 0.360784 0.463725 0.369608 0.457843 0.378431 0.452941 0.392157 0.422549 0.423529 0.402941 0.463725 0.375490 0.486275 0.373529 0.492157 0.365686 0.501961 0.363725 0.521569 0.370588 0.544118 0.387255 0.558824 0.396078 0.561765 0.409804 0.560784 0.438235 0.551961 0.447059 0.546078 0.485294 0.507843 0.490196 0.495098 0.496078 0.489216 0.502941 0.486275 0.510784 0.470588 0.518627 0.462745 0.524510 0.459804 0.535294 0.449020 0.553922 0.444118 0.558824 0.439216 0.560784 0.426471 0.557843 0.414706 0.542157 0.395098 0.541176 0.390196 0.535294 0.385294 0.531373 0.366667
0 0.748039 0.330392 0.736275 0.325490 0.726471 0.324510 0.717647 0.326471 0.708824 0.335294 0.683333 0.329412 0.654902 0.331373 0.642157 0.334314 0.611765 0.352941 0.587255 0.386275 0.582353 0.396078 0.571569 0.435294 0.561765 0.444118 0.548039 0.447059 0.529412 0.460784 0.524510 0.461765 0.514706 0.469608 0.508824 0.478431 0.506863 0.505882 0.514706 0.521569 0.525490 0.527451 0.540196 0.525490 0.562745 0.527451 0.581373 0.520588 0.601961 0.516667 0.604902 0.513725 0.614706 0.511765 0.634314 0.502941 0.639216 0.497059 0.662745 0.485294 0.666667 0.481373 0.692157 0.473529 0.701961 0.463725 0.705882 0.464706 0.723529 0.455882 0.723529 0.452941 0.708824 0.451961 0.709804 0.448039 0.724510 0.450000 0.727451 0.452941 0.741176 0.449020 0.745098 0.440196 0.744118 0.403922 0.751961 0.393137 0.750000 0.360784 0.752941 0.345098
0 0.240196 0.329412 0.228431 0.325490 0.212745 0.325490 0.208824 0.329412 0.204902 0.328431 0.195098 0.336275 0.178431 0.359804 0.171569 0.376471 0.164706 0.403922 0.153922 0.425490 0.145098 0.436275 0.117647 0.450000 0.093137 0.474510 0.087255 0.483333 0.079412 0.500980 0.079412 0.510784 0.087255 0.532353 0.085294 0.565686 0.088235 0.568627 0.120588 0.576471 0.143137 0.577451 0.186275 0.559804 0.209804 0.530392 0.212745 0.519608 0.221569 0.506863 0.227451 0.492157 0.228431 0.477451 0.223529 0.441176 0.227451 0.424510 0.242157 0.406863 0.246078 0.393137 0.257843 0.381373 0.260784 0.373529 0.260784 0.360784 0.251961 0.349020 0.250980 0.342157
0 0.581373 0.607843 0.574510 0.625490 0.572549 0.640196 0.574510 0.651961 0.582353 0.672549 0.583333 0.687255 0.590196 0.698039 0.616667 0.717647 0.663725 0.730392 0.710784 0.730392 0.736275 0.736275 0.749020 0.742157 0.758824 0.752941 0.773529 0.761765 0.788235 0.757843 0.806863 0.740196 0.810784 0.731373 0.809804 0.716667 0.797059 0.692157 0.769608 0.665686 0.763725 0.653922 0.743137 0.638235 0.741176 0.632353 0.730392 0.620588 0.716667 0.612745 0.705882 0.609804 0.696078 0.597059 0.684314 0.588235 0.672549 0.586275 0.654902 0.593137 0.637255 0.594118 0.610784 0.587255 0.596078 0.593137
0 0.892157 0.760784 0.878431 0.774510 0.875490 0.780392 0.875490 0.787255 0.883333 0.794118 0.892157 0.798039 0.896078 0.801961 0.896078 0.806863 0.888235 0.813725 0.875490 0.814706 0.867647 0.817647 0.862745 0.822549 0.860784 0.829412 0.863725 0.838235 0.877451 0.851961 0.906863 0.871569 0.913725 0.883333 0.918627 0.898039 0.927451 0.909804 0.948039 0.913725 0.964706 0.936275 0.982353 0.938235 0.987255 0.935294 1.000000 0.933333 1.000000 0.814706 0.988235 0.811765 0.973529 0.801961 0.954902 0.797059 0.928431 0.781373 0.921569 0.774510 0.917647 0.760784 0.912745 0.753922 0.907843 0.753922 0.900980 0.760784
0 0.226471 0.644118 0.216667 0.649020 0.204902 0.649020 0.200000 0.652941 0.190196 0.655882 0.188235 0.658824 0.187255 0.709804 0.176471 0.742157 0.175490 0.791176 0.189216 0.836275 0.211765 0.872549 0.218627 0.877451 0.229412 0.877451 0.250980 0.886275 0.261765 0.887255 0.271569 0.882353 0.277451 0.876471 0.295098 0.869608 0.303922 0.863725 0.327451 0.819608 0.331373 0.815686 0.340196 0.812745 0.345098 0.806863 0.345098 0.780392 0.342157 0.767647 0.325490 0.744118 0.302941 0.723529 0.285294 0.712745 0.272549 0.699020 0.264706 0.684314 0.261765 0.672549 0.253922 0.660784 0.240196 0.646078
0 0.083333 0.574510 0.077451 0.576471 0.066667 0.588235 0.048039 0.599020 0.032353 0.611765 0.026471 0.624510 0.024510 0.635294 0.023529 0.690196 0.029412 0.709804 0.057843 0.739216 0.074510 0.767647 0.082353 0.788235 0.081373 0.811765 0.086275 0.823529 0.094118 0.831373 0.111765 0.839216 0.121569 0.840196 0.130392 0.837255 0.138235 0.829412 0.143137 0.828431 0.158824 0.817647 0.164706 0.810784 0.166667 0.790196 0.174510 0.760784 0.171569 0.749020 0.171569 0.736275 0.184314 0.697059 0.185294 0.683333 0.182353 0.650000 0.167647 0.620588 0.139216 0.588235 0.121569 0.579412 0.110784 0.576471
