1 0.313750 0.385000 0.313750 0.391667 0.306250 0.403333 0.305000 0.420000 0.300000 0.423333 0.297500 0.443333 0.293750 0.446667 0.283750 0.436667 0.278750 0.440000 0.281250 0.448333 0.297500 0.471667 0.297500 0.491667 0.301250 0.500000 0.305000 0.530000 0.321250 0.578333 0.328750 0.590000 0.328750 0.598333 0.336250 0.603333 0.340000 0.576667 0.360000 0.551667 0.375000 0.545000 0.375000 0.525000 0.367500 0.516667 0.346250 0.513333 0.343750 0.500000 0.355000 0.498333 0.361250 0.491667 0.357500 0.478333 0.341250 0.476667 0.337500 0.481667 0.331250 0.475000 0.336250 0.468333 0.356250 0.468333 0.358750 0.465000 0.357500 0.440000 0.333750 0.421667 0.320000 0.400000 0.318750 0.385000
1 0.595000 0.616667 0.595000 0.625000 0.610000 0.660000 0.631250 0.656667 0.631250 0.618333 0.623750 0.615000
0 0.620000 0.286667 0.620000 0.296667 0.625000 0.306667 0.620000 0.313333 0.617500 0.326667 0.631250 0.331667 0.637500 0.340000 0.647500 0.373333 0.657500 0.391667 0.666250 0.401667 0.673750 0.403333 0.688750 0.385000 0.687500 0.366667 0.680000 0.351667 0.675000 0.331667 0.665000 0.313333 0.647500 0.293333 0.627500 0.285000
0 0.415000 0.648333 0.410000 0.660000 0.408750 0.678333 0.421250 0.728333 0.426250 0.735000 0.438750 0.743333 0.453750 0.743333 0.468750 0.736667 0.485000 0.718333 0.488750 0.703333 0.488750 0.676667 0.482500 0.663333 0.477500 0.661667 0.471250 0.665000 0.467500 0.671667 0.467500 0.683333 0.458750 0.695000 0.453750 0.688333 0.453750 0.681667 0.465000 0.666667 0.462500 0.651667 0.455000 0.650000 0.446250 0.653333 0.433750 0.641667 0.422500 0.641667
0 0.385000 0.546667 0.360000 0.553333 0.345000 0.571667 0.341250 0.581667 0.340000 0.608333 0.346250 0.640000 0.363750 0.663333 0.388750 0.663333 0.405000 0.655000 0.420000 0.640000 0.426250 0.621667 0.427500 0.598333 0.421250 0.580000 0.411250 0.565000 0.403750 0.558333 0.393750 0.556667
0 0.320000 0.351667 0.320000 0.385000 0.328750 0.410000 0.337500 0.420000 0.363750 0.436667 0.406250 0.448333 0.420000 0.448333 0.472500 0.420000 0.520000 0.405000 0.526250 0.396667 0.538750 0.393333 0.563750 0.375000 0.583750 0.371667 0.585000 0.316667 0.587500 0.306667 0.580000 0.298333 0.517500 0.295000 0.457500 0.258333 0.442500 0.253333 0.402500 0.255000 0.388750 0.265000 0.365000 0.295000 0.347500 0.291667 0.341250 0.305000 0.336250 0.305000 0.332500 0.310000 0.328750 0.335000
0 0.536250 0.436667 0.516250 0.446667 0.513750 0.453333 0.515000 0.475000 0.510000 0.476667 0.505000 0.485000 0.502500 0.511667 0.490000 0.531667 0.491250 0.540000 0.521250 0.568333 0.522500 0.575000 0.516250 0.576667 0.507500 0.570000 0.501250 0.570000 0.487500 0.556667 0.483750 0.548333 0.476250 0.546667 0.467500 0.556667 0.465000 0.576667 0.471250 0.586667 0.481250 0.586667 0.486250 0.578333 0.493750 0.571667 0.496250 0.573333 0.496250 0.608333 0.502500 0.633333 0.497500 0.658333 0.496250 0.705000 0.500000 0.711667 0.512500 0.710000 0.520000 0.685000 0.523750 0.658333 0.528750 0.650000 0.533750 0.653333 0.537500 0.676667 0.540000 0.735000 0.542500 0.738333 0.540000 0.780000 0.545000 0.788333 0.555000 0.788333 0.561250 0.780000 0.563750 0.763333 0.563750 0.656667 0.566250 0.640000 0.583750 0.660000 0.585000 0.666667 0.615000 0.710000 0.623750 0.713333 0.627500 0.703333 0.625000 0.691667 0.610000 0.666667 0.595000 0.631667 0.588750 0.601667 0.567500 0.550000 0.567500 0.528333 0.555000 0.488333 0.547500 0.475000 0.542500 0.438333
1 0.317500 0.403333 0.312500 0.410000 0.308750 0.423333 0.312500 0.445000 0.322500 0.453333 0.326250 0.465000 0.336250 0.475000 0.353750 0.473333 0.357500 0.465000 0.356250 0.436667 0.335000 0.420000 0.322500 0.401667
0 0.602500 0.281667 0.593750 0.296667 0.587500 0.360000 0.588750 0.411667 0.593750 0.436667 0.628750 0.511667 0.673750 0.573333 0.680000 0.578333 0.687500 0.578333 0.696250 0.563333 0.716250 0.571667 0.722500 0.570000 0.712500 0.553333 0.720000 0.546667 0.725000 0.530000 0.715000 0.493333 0.720000 0.478333 0.733750 0.460000 0.738750 0.436667 0.736250 0.425000 0.730000 0.416667 0.721250 0.416667 0.701250 0.451667 0.691250 0.448333 0.685000 0.433333 0.672500 0.420000 0.662500 0.393333 0.657500 0.390000 0.646250 0.370000 0.640000 0.341667 0.632500 0.331667 0.616250 0.325000 0.617500 0.298333 0.615000 0.286667 0.608750 0.280000
2 0.641250 0.585000 0.641250 0.561667 0.637500 0.545000 0.640000 0.531667 0.628750 0.521667 0.607500 0.468333 0.595000 0.450000 0.592500 0.438333 0.587500 0.435000 0.585000 0.423333 0.585000 0.390000 0.577500 0.378333 0.547500 0.391667 0.521250 0.411667 0.510000 0.411667 0.485000 0.420000 0.466250 0.436667 0.441250 0.438333 0.433750 0.446667 0.422500 0.451667 0.393750 0.450000 0.391250 0.446667 0.376250 0.445000 0.372500 0.440000 0.356250 0.438333 0.355000 0.451667 0.346250 0.455000 0.340000 0.443333 0.343750 0.438333 0.335000 0.430000 0.338750 0.426667 0.331250 0.423333 0.336250 0.426667 0.332500 0.430000 0.327500 0.421667 0.322500 0.423333 0.318750 0.420000 0.315000 0.421667 0.313750 0.430000 0.317500 0.431667 0.317500 0.441667 0.322500 0.448333 0.315000 0.453333 0.308750 0.445000 0.303750 0.450000 0.307500 0.455000 0.308750 0.471667 0.316250 0.486667 0.322500 0.485000 0.333750 0.493333 0.340000 0.505000 0.347500 0.506667 0.355000 0.515000 0.362500 0.510000 0.373750 0.523333 0.376250 0.541667 0.391250 0.546667 0.400000 0.533333 0.406250 0.533333 0.418750 0.505000 0.443750 0.508333 0.447500 0.501667 0.451250 0.501667 0.462500 0.515000 0.471250 0.515000 0.478750 0.508333 0.483750 0.513333 0.485000 0.523333 0.490000 0.525000 0.500000 0.515000 0.502500 0.488333 0.515000 0.473333 0.516250 0.448333 0.538750 0.436667 0.543750 0.443333 0.546250 0.471667 0.553750 0.483333 0.568750 0.528333 0.570000 0.541667 0.583750 0.558333 0.581250 0.575000 0.596250 0.613333 0.610000 0.613333 0.625000 0.606667
1 0.513750 0.246667 0.507500 0.235000 0.498750 0.228333 0.493750 0.230000 0.481250 0.216667 0.480000 0.206667 0.490000 0.191667 0.476250 0.200000 0.478750 0.228333 0.471250 0.236667 0.456250 0.221667 0.448750 0.221667 0.438750 0.230000 0.410000 0.240000 0.393750 0.230000 0.390000 0.231667 0.392500 0.241667 0.398750 0.250000 0.406250 0.253333 0.437500 0.250000 0.460000 0.253333 0.466250 0.241667 0.468750 0.246667 0.466250 0.261667 0.488750 0.275000 0.491250 0.271667 0.482500 0.256667 0.482500 0.248333 0.486250 0.241667 0.495000 0.235000 0.508750 0.250000
1 0.336250 0.651667 0.336250 0.661667 0.351250 0.680000 0.350000 0.690000 0.352500 0.695000 0.356250 0.695000 0.362500 0.686667 0.390000 0.691667 0.395000 0.696667 0.388750 0.703333 0.387500 0.715000 0.383750 0.718333 0.378750 0.716667 0.373750 0.708333 0.375000 0.705000 0.372500 0.705000 0.370000 0.721667 0.376250 0.730000 0.385000 0.733333 0.401250 0.721667 0.416250 0.718333 0.410000 0.698333 0.406250 0.700000 0.403750 0.710000 0.401250 0.708333 0.398750 0.690000 0.403750 0.686667 0.403750 0.681667 0.397500 0.678333 0.397500 0.673333 0.370000 0.673333 0.353750 0.665000 0.342500 0.648333
1 0.416250 0.505000 0.411250 0.523333 0.400000 0.533333 0.400000 0.538333 0.410000 0.550000 0.416250 0.566667 0.431250 0.566667 0.437500 0.588333 0.437500 0.608333 0.446250 0.615000 0.441250 0.620000 0.447500 0.616667 0.445000 0.613333 0.447500 0.610000 0.451250 0.613333 0.452500 0.621667 0.451250 0.633333 0.440000 0.633333 0.433750 0.625000 0.431250 0.635000 0.433750 0.638333 0.440000 0.635000 0.446250 0.640000 0.451250 0.636667 0.456250 0.643333 0.463750 0.641667 0.470000 0.655000 0.478750 0.651667 0.487500 0.660000 0.492500 0.655000 0.493750 0.618333 0.491250 0.595000 0.472500 0.593333 0.462500 0.578333 0.465000 0.558333 0.472500 0.546667 0.480000 0.545000 0.485000 0.538333 0.483750 0.513333 0.480000 0.510000 0.473750 0.515000 0.463750 0.513333 0.452500 0.496667 0.452500 0.488333 0.447500 0.488333 0.435000 0.505000
1 0.727500 0.578333 0.700000 0.576667 0.693750 0.591667 0.691250 0.578333 0.678750 0.580000 0.653750 0.546667 0.651250 0.548333 0.646250 0.541667 0.642500 0.543333 0.642500 0.535000 0.625000 0.511667 0.622500 0.511667 0.623750 0.520000 0.617500 0.530000 0.603750 0.528333 0.607500 0.531667 0.605000 0.536667 0.597500 0.531667 0.595000 0.538333 0.623750 0.540000 0.622500 0.546667 0.625000 0.548333 0.617500 0.553333 0.627500 0.555000 0.625000 0.548333 0.631250 0.546667 0.632500 0.540000 0.637500 0.543333 0.640000 0.576667 0.632500 0.598333 0.617500 0.611667 0.606250 0.615000 0.596250 0.613333 0.595000 0.625000 0.606250 0.651667 0.623750 0.678333 0.631250 0.701667 0.640000 0.708333 0.640000 0.715000 0.628750 0.720000 0.608750 0.716667 0.607500 0.703333 0.586250 0.678333 0.586250 0.673333 0.573750 0.653333 0.567500 0.653333 0.567500 0.671667 0.572500 0.676667 0.566250 0.683333 0.566250 0.690000 0.571250 0.698333 0.567500 0.705000 0.567500 0.718333 0.571250 0.721667 0.567500 0.731667 0.573750 0.738333 0.573750 0.748333 0.578750 0.755000 0.582500 0.755000 0.598750 0.740000 0.605000 0.741667 0.610000 0.750000 0.615000 0.751667 0.632500 0.748333 0.638750 0.743333 0.655000 0.721667 0.676250 0.676667 0.692500 0.670000 0.701250 0.661667 0.702500 0.635000 0.705000 0.631667 0.708750 0.631667 0.715000 0.640000 0.720000 0.638333 0.716250 0.615000 0.717500 0.606667 0.712500 0.596667 0.726250 0.595000
1 0.477500 0.198333 0.480000 0.228333 0.485000 0.235000 0.493750 0.236667 0.501250 0.243333 0.521250 0.280000 0.528750 0.280000 0.533750 0.288333 0.546250 0.291667 0.547500 0.283333 0.528750 0.271667 0.512500 0.238333 0.481250 0.216667 0.482500 0.211667 0.480000 0.206667 0.490000 0.191667
1 0.591250 0.711667 0.583750 0.726667 0.592500 0.738333 0.597500 0.738333 0.600000 0.718333 0.597500 0.711667
1 0.547500 0.276667 0.547500 0.283333 0.552500 0.290000 0.563750 0.293333 0.577500 0.290000 0.575000 0.281667 0.561250 0.273333 0.552500 0.271667
1 0.372500 0.521667 0.357500 0.515000 0.347500 0.516667 0.343750 0.533333 0.346250 0.565000 0.375000 0.545000
1 0.476250 0.423333 0.468750 0.423333 0.453750 0.438333 0.431250 0.470000 0.427500 0.485000 0.436250 0.483333 0.451250 0.466667 0.476250 0.430000
1 0.358750 0.440000 0.358750 0.460000 0.368750 0.473333 0.383750 0.473333 0.393750 0.456667 0.393750 0.450000 0.383750 0.448333 0.371250 0.440000
