0 0.473529 0.199020 0.463725 0.193137 0.454902 0.192157 0.447059 0.195098 0.438235 0.202941 0.434314 0.219608 0.432353 0.245098 0.407843 0.295098 0.403922 0.311765 0.398039 0.322549 0.398039 0.334314 0.395098 0.345098 0.383333 0.359804 0.382353 0.363725 0.372549 0.373529 0.361765 0.378431 0.356863 0.383333 0.345098 0.385294 0.342157 0.389216 0.337255 0.387255 0.329412 0.394118 0.325490 0.408824 0.314706 0.419608 0.308824 0.436275 0.310784 0.439216 0.334314 0.441176 0.336275 0.444118 0.347059 0.444118 0.352941 0.438235 0.368627 0.437255 0.385294 0.408824 0.396078 0.399020 0.403922 0.395098 0.415686 0.382353 0.421569 0.379412 0.433333 0.365686 0.443137 0.362745 0.457843 0.371569 0.465686 0.366667 0.477451 0.338235 0.495098 0.311765 0.499020 0.295098 0.500000 0.277451 0.506863 0.267647 0.514706 0.248039 0.508824 0.227451
0 0.442157 0.365686 0.434314 0.368627 0.414706 0.388235 0.403922 0.402941 0.396078 0.403922 0.390196 0.407843 0.377451 0.425490 0.361765 0.462745 0.362745 0.487255 0.351961 0.501961 0.349020 0.509804 0.344118 0.534314 0.342157 0.564706 0.333333 0.589216 0.332353 0.600980 0.337255 0.615686 0.344118 0.622549 0.359804 0.629412 0.365686 0.630392 0.374510 0.625490 0.390196 0.594118 0.403922 0.573529 0.422549 0.552941 0.429412 0.542157 0.441176 0.533333 0.450000 0.519608 0.467647 0.511765 0.469608 0.507843 0.467647 0.486275 0.469608 0.452941 0.463725 0.434314 0.463725 0.422549 0.459804 0.401961 0.459804 0.379412 0.451961 0.370588
0 0.480392 0.516667 0.462745 0.514706 0.451961 0.520588 0.447059 0.528431 0.422549 0.551961 0.405882 0.571569 0.389216 0.598039 0.378431 0.620588 0.368627 0.632353 0.363725 0.642157 0.346078 0.650980 0.320588 0.682353 0.320588 0.723529 0.318627 0.734314 0.321569 0.748039 0.328431 0.763725 0.335294 0.767647 0.360784 0.795098 0.369608 0.800980 0.377451 0.801961 0.381373 0.800000 0.393137 0.787255 0.403922 0.752941 0.423529 0.717647 0.438235 0.682353 0.446078 0.671569 0.456863 0.663725 0.464706 0.653922 0.486275 0.609804 0.498039 0.595098 0.503922 0.581373 0.514706 0.567647 0.514706 0.563725 0.507843 0.558824 0.505882 0.549020 0.499020 0.544118 0.492157 0.532353 0.486275 0.527451 0.484314 0.519608
0 0.527451 0.570588 0.517647 0.570588 0.509804 0.579412 0.504902 0.592157 0.500980 0.596078 0.497059 0.623529 0.490196 0.632353 0.487255 0.640196 0.487255 0.667647 0.485294 0.677451 0.479412 0.692157 0.469608 0.703922 0.456863 0.725490 0.453922 0.754902 0.445098 0.775490 0.437255 0.805882 0.442157 0.819608 0.457843 0.836275 0.473529 0.846078 0.493137 0.853922 0.506863 0.852941 0.513725 0.849020 0.518627 0.842157 0.524510 0.818627 0.529412 0.777451 0.534314 0.764706 0.540196 0.736275 0.550000 0.713725 0.554902 0.709804 0.564706 0.694118 0.571569 0.669608 0.572549 0.631373 0.569608 0.595098 0.559804 0.583333 0.550000 0.578431 0.537255 0.577451
0 0.644118 0.567647 0.634314 0.570588 0.622549 0.578431 0.605882 0.573529 0.593137 0.572549 0.585294 0.575490 0.578431 0.574510 0.572549 0.576471 0.570588 0.579412 0.576471 0.633333 0.575490 0.672549 0.581373 0.692157 0.576471 0.750980 0.577451 0.770588 0.582353 0.795098 0.580392 0.859804 0.584314 0.868627 0.592157 0.874510 0.629412 0.883333 0.648039 0.883333 0.655882 0.880392 0.661765 0.866667 0.663725 0.857843 0.663725 0.830392 0.667647 0.812745 0.665686 0.719608 0.673529 0.695098 0.670588 0.610784 0.665686 0.597059 0.657843 0.589216 0.654902 0.580392
0 0.844118 0.414706 0.842157 0.416667 0.844118 0.435294 0.858824 0.447059 0.859804 0.451961 0.867647 0.463725 0.864706 0.503922 0.868627 0.529412 0.873529 0.542157 0.879412 0.566667 0.879412 0.575490 0.883333 0.586275 0.900000 0.611765 0.915686 0.648039 0.927451 0.659804 0.932353 0.670588 0.954902 0.686275 0.968627 0.691176 0.977451 0.691176 0.982353 0.686275 0.979412 0.649020 0.975490 0.629412 0.966667 0.610784 0.956863 0.581373 0.953922 0.559804 0.950000 0.548039 0.945098 0.496078 0.920588 0.459804 0.901961 0.442157 0.849020 0.414706
0 0.740137 0.385314 0.754735 0.384500 0.772569 0.395039 0.790412 0.411255 0.796088 0.433961 0.786353 0.448559 0.775814 0.494775 0.758784 0.532882 0.759598 0.559647 0.748245 0.592892 0.741765 0.622078 0.700412 0.662618 0.667167 0.634245 0.681755 0.594510 0.702029 0.549108 0.704461 0.520725 0.713382 0.489912
0 0.794824 0.339902 0.842667 0.375549 0.842667 0.401824 0.813588 0.440284 0.796696 0.435598 0.786382 0.405578 0.764804 0.390559 0.763863 0.371804 0.779814 0.357725
0 0.218627 0.355882 0.199020 0.355882 0.169608 0.371569 0.164706 0.378431 0.163725 0.388235 0.153922 0.402941 0.124510 0.432353 0.100980 0.462745 0.070588 0.490196 0.067647 0.500000 0.076471 0.521569 0.076471 0.546078 0.080392 0.550980 0.095098 0.556863 0.132353 0.554902 0.136275 0.552941 0.160784 0.519608 0.186275 0.495098 0.211765 0.451961 0.221569 0.426471 0.227451 0.418627 0.231373 0.404902 0.231373 0.378431 0.225490 0.372549
0 0.795098 0.430392 0.790196 0.430392 0.787255 0.437255 0.782353 0.473529 0.774510 0.494118 0.769608 0.517647 0.761765 0.532353 0.761765 0.540196 0.765686 0.551961 0.764706 0.575490 0.757843 0.588235 0.757843 0.593137 0.750980 0.608824 0.749020 0.625490 0.745098 0.637255 0.746078 0.644118 0.742157 0.654902 0.742157 0.661765 0.749020 0.674510 0.750000 0.713725 0.754902 0.734314 0.761765 0.732353 0.800000 0.686275 0.807843 0.659804 0.816667 0.647059 0.820588 0.627451 0.835294 0.592157 0.838235 0.568627 0.849020 0.537255 0.847059 0.511765 0.841176 0.495098 0.842157 0.473529 0.839216 0.464706 0.830392 0.453922 0.817647 0.449020 0.803922 0.437255 0.800000 0.437255
1 0.200980 0.111765 0.182353 0.110784 0.162745 0.116667 0.142157 0.118627 0.134314 0.122549 0.112745 0.142157 0.101961 0.155882 0.094118 0.172549 0.091176 0.187255 0.094118 0.196078 0.112745 0.209804 0.150980 0.249020 0.167647 0.260784 0.170588 0.260784 0.179412 0.225490 0.185294 0.216667 0.199020 0.207843 0.237255 0.199020 0.261765 0.181373 0.260784 0.172549 0.249020 0.150980 0.223529 0.125490 0.210784 0.115686
1 0.292157 0.103922 0.283333 0.104902 0.280392 0.111765 0.277451 0.148039 0.281373 0.169608 0.278431 0.174510 0.271569 0.180392 0.250980 0.190196 0.236275 0.203922 0.214706 0.204902 0.197059 0.209804 0.182353 0.221569 0.177451 0.234314 0.175490 0.268627 0.203922 0.298039 0.214706 0.315686 0.220588 0.334314 0.224510 0.336275 0.246078 0.334314 0.251961 0.326471 0.262745 0.322549 0.276471 0.310784 0.295098 0.307843 0.325490 0.295098 0.341176 0.283333 0.353922 0.302941 0.358824 0.305882 0.361765 0.305882 0.369608 0.298039 0.394118 0.300980 0.408824 0.286275 0.420588 0.259804 0.424510 0.238235 0.421569 0.219608 0.404902 0.195098 0.391176 0.183333 0.378431 0.167647 0.374510 0.157843 0.357843 0.142157 0.330392 0.129412 0.326471 0.123529 0.310784 0.110784 0.298039 0.107843
1 0.050980 0.207843 0.034314 0.224510 0.032353 0.248039 0.055882 0.350980 0.063725 0.367647 0.071569 0.375490 0.103922 0.390196 0.155882 0.390196 0.161765 0.384314 0.165686 0.374510 0.175490 0.366667 0.199020 0.355882 0.217647 0.353922 0.218627 0.336275 0.212745 0.313725 0.202941 0.300000 0.185294 0.282353 0.179412 0.279412 0.164706 0.261765 0.100000 0.199020 0.088235 0.194118 0.082353 0.194118
0 0.553922 0.221569 0.550000 0.222549 0.544118 0.228431 0.537255 0.248039 0.514706 0.279412 0.508824 0.284314 0.502941 0.297059 0.500000 0.311765 0.478431 0.344118 0.467647 0.369608 0.464706 0.386275 0.464706 0.406863 0.469608 0.440196 0.476471 0.458824 0.475490 0.466667 0.481373 0.471569 0.480392 0.475490 0.484314 0.478431 0.481373 0.481373 0.482353 0.483333 0.496078 0.482353 0.495098 0.478431 0.500000 0.474510 0.500980 0.463725 0.506863 0.460784 0.514706 0.451961 0.514706 0.448039 0.535294 0.420588 0.538235 0.408824 0.542157 0.404902 0.545098 0.384314 0.554902 0.366667 0.556863 0.349020 0.563725 0.324510 0.570588 0.312745 0.586275 0.295098 0.594118 0.279412 0.597059 0.250980 0.583333 0.245098 0.569608 0.231373
0 0.380392 0.301961 0.369608 0.300980 0.363725 0.308824 0.357843 0.308824 0.351961 0.303922 0.344118 0.287255 0.338235 0.285294 0.326471 0.295098 0.302941 0.306863 0.281373 0.309804 0.274510 0.312745 0.254902 0.335294 0.245098 0.341176 0.237255 0.357843 0.235294 0.376471 0.242157 0.397059 0.248039 0.398039 0.248039 0.394118 0.245098 0.393137 0.251961 0.386275 0.270588 0.392157 0.280392 0.405882 0.283333 0.420588 0.288235 0.426471 0.289216 0.436275 0.295098 0.438235 0.297059 0.436275 0.296078 0.432353 0.299020 0.429412 0.302941 0.429412 0.312745 0.419608 0.326471 0.388235 0.346078 0.379412 0.356863 0.378431 0.365686 0.374510 0.381373 0.357843 0.387255 0.344118 0.388235 0.316667 0.385294 0.306863
0 0.634392 0.234824 0.648471 0.227324 0.665353 0.234824 0.674735 0.242333 0.675676 0.265784 0.663480 0.278922 0.649402 0.287363 0.627824 0.274225 0.613755 0.259216 0.619382 0.247961 0.626892 0.242333
0 0.881373 0.588235 0.868627 0.585294 0.845098 0.604902 0.840196 0.621569 0.813725 0.655882 0.805882 0.673529 0.803922 0.684314 0.780392 0.713725 0.765686 0.728431 0.747059 0.764706 0.718627 0.797059 0.709804 0.804902 0.700000 0.809804 0.692157 0.811765 0.677451 0.810784 0.671569 0.814706 0.669608 0.855882 0.674510 0.873529 0.686275 0.875490 0.703922 0.872549 0.725490 0.856863 0.750980 0.850000 0.750980 0.821569 0.757843 0.814706 0.761765 0.813725 0.771569 0.800980 0.785294 0.796078 0.790196 0.790196 0.796078 0.787255 0.813725 0.766667 0.821569 0.764706 0.829412 0.756863 0.829412 0.752941 0.836275 0.749020 0.847059 0.730392 0.856863 0.720588 0.862745 0.717647 0.874510 0.705882 0.885294 0.690196 0.888235 0.689216 0.892157 0.674510 0.905882 0.662745 0.908824 0.654902 0.908824 0.642157 0.897059 0.609804
0 0.900980 0.673529 0.896078 0.672549 0.892157 0.675490 0.889216 0.684314 0.882353 0.694118 0.862745 0.713725 0.852941 0.720588 0.824510 0.757843 0.812745 0.764706 0.792157 0.788235 0.768627 0.801961 0.764706 0.809804 0.750980 0.819608 0.750000 0.840196 0.748039 0.843137 0.736275 0.846078 0.732353 0.852941 0.733333 0.854902 0.740196 0.854902 0.756863 0.847059 0.800980 0.839216 0.835294 0.817647 0.856863 0.813725 0.872549 0.807843 0.893137 0.792157 0.906863 0.777451 0.918627 0.771569 0.927451 0.763725 0.936275 0.750980 0.936275 0.736275 0.921569 0.700980 0.906863 0.684314 0.904902 0.677451
0 0.315686 0.444118 0.290196 0.453922 0.278431 0.463725 0.243137 0.476471 0.242157 0.495098 0.244118 0.499020 0.249020 0.500980 0.249020 0.507843 0.242157 0.532353 0.241176 0.559804 0.233333 0.597059 0.225490 0.608824 0.196078 0.639216 0.190196 0.651961 0.202941 0.678431 0.224510 0.701961 0.233333 0.706863 0.248039 0.710784 0.257843 0.718627 0.272549 0.725490 0.300980 0.731373 0.312745 0.729412 0.316667 0.723529 0.318627 0.687255 0.329412 0.655882 0.325490 0.639216 0.332353 0.621569 0.330392 0.595098 0.340196 0.562745 0.341176 0.540196 0.346078 0.509804 0.355882 0.484314 0.355882 0.465686 0.348039 0.452941 0.326471 0.445098
0 0.694441 0.247961 0.707569 0.259216 0.708510 0.272353 0.726333 0.277049 0.730088 0.295804 0.720706 0.325833 0.701010 0.344588 0.674735 0.308941 0.663480 0.286422 0.662539 0.283608
0 0.650000 0.293137 0.639216 0.299020 0.636275 0.309804 0.637255 0.326471 0.618627 0.360784 0.608824 0.392157 0.602941 0.402941 0.601961 0.415686 0.593137 0.450980 0.588235 0.454902 0.577451 0.456863 0.571569 0.467647 0.570588 0.482353 0.566667 0.495098 0.568627 0.513725 0.567647 0.537255 0.572549 0.552941 0.583333 0.566667 0.623529 0.572549 0.630392 0.569608 0.640196 0.560784 0.643137 0.535294 0.649020 0.521569 0.653922 0.494118 0.659804 0.482353 0.672549 0.409804 0.694118 0.363725 0.698039 0.350000 0.693137 0.334314 0.683333 0.314706 0.667647 0.298039
0 0.600676 0.252333 0.653382 0.289637 0.550402 0.559647 0.483098 0.507755 0.570676 0.322069
0 0.702029 0.348824 0.739324 0.380451 0.699598 0.527206 0.681755 0.591265 0.657431 0.590461 0.639598 0.557216 0.642029 0.533696 0.666353 0.460725 0.674461 0.419373 0.674461 0.405588
0 0.738529 0.293931 0.777000 0.312696 0.785441 0.338961 0.769490 0.357725 0.761049 0.375549 0.743225 0.383059 0.727275 0.357725 0.706637 0.341775 0.727275 0.322078
0 0.271569 0.400980 0.262745 0.399020 0.257843 0.401961 0.246078 0.417647 0.236275 0.422549 0.227451 0.431373 0.209804 0.465686 0.203922 0.471569 0.200980 0.481373 0.155882 0.526471 0.133333 0.559804 0.108824 0.578431 0.105882 0.587255 0.105882 0.596078 0.108824 0.604902 0.121569 0.608824 0.150980 0.605882 0.163725 0.609804 0.171569 0.609804 0.181373 0.604902 0.200980 0.600000 0.213725 0.593137 0.229412 0.578431 0.234314 0.561765 0.235294 0.548039 0.248039 0.503922 0.241176 0.496078 0.239216 0.476471 0.245098 0.471569 0.260784 0.468627 0.279412 0.460784 0.288235 0.450980 0.288235 0.445098 0.281373 0.435294 0.279412 0.410784
