1 0.630435 0.424057 0.610054 0.447503 0.611413 0.462793 0.614130 0.467890 0.634511 0.481142 0.653533 0.486239 0.683424 0.470948 0.683424 0.461774 0.675272 0.453619 0.657609 0.446483 0.637228 0.425076
1 0.686141 0.376147 0.675272 0.374108 0.665761 0.376147 0.642663 0.389399 0.630435 0.401631 0.633152 0.420999 0.649457 0.437309 0.663043 0.435270 0.673913 0.426096 0.677989 0.398573 0.688859 0.382263
1 0.739130 0.312946 0.733696 0.316004 0.730978 0.324159 0.733696 0.361876 0.739130 0.369011 0.747283 0.369011 0.752717 0.372069 0.774457 0.357798 0.779891 0.349643 0.779891 0.344546 0.764946 0.322120 0.748641 0.313965
1 0.668478 0.372069 0.663043 0.369011 0.641304 0.364934 0.631793 0.359837 0.622283 0.358818 0.614130 0.360856 0.595109 0.376147 0.591033 0.390418 0.595109 0.396534 0.627717 0.396534 0.658967 0.381244
1 0.554348 0.328236 0.544837 0.328236 0.531250 0.339450 0.516304 0.365953 0.514946 0.385321 0.520380 0.408767 0.528533 0.416922 0.538043 0.413863 0.554348 0.394495 0.561141 0.390418 0.572011 0.373089 0.572011 0.356779 0.561141 0.333333
1 0.733696 0.379205 0.720109 0.377166 0.699728 0.379205 0.679348 0.394495 0.675272 0.409786 0.675272 0.436290 0.679348 0.452599 0.686141 0.456677 0.703804 0.453619 0.710598 0.446483 0.739130 0.396534 0.740489 0.387360
0 0.546196 0.191641 0.532609 0.204893 0.521739 0.239551 0.546196 0.276249 0.544837 0.295617 0.539402 0.303772 0.544837 0.303772 0.547554 0.323140 0.524457 0.349643 0.525815 0.352701 0.520380 0.359837 0.519022 0.378186 0.521739 0.381244 0.520380 0.393476 0.527174 0.400612 0.523098 0.404689 0.529891 0.413863 0.538043 0.416922 0.539402 0.407747 0.547554 0.405708 0.550272 0.407747 0.546196 0.409786 0.547554 0.413863 0.552989 0.410805 0.555707 0.412844 0.561141 0.410805 0.565217 0.414883 0.567935 0.410805 0.574728 0.415902 0.572011 0.417941 0.555707 0.418960 0.562500 0.425076 0.562500 0.430173 0.557065 0.434251 0.551630 0.431193 0.548913 0.434251 0.551630 0.440367 0.555707 0.437309 0.558424 0.440367 0.565217 0.438328 0.569293 0.440367 0.572011 0.437309 0.576087 0.439348 0.580163 0.437309 0.584239 0.440367 0.588315 0.437309 0.591033 0.439348 0.588315 0.442406 0.591033 0.447503 0.586957 0.451580 0.595109 0.452599 0.603261 0.459735 0.607337 0.458716 0.620924 0.471967 0.641304 0.483180 0.658967 0.483180 0.667120 0.477064 0.675272 0.476045 0.682065 0.470948 0.690217 0.468909 0.698370 0.470948 0.705163 0.483180 0.714674 0.485219 0.741848 0.483180 0.752717 0.487258 0.759511 0.486239 0.775815 0.494393 0.789402 0.514781 0.808424 0.536188 0.817935 0.542304 0.827446 0.542304 0.839674 0.538226 0.846467 0.541284 0.843750 0.545362 0.849185 0.550459 0.853261 0.550459 0.853261 0.553517 0.869565 0.553517 0.884511 0.547401 0.889946 0.548420 0.891304 0.541284 0.894022 0.540265 0.896739 0.542304 0.896739 0.539246 0.900815 0.538226 0.898098 0.533129 0.902174 0.529052 0.898098 0.524975 0.900815 0.520897 0.896739 0.513761 0.899457 0.510703 0.904891 0.511723 0.911685 0.509684 0.921196 0.502548 0.926630 0.491335 0.925272 0.474006 0.921196 0.462793 0.915761 0.458716 0.915761 0.446483 0.919837 0.435270 0.915761 0.423038 0.917120 0.418960 0.908967 0.406728 0.906250 0.393476 0.895380 0.375127 0.895380 0.371050 0.908967 0.359837 0.911685 0.341488 0.902174 0.329256 0.880435 0.313965 0.846467 0.282365 0.827446 0.276249 0.808424 0.262997 0.807065 0.258919 0.819293 0.241590 0.819293 0.231397 0.811141 0.216106 0.800272 0.208970 0.762228 0.196738 0.740489 0.194699 0.732337 0.191641 0.729620 0.185525 0.720109 0.177370 0.697011 0.178389 0.684783 0.174312 0.665761 0.176351 0.652174 0.187564 0.627717 0.190622 0.599185 0.186544 0.574728 0.189602 0.557065 0.188583
0 0.422554 0.399592 0.414402 0.392457 0.392663 0.386340 0.370924 0.375127 0.362772 0.374108 0.355978 0.365953 0.338315 0.359837 0.315217 0.359837 0.282609 0.375127 0.264946 0.395515 0.254076 0.403670 0.237772 0.405708 0.228261 0.401631 0.218750 0.401631 0.188859 0.414883 0.184783 0.418960 0.172554 0.422018 0.172554 0.436290 0.180707 0.446483 0.190217 0.452599 0.207880 0.457696 0.222826 0.458716 0.236413 0.456677 0.245924 0.463812 0.248641 0.463812 0.252717 0.452599 0.270380 0.451580 0.274457 0.465851 0.279891 0.470948 0.297554 0.470948 0.313859 0.483180 0.326087 0.483180 0.336957 0.461774 0.346467 0.453619 0.376359 0.451580 0.392663 0.438328 0.402174 0.426096 0.421196 0.414883
0 0.357337 0.334353 0.349185 0.330275 0.312500 0.327217 0.274457 0.336391 0.258152 0.350663 0.258152 0.365953 0.255435 0.370031 0.236413 0.378186 0.228261 0.396534 0.243207 0.405708 0.252717 0.405708 0.260870 0.400612 0.282609 0.377166 0.304348 0.364934 0.315217 0.360856 0.336957 0.360856 0.354620 0.365953 0.360054 0.357798
0 0.188859 0.353721 0.197011 0.358818 0.211957 0.358818 0.217391 0.356779 0.222826 0.348624 0.244565 0.338430 0.250000 0.339450 0.251359 0.343527 0.256793 0.345566 0.304348 0.329256 0.354620 0.330275 0.364130 0.320082 0.379076 0.311927 0.379076 0.306830 0.370924 0.302752 0.349185 0.302752 0.327446 0.297655 0.311141 0.300714 0.278533 0.297655 0.250000 0.299694 0.235054 0.303772 0.217391 0.313965 0.188859 0.345566
0 0.417120 0.501529 0.426630 0.507645 0.438859 0.507645 0.455163 0.499490 0.466033 0.499490 0.482337 0.494393 0.491848 0.488277 0.504076 0.475025 0.529891 0.459735 0.538043 0.446483 0.527174 0.438328 0.510870 0.438328 0.480978 0.450561 0.468750 0.452599 0.460598 0.458716 0.459239 0.462793 0.455163 0.463812 0.442935 0.458716 0.436141 0.441386 0.425272 0.435270 0.415761 0.434251 0.406250 0.440367 0.400815 0.448522 0.400815 0.459735 0.413043 0.485219
0 0.236413 0.221203 0.213315 0.219164 0.195652 0.227319 0.165761 0.233435 0.134511 0.253823 0.122283 0.277268 0.116848 0.320082 0.110054 0.341488 0.111413 0.353721 0.115489 0.354740 0.144022 0.348624 0.176630 0.352701 0.190217 0.342508 0.213315 0.314985 0.241848 0.293578 0.252717 0.292559 0.262228 0.288481 0.266304 0.280326 0.264946 0.243629 0.260870 0.239551 0.251359 0.236493
0 0.156250 0.349643 0.141304 0.349643 0.110054 0.355759 0.081522 0.363914 0.070652 0.371050 0.066576 0.380224 0.067935 0.397554 0.072011 0.405708 0.082880 0.415902 0.097826 0.420999 0.120924 0.419980 0.164402 0.396534 0.171196 0.387360 0.176630 0.369011 0.171196 0.358818
2 0.546196 0.455657 0.532609 0.461774 0.528533 0.466871 0.517663 0.468909 0.501359 0.479103 0.498641 0.486239 0.489130 0.495413 0.467391 0.503568 0.461957 0.509684 0.447011 0.559633 0.438859 0.570846 0.438859 0.583078 0.444293 0.591233 0.453804 0.597350 0.460598 0.612640 0.460598 0.626911 0.453804 0.636086 0.452446 0.645260 0.456522 0.648318 0.460598 0.660550 0.456522 0.693170 0.463315 0.702345 0.463315 0.710499 0.449728 0.730887 0.452446 0.748216 0.456522 0.751274 0.486413 0.751274 0.500000 0.756371 0.498641 0.771662 0.501359 0.776758 0.508152 0.779817 0.521739 0.779817 0.539402 0.774720 0.558424 0.764526 0.565217 0.768603 0.570652 0.777778 0.581522 0.781855 0.600543 0.780836 0.611413 0.774720 0.625000 0.775739 0.644022 0.766565 0.675272 0.757390 0.699728 0.753313 0.725543 0.743119 0.739130 0.743119 0.754076 0.748216 0.781250 0.730887 0.786685 0.715596 0.796196 0.707441 0.801630 0.697248 0.817935 0.687054 0.836957 0.667686 0.843750 0.655454 0.854620 0.647299 0.853261 0.626911 0.855978 0.619776 0.865489 0.612640 0.865489 0.605505 0.847826 0.563710 0.828804 0.548420 0.812500 0.542304 0.805707 0.537207 0.796196 0.524975 0.781250 0.514781 0.773098 0.501529 0.762228 0.495413 0.736413 0.489297 0.707880 0.492355 0.688859 0.483180 0.669837 0.483180 0.650815 0.488277 0.631793 0.482161 0.611413 0.471967 0.584239 0.465851 0.566576 0.454638
1 0.538043 0.290520 0.523098 0.291539 0.500000 0.297655 0.485054 0.303772 0.470109 0.314985 0.468750 0.328236 0.475543 0.342508 0.485054 0.353721 0.493207 0.354740 0.498641 0.352701 0.504076 0.347604 0.521739 0.340469 0.529891 0.334353 0.543478 0.310907 0.542120 0.295617
1 0.311141 0.264016 0.312500 0.280326 0.320652 0.284404 0.330163 0.295617 0.341033 0.298675 0.383152 0.300714 0.413043 0.297655 0.423913 0.294597 0.430707 0.287462 0.432065 0.275229 0.429348 0.270133 0.418478 0.261978 0.407609 0.258919 0.376359 0.254842 0.330163 0.253823 0.315217 0.258919
0 0.369565 0.329256 0.362772 0.338430 0.366848 0.362895 0.373641 0.367992 0.376359 0.374108 0.384511 0.380224 0.406250 0.389399 0.411685 0.389399 0.423913 0.397554 0.427989 0.395515 0.429348 0.400612 0.442935 0.405708 0.470109 0.429154 0.487772 0.430173 0.493207 0.425076 0.490489 0.419980 0.491848 0.405708 0.494565 0.403670 0.490489 0.405708 0.490489 0.399592 0.486413 0.401631 0.485054 0.399592 0.489130 0.394495 0.498641 0.393476 0.505435 0.386340 0.505435 0.373089 0.498641 0.362895 0.467391 0.344546 0.427989 0.329256 0.415761 0.328236 0.410326 0.325178 0.389946 0.321101 0.383152 0.322120
0 0.513587 0.235474 0.506793 0.233435 0.452446 0.235474 0.429348 0.239551 0.421196 0.244648 0.414402 0.252803 0.414402 0.256881 0.429348 0.271152 0.430707 0.286442 0.419837 0.298675 0.419837 0.305810 0.423913 0.311927 0.415761 0.316004 0.410326 0.313965 0.411685 0.317023 0.425272 0.319062 0.449728 0.311927 0.456522 0.298675 0.464674 0.297655 0.470109 0.305810 0.474185 0.305810 0.498641 0.293578 0.532609 0.288481 0.543478 0.284404 0.543478 0.274210 0.538043 0.266055 0.532609 0.264016 0.529891 0.255861
0 0.513587 0.232416 0.510870 0.217125 0.502717 0.202854 0.491848 0.193680 0.493207 0.188583 0.474185 0.189602 0.466033 0.185525 0.451087 0.183486 0.441576 0.178389 0.425272 0.178389 0.417120 0.173293 0.383152 0.178389 0.357337 0.187564 0.336957 0.191641 0.305707 0.203874 0.298913 0.201835 0.290761 0.202854 0.283967 0.211009 0.283967 0.218145 0.289402 0.226300 0.316576 0.244648 0.323370 0.252803 0.347826 0.251784 0.360054 0.254842 0.404891 0.252803 0.421196 0.238532 0.430707 0.234455
1 0.430707 0.410805 0.426630 0.417941 0.427989 0.431193 0.440217 0.443425 0.457880 0.448522 0.468750 0.448522 0.498641 0.440367 0.501359 0.435270 0.472826 0.430173 0.444293 0.408767
1 0.278533 0.238532 0.273098 0.241590 0.270380 0.253823 0.271739 0.281346 0.274457 0.286442 0.305707 0.297655 0.315217 0.296636 0.324728 0.289501 0.313859 0.272171 0.313859 0.253823 0.298913 0.240571 0.288043 0.237513
1 0.248641 0.350663 0.228261 0.347604 0.211957 0.363914 0.203804 0.385321 0.213315 0.395515 0.225543 0.393476 0.236413 0.378186 0.254076 0.365953 0.256793 0.356779
1 0.211957 0.362895 0.197011 0.361876 0.190217 0.363914 0.176630 0.375127 0.164402 0.399592 0.163043 0.413863 0.167120 0.417941 0.192935 0.412844 0.216033 0.397554 0.216033 0.393476 0.206522 0.380224 0.213315 0.365953
1 0.095109 0.425076 0.077446 0.504587 0.078804 0.531091 0.085598 0.535168 0.086957 0.539246 0.085598 0.552497 0.069293 0.577982 0.044837 0.572885 0.036685 0.575943 0.035326 0.583078 0.046196 0.599388 0.073370 0.626911 0.093750 0.663609 0.138587 0.706422 0.127717 0.722732 0.130435 0.732926 0.142663 0.739042 0.158967 0.743119 0.177989 0.742100 0.188859 0.733945 0.205163 0.733945 0.211957 0.738022 0.205163 0.744139 0.201087 0.762487 0.203804 0.770642 0.211957 0.778797 0.209239 0.795107 0.220109 0.804281 0.230978 0.804281 0.259511 0.797146 0.300272 0.790010 0.335598 0.786952 0.357337 0.781855 0.381793 0.786952 0.385870 0.783894 0.402174 0.781855 0.436141 0.782875 0.452446 0.779817 0.457880 0.768603 0.457880 0.761468 0.452446 0.752294 0.445652 0.747197 0.438859 0.732926 0.460598 0.710499 0.460598 0.704383 0.449728 0.692151 0.455163 0.667686 0.453804 0.651376 0.447011 0.646279 0.455163 0.623853 0.455163 0.608563 0.451087 0.598369 0.440217 0.594292 0.429348 0.583078 0.430707 0.571865 0.441576 0.560652 0.451087 0.522936 0.445652 0.516820 0.432065 0.515800 0.413043 0.500510 0.406250 0.498471 0.407609 0.485219 0.404891 0.482161 0.404891 0.469929 0.398098 0.462793 0.380435 0.454638 0.357337 0.455657 0.358696 0.458716 0.351902 0.461774 0.351902 0.466871 0.343750 0.469929 0.343750 0.491335 0.326087 0.499490 0.315217 0.500510 0.311141 0.498471 0.311141 0.485219 0.305707 0.482161 0.304348 0.477064 0.297554 0.470948 0.250000 0.469929 0.247283 0.471967 0.236413 0.467890 0.232337 0.461774 0.202446 0.461774 0.192935 0.454638 0.182065 0.451580 0.172554 0.443425 0.169837 0.437309 0.161685 0.437309 0.154891 0.445464 0.146739 0.449541 0.134511 0.450561 0.131793 0.448522 0.131793 0.424057
