2 0.747292 0.466667 0.738267 0.463158 0.713899 0.463158 0.695848 0.466667 0.676895 0.479532 0.646209 0.490058 0.642599 0.494737 0.642599 0.504094 0.648917 0.522807 0.652527 0.527485 0.655235 0.527485 0.660650 0.521637 0.670578 0.520468 0.695848 0.511111 0.733755 0.491228 0.740975 0.484211
2 0.585740 0.771930 0.581227 0.800000 0.588448 0.804678 0.628159 0.809357 0.638989 0.801170 0.644404 0.787135 0.643502 0.771930 0.638989 0.766082 0.598375 0.763743 0.591155 0.766082
2 0.836643 0.501754 0.829422 0.501754 0.824007 0.506433 0.811372 0.528655 0.797834 0.542690 0.795126 0.550877 0.781588 0.569591 0.779783 0.576608 0.767148 0.592982 0.758123 0.614035 0.750903 0.622222 0.748195 0.632749 0.734657 0.649123 0.725632 0.670175 0.649819 0.780117 0.638087 0.804678 0.625451 0.822222 0.622744 0.830409 0.603791 0.861988 0.604693 0.870175 0.614621 0.871345 0.636282 0.859649 0.645307 0.857310 0.660650 0.840936 0.660650 0.837427 0.692238 0.788304 0.697653 0.775439 0.751805 0.693567 0.764440 0.670175 0.774368 0.644444 0.779783 0.638596 0.783394 0.629240 0.789711 0.623392 0.797834 0.608187 0.797834 0.603509 0.812274 0.584795 0.821300 0.566082 0.834838 0.546199 0.842058 0.530994 0.842960 0.522807 0.842058 0.512281
2 0.576715 0.684211 0.573105 0.684211 0.571300 0.687719 0.556859 0.752047 0.554152 0.782456 0.548736 0.804678 0.543321 0.845614 0.538809 0.900585 0.540614 0.935673 0.544224 0.943860 0.564079 0.966082 0.567690 0.963743 0.570397 0.884211 0.576715 0.814035 0.586643 0.752047 0.592960 0.726316 0.592058 0.708772
2 0.532491 0.808187 0.520758 0.815205 0.520758 0.835088 0.527978 0.878363 0.529783 0.901754 0.532491 0.907602 0.537004 0.907602 0.545126 0.816374 0.543321 0.809357
2 0.495487 0.625731 0.492780 0.632749 0.497292 0.646784 0.500000 0.686550 0.505415 0.709942 0.511733 0.760234 0.517148 0.770760 0.529783 0.768421 0.536101 0.764912 0.538809 0.760234 0.537906 0.738012 0.522563 0.653801 0.518051 0.638596 0.513538 0.632749
2 0.532491 0.645614 0.532491 0.652632 0.546931 0.688889 0.548736 0.698246 0.554152 0.707602 0.555957 0.716959 0.561372 0.721637 0.568592 0.692398 0.569495 0.680702 0.560469 0.665497 0.545126 0.650292
2 0.484657 0.602339 0.484657 0.615205 0.487365 0.618713 0.512635 0.628070 0.545126 0.651462 0.567690 0.673684 0.579422 0.688889 0.583032 0.690058 0.595668 0.713450 0.608303 0.721637 0.611011 0.733333 0.624549 0.735673 0.627256 0.748538 0.631769 0.745029 0.638087 0.728655 0.638087 0.720468 0.632671 0.704094 0.591155 0.646784 0.568592 0.622222 0.545126 0.602339 0.511733 0.584795 0.502708 0.585965 0.498195 0.592982 0.490975 0.595322
2 0.506318 0.444444 0.505415 0.452632 0.509025 0.456140 0.509025 0.472515 0.515343 0.498246 0.520758 0.513450 0.538809 0.549708 0.546931 0.573099 0.553249 0.582456 0.571300 0.622222 0.579422 0.633918 0.592058 0.646784 0.594765 0.653801 0.600181 0.657310 0.611913 0.673684 0.618231 0.673684 0.620036 0.665497 0.616426 0.656140 0.611011 0.651462 0.612816 0.645614 0.608303 0.625731 0.602888 0.618713 0.600181 0.608187 0.594765 0.600000 0.592960 0.587135 0.583032 0.566082 0.583032 0.559064 0.561372 0.520468 0.533394 0.479532 0.528881 0.465497 0.512635 0.445614
2 0.471119 0.391813 0.469314 0.395322 0.469314 0.408187 0.475632 0.439766 0.477437 0.459649 0.501805 0.559064 0.505415 0.567251 0.507220 0.580117 0.525271 0.590643 0.535199 0.592982 0.536101 0.587135 0.529783 0.557895 0.523466 0.538012 0.521661 0.525146 0.518953 0.521637 0.515343 0.501754 0.512635 0.497076 0.495487 0.409357 0.487365 0.392982
2 0.504513 0.298246 0.500903 0.300585 0.496390 0.312281 0.497292 0.326316 0.509928 0.364912 0.536101 0.418713 0.545126 0.429240 0.548736 0.437427 0.551444 0.437427 0.553249 0.429240 0.550542 0.419883 0.549639 0.401170 0.542419 0.370760 0.531588 0.348538 0.521661 0.315789 0.512635 0.301754
2 0.465704 0.265497 0.460289 0.274854 0.458484 0.287719 0.462996 0.318129 0.486462 0.385965 0.507220 0.425731 0.510830 0.437427 0.519856 0.452632 0.524368 0.456140 0.536101 0.483041 0.543321 0.487719 0.547834 0.502924 0.561372 0.518129 0.566787 0.530994 0.576715 0.540351 0.577617 0.546199 0.584838 0.548538 0.587545 0.553216 0.591155 0.554386 0.593863 0.561404 0.611011 0.561404 0.615523 0.552047 0.608303 0.532164 0.596570 0.527485 0.592960 0.507602 0.579422 0.491228 0.577617 0.485380 0.555957 0.451462 0.547834 0.433918 0.530686 0.407018 0.509928 0.364912 0.490072 0.308772 0.479242 0.269006 0.472924 0.264327
2 0.437726 0.400000 0.429603 0.405848 0.429603 0.417544 0.435921 0.431579 0.453971 0.491228 0.460289 0.504094 0.482852 0.597661 0.487365 0.598830 0.505415 0.581287 0.498195 0.541520 0.482852 0.484211 0.455776 0.409357 0.447653 0.401170
2 0.766245 0.464327 0.764440 0.469006 0.761733 0.498246 0.747292 0.554386 0.747292 0.574269 0.751805 0.582456 0.763538 0.582456 0.771661 0.577778 0.777076 0.563743 0.772563 0.477193 0.770758 0.465497
2 0.633574 0.442105 0.638989 0.446784 0.660650 0.447953 0.681408 0.460819 0.772563 0.461988 0.792419 0.458480 0.796931 0.453801 0.794224 0.446784 0.777076 0.437427 0.724729 0.424561 0.690433 0.426901 0.685921 0.429240 0.669675 0.428070 0.640794 0.436257
2 0.553249 0.767251 0.546931 0.764912 0.505415 0.773099 0.456679 0.790643 0.445848 0.803509 0.439531 0.817544 0.436823 0.835088 0.449458 0.835088 0.510830 0.814035 0.546029 0.805848 0.552347 0.791813
0 0.382671 0.364912 0.370036 0.359064 0.341155 0.352047 0.296029 0.347368 0.283394 0.342690 0.268051 0.330994 0.258123 0.327485 0.234657 0.327485 0.228339 0.330994 0.220217 0.341520 0.179603 0.415205 0.169675 0.423392 0.156137 0.426901 0.146209 0.439766 0.133574 0.466667 0.124549 0.480702 0.101083 0.508772 0.092058 0.529825 0.064982 0.561404 0.056859 0.577778 0.047834 0.612865 0.045126 0.650292 0.042419 0.660819 0.045126 0.718129 0.065884 0.812865 0.064982 0.843275 0.067690 0.874854 0.075812 0.907602 0.077617 0.926316 0.084838 0.960234 0.092058 0.978947 0.095668 1.000000 0.171480 1.000000 0.178700 0.995322 0.188628 0.976608 0.197653 0.969591 0.203069 0.969591 0.210289 0.974269 0.218412 0.974269 0.229242 0.968421 0.249097 0.963743 0.262635 0.969591 0.272563 0.969591 0.284296 0.960234 0.303249 0.952047 0.317690 0.933333 0.321300 0.932164 0.337545 0.941520 0.345668 0.940351 0.361913 0.927485 0.373646 0.921637 0.407040 0.878363 0.420578 0.864327 0.427798 0.850292 0.441336 0.805848 0.461191 0.764912 0.468412 0.738012 0.471119 0.705263 0.483755 0.679532 0.484657 0.659649 0.479242 0.636257 0.469314 0.616374 0.462996 0.608187 0.447653 0.600000 0.442238 0.588304 0.440433 0.554386 0.446751 0.536842 0.447653 0.525146 0.434116 0.437427 0.421480 0.409357 0.393502 0.374269
1 0.459386 0.109942 0.460289 0.123977 0.471119 0.161404 0.472924 0.182456 0.465704 0.253801 0.467509 0.257310 0.475632 0.260819 0.481047 0.267836 0.489170 0.291228 0.494585 0.297076 0.502708 0.293567 0.534296 0.297076 0.537906 0.300585 0.530686 0.320468 0.530686 0.341520 0.542419 0.364912 0.551444 0.374269 0.570397 0.378947 0.592058 0.376608 0.603791 0.381287 0.611011 0.381287 0.630866 0.374269 0.644404 0.366082 0.666968 0.343860 0.672383 0.330994 0.686823 0.313450 0.693141 0.312281 0.715704 0.295906 0.750903 0.247953 0.752708 0.233918 0.750000 0.226901 0.734657 0.217544 0.732852 0.214035 0.732852 0.170760 0.714801 0.170760 0.694043 0.139181 0.675993 0.128655 0.659747 0.123977 0.656137 0.118129 0.655235 0.107602 0.650722 0.104094 0.629061 0.104094 0.625451 0.099415 0.625451 0.081871 0.620036 0.076023 0.608303 0.072515 0.596570 0.072515 0.591155 0.077193 0.582130 0.094737 0.571300 0.085380 0.568592 0.073684 0.564982 0.070175 0.552347 0.067836 0.531588 0.057310 0.520758 0.057310 0.518953 0.054971 0.508123 0.056140 0.482852 0.065497 0.474729 0.084211
1 0.580325 0.132164 0.571300 0.139181 0.564079 0.156725 0.563177 0.183626 0.564982 0.194152 0.574910 0.217544 0.582130 0.225731 0.592960 0.231579 0.607401 0.230409 0.623646 0.215205 0.627256 0.203509 0.628159 0.184795 0.624549 0.162573 0.620036 0.153216 0.607401 0.139181 0.593863 0.133333
2 0.740072 0.594152 0.733755 0.595322 0.726534 0.615205 0.726534 0.629240 0.731949 0.638596 0.731949 0.643275 0.740975 0.642105 0.750903 0.621053 0.750000 0.610526
2 0.699458 0.512281 0.688628 0.513450 0.676895 0.521637 0.666065 0.525146 0.656137 0.533333 0.657942 0.553216 0.664260 0.562573 0.671480 0.560234 0.680505 0.550877
2 0.659747 0.630409 0.656137 0.630409 0.649819 0.638596 0.636282 0.680702 0.638087 0.685380 0.637184 0.690058 0.642599 0.698246 0.655235 0.698246 0.659747 0.692398 0.673285 0.645614
2 0.640794 0.590643 0.634477 0.592982 0.618231 0.635088 0.618231 0.647953 0.624549 0.670175 0.629964 0.680702 0.631769 0.680702 0.653430 0.629240 0.653430 0.617544 0.649819 0.605848
2 0.629061 0.451462 0.629964 0.467836 0.633574 0.480702 0.637184 0.484211 0.663357 0.480702 0.673285 0.476023 0.676895 0.471345 0.675993 0.461988 0.669675 0.453801 0.661552 0.449123 0.636282 0.449123
2 0.555957 0.377778 0.555054 0.389474 0.582130 0.454971 0.586643 0.461988 0.597473 0.460819 0.598375 0.453801 0.592058 0.428070 0.582130 0.398830 0.569495 0.381287 0.561372 0.376608
2 0.716606 0.505263 0.703069 0.509942 0.689531 0.533333 0.672383 0.570760 0.671480 0.587135 0.682310 0.610526 0.689531 0.610526 0.701264 0.584795 0.703971 0.571930 0.710289 0.561404 0.720217 0.529825 0.720217 0.516959
2 0.718412 0.505263 0.711191 0.505263 0.699458 0.513450 0.671480 0.571930 0.671480 0.589474 0.681408 0.615205 0.686823 0.617544 0.694946 0.600000 0.722022 0.527485 0.722022 0.515789
2 0.585740 0.380117 0.582130 0.387135 0.582130 0.396491 0.591155 0.424561 0.600181 0.464327 0.606498 0.480702 0.610108 0.509942 0.617329 0.522807 0.624549 0.550877 0.631769 0.564912 0.638087 0.584795 0.648014 0.600000 0.657040 0.625731 0.666065 0.638596 0.674188 0.639766 0.678700 0.636257 0.682310 0.628070 0.682310 0.617544 0.673285 0.600000 0.663357 0.566082 0.657040 0.553216 0.633574 0.481871 0.627256 0.451462 0.620036 0.433918 0.607401 0.388304 0.600181 0.382456
2 0.760830 0.466667 0.751805 0.467836 0.748195 0.481871 0.738267 0.494737 0.732852 0.513450 0.719314 0.541520 0.688628 0.619883 0.671480 0.690058 0.669675 0.713450 0.672383 0.718129 0.678700 0.716959 0.691336 0.700585 0.703069 0.679532 0.718412 0.639766 0.727437 0.605848 0.734657 0.590643 0.736462 0.580117 0.750903 0.538012 0.753610 0.520468 0.757220 0.514620 0.757220 0.502924 0.760830 0.497076 0.761733 0.487719
2 0.647112 0.701754 0.640794 0.708772 0.641697 0.741520 0.646209 0.776608 0.651625 0.777778 0.670578 0.748538 0.670578 0.733333 0.662455 0.708772 0.657942 0.702924
2 0.674188 0.824561 0.666968 0.829240 0.662455 0.839766 0.649819 0.852632 0.645307 0.860819 0.645307 0.888889 0.650722 0.899415 0.666968 0.902924 0.670578 0.898246 0.675090 0.857310
2 0.638989 0.864327 0.627256 0.866667 0.621841 0.871345 0.618231 0.871345 0.613718 0.877193 0.602888 0.952047 0.600181 1.000000 0.627256 1.000000 0.641697 0.901754 0.641697 0.871345
2 0.784296 0.789474 0.771661 0.774269 0.757220 0.764912 0.711191 0.766082 0.703971 0.769591 0.685018 0.797661 0.682310 0.808187 0.685921 0.810526 0.708484 0.812865 0.760830 0.810526 0.771661 0.808187 0.780686 0.802339 0.784296 0.796491
2 0.751805 0.693567 0.738267 0.718129 0.742780 0.734503 0.750000 0.742690 0.763538 0.767251 0.787004 0.790643 0.813177 0.791813 0.816787 0.782456 0.803249 0.757895 0.759025 0.691228 0.755415 0.690058
2 0.787004 0.629240 0.781588 0.635088 0.773466 0.651462 0.769856 0.665497 0.771661 0.671345 0.793321 0.698246 0.806859 0.702924 0.819495 0.701754 0.822202 0.694737 0.820397 0.685380 0.796029 0.635088 0.791516 0.629240
2 0.818592 0.497076 0.805957 0.497076 0.798736 0.502924 0.794224 0.543860 0.803249 0.538012 0.819495 0.515789 0.821300 0.500585
2 0.788809 0.347368 0.775271 0.357895 0.768953 0.368421 0.767148 0.390643 0.768051 0.417544 0.769856 0.428070 0.775271 0.436257 0.787906 0.444444 0.795126 0.445614 0.796931 0.428070 0.795126 0.357895 0.792419 0.347368
2 0.791516 0.335673 0.787906 0.328655 0.775271 0.325146 0.706679 0.366082 0.626354 0.404678 0.618231 0.410526 0.617329 0.414035 0.621841 0.432749 0.626354 0.438596 0.631769 0.438596 0.648917 0.430409 0.665162 0.426901 0.688628 0.414035 0.710289 0.405848 0.749097 0.382456 0.791516 0.341520
2 0.769856 0.302924 0.762635 0.292398 0.757220 0.291228 0.751805 0.293567 0.751805 0.298246 0.748195 0.304094 0.728339 0.315789 0.710289 0.330994 0.657942 0.360234 0.639892 0.374269 0.613718 0.384795 0.611011 0.389474 0.612816 0.401170 0.616426 0.405848 0.623646 0.405848 0.683213 0.375439 0.693141 0.373099 0.731949 0.350877 0.737365 0.345029 0.742780 0.343860 0.760830 0.330994 0.769856 0.313450
2 0.763538 0.293567 0.754513 0.281871 0.749097 0.278363 0.743682 0.278363 0.728339 0.285380 0.716606 0.297076 0.689531 0.316959 0.677798 0.333333 0.672383 0.345029 0.672383 0.350877 0.681408 0.349708 0.692238 0.343860 0.728339 0.318129 0.750000 0.306433 0.763538 0.295906
