0 0.485000 0.403333 0.485000 0.413333 0.495000 0.445000 0.491250 0.450000 0.493750 0.460000 0.507500 0.468333 0.517500 0.470000 0.517500 0.483333 0.531250 0.475000 0.533750 0.478333 0.532500 0.483333 0.536250 0.481667 0.550000 0.488333 0.557500 0.480000 0.560000 0.473333 0.557500 0.458333 0.553750 0.453333 0.541250 0.451667 0.528750 0.423333 0.518750 0.408333 0.497500 0.400000 0.487500 0.400000
1 0.337500 0.443333 0.330000 0.460000 0.331250 0.470000 0.326250 0.493333 0.321250 0.498333 0.316250 0.515000 0.322500 0.530000 0.338750 0.533333 0.338750 0.540000 0.345000 0.555000 0.313750 0.561667 0.308750 0.575000 0.303750 0.578333 0.286250 0.578333 0.273750 0.611667 0.263750 0.625000 0.263750 0.645000 0.287500 0.661667 0.307500 0.671667 0.318750 0.673333 0.321250 0.690000 0.330000 0.700000 0.337500 0.696667 0.357500 0.700000 0.358750 0.688333 0.346250 0.688333 0.343750 0.685000 0.350000 0.678333 0.360000 0.675000 0.361250 0.661667 0.366250 0.653333 0.388750 0.676667 0.388750 0.691667 0.395000 0.698333 0.433750 0.701667 0.462500 0.715000 0.483750 0.710000 0.523750 0.711667 0.525000 0.706667 0.518750 0.696667 0.510000 0.670000 0.510000 0.655000 0.516250 0.645000 0.538750 0.631667 0.543750 0.625000 0.552500 0.586667 0.548750 0.581667 0.541250 0.581667 0.528750 0.591667 0.511250 0.593333 0.502500 0.606667 0.482500 0.615000 0.468750 0.613333 0.451250 0.620000 0.430000 0.618333 0.421250 0.608333 0.406250 0.601667 0.388750 0.580000 0.377500 0.580000 0.375000 0.576667 0.377500 0.561667 0.376250 0.550000 0.368750 0.545000 0.361250 0.533333 0.361250 0.513333 0.352500 0.505000 0.351250 0.485000 0.343750 0.468333 0.346250 0.441667
0 0.373750 0.415000 0.366250 0.415000 0.356250 0.425000 0.355000 0.446667 0.350000 0.461667 0.356250 0.480000 0.366250 0.473333 0.376250 0.443333 0.377500 0.423333
2 0.481250 0.365000 0.480000 0.376667 0.486250 0.390000 0.513750 0.405000 0.530000 0.426667 0.532500 0.438333 0.538750 0.446667 0.551250 0.453333 0.562500 0.453333 0.565000 0.433333 0.576250 0.423333 0.583750 0.423333 0.608750 0.440000 0.611250 0.466667 0.622500 0.466667 0.626250 0.423333 0.610000 0.401667 0.611250 0.380000 0.607500 0.370000 0.597500 0.365000 0.591250 0.370000 0.565000 0.366667 0.560000 0.373333 0.550000 0.375000 0.513750 0.360000 0.501250 0.358333 0.496250 0.353333 0.486250 0.355000
0 0.387500 0.356667 0.380000 0.393333 0.376250 0.400000 0.376250 0.438333 0.368750 0.466667 0.361250 0.476667 0.355000 0.501667 0.376250 0.528333 0.397500 0.540000 0.405000 0.538333 0.406250 0.533333 0.405000 0.518333 0.398750 0.510000 0.398750 0.501667 0.403750 0.495000 0.388750 0.485000 0.386250 0.473333 0.388750 0.468333 0.387500 0.440000 0.401250 0.396667 0.402500 0.371667 0.396250 0.360000
0 0.456250 0.196667 0.455000 0.203333 0.458750 0.218333 0.492500 0.260000 0.502500 0.265000 0.516250 0.246667 0.518750 0.231667 0.513750 0.221667 0.503750 0.213333 0.507500 0.193333 0.498750 0.181667 0.486250 0.186667 0.478750 0.203333 0.473750 0.203333 0.466250 0.193333
0 0.576250 0.533333 0.570000 0.533333 0.563750 0.540000 0.558750 0.561667 0.552500 0.571667 0.552500 0.576667 0.560000 0.580000 0.562500 0.586667 0.548750 0.601667 0.547500 0.626667 0.557500 0.636667 0.566250 0.635000 0.588750 0.603333 0.600000 0.593333 0.598750 0.576667 0.591250 0.568333 0.577500 0.541667
0 0.470000 0.301667 0.470000 0.316667 0.477500 0.321667 0.490000 0.346667 0.501250 0.355000 0.546250 0.370000 0.560000 0.368333 0.577500 0.356667 0.590000 0.340000 0.596250 0.323333 0.593750 0.291667 0.576250 0.275000 0.561250 0.251667 0.540000 0.238333 0.532500 0.238333 0.525000 0.246667 0.522500 0.278333 0.516250 0.286667 0.505000 0.293333 0.476250 0.298333 0.473750 0.303333
0 0.597500 0.223333 0.587500 0.240000 0.587500 0.256667 0.592500 0.261667 0.593750 0.283333 0.603750 0.305000 0.616250 0.313333 0.625000 0.313333 0.642500 0.291667 0.641250 0.273333 0.651250 0.261667 0.651250 0.245000 0.641250 0.236667 0.635000 0.225000 0.617500 0.231667 0.611250 0.223333
0 0.482500 0.721667 0.485000 0.740000 0.511250 0.756667 0.528750 0.763333 0.537500 0.773333 0.550000 0.800000 0.562500 0.800000 0.573750 0.790000 0.587500 0.785000 0.595000 0.773333 0.593750 0.756667 0.583750 0.741667 0.563750 0.723333 0.547500 0.715000 0.520000 0.718333 0.490000 0.711667
0 0.512500 0.650000 0.513750 0.670000 0.520000 0.680000 0.523750 0.698333 0.528750 0.705000 0.561250 0.703333 0.571250 0.718333 0.573750 0.731667 0.580000 0.736667 0.601250 0.731667 0.612500 0.718333 0.612500 0.700000 0.602500 0.695000 0.593750 0.676667 0.578750 0.656667 0.565000 0.651667 0.556250 0.641667 0.545000 0.636667 0.531250 0.638333
0 0.650000 0.706667 0.633750 0.701667 0.622500 0.701667 0.618750 0.705000 0.616250 0.716667 0.601250 0.743333 0.607500 0.758333 0.605000 0.771667 0.608750 0.778333 0.616250 0.776667 0.623750 0.761667 0.630000 0.758333 0.645000 0.740000 0.647500 0.728333 0.652500 0.721667
0 0.378750 0.311667 0.378750 0.326667 0.385000 0.345000 0.405000 0.371667 0.413750 0.378333 0.450000 0.388333 0.468750 0.371667 0.477500 0.358333 0.476250 0.340000 0.467500 0.326667 0.445000 0.325000 0.413750 0.288333 0.403750 0.281667 0.393750 0.283333
0 0.588750 0.501667 0.582500 0.521667 0.583750 0.545000 0.593750 0.568333 0.606250 0.576667 0.612500 0.591667 0.621250 0.598333 0.635000 0.595000 0.646250 0.596667 0.653750 0.603333 0.655000 0.611667 0.657500 0.608333 0.668750 0.608333 0.676250 0.586667 0.680000 0.603333 0.690000 0.623333 0.707500 0.631667 0.717500 0.626667 0.720000 0.616667 0.718750 0.601667 0.713750 0.588333 0.705000 0.581667 0.690000 0.581667 0.682500 0.566667 0.666250 0.553333 0.656250 0.540000 0.641250 0.508333 0.638750 0.496667 0.630000 0.485000 0.610000 0.485000 0.595000 0.493333
0 0.603750 0.581667 0.601250 0.593333 0.572500 0.631667 0.572500 0.648333 0.595000 0.678333 0.603750 0.696667 0.627500 0.696667 0.638750 0.701667 0.640000 0.691667 0.655000 0.658333 0.655000 0.640000 0.643750 0.628333 0.620000 0.618333 0.616250 0.596667
0 0.458750 0.790000 0.460000 0.810000 0.473750 0.821667 0.481250 0.833333 0.488750 0.820000 0.523750 0.815000 0.546250 0.801667 0.543750 0.788333 0.532500 0.766667 0.520000 0.763333 0.505000 0.751667 0.495000 0.748333 0.468750 0.750000 0.467500 0.780000
0 0.475000 0.720000 0.452500 0.716667 0.438750 0.726667 0.428750 0.726667 0.422500 0.733333 0.411250 0.761667 0.411250 0.768333 0.418750 0.773333 0.422500 0.781667 0.420000 0.790000 0.422500 0.800000 0.432500 0.801667 0.441250 0.780000 0.440000 0.766667 0.456250 0.758333 0.463750 0.746667 0.478750 0.746667 0.481250 0.743333 0.480000 0.728333
0 0.306250 0.510000 0.293750 0.508333 0.288750 0.515000 0.288750 0.536667 0.278750 0.555000 0.278750 0.575000 0.281250 0.578333 0.306250 0.576667 0.313750 0.561667 0.325000 0.556667 0.320000 0.551667 0.327500 0.541667 0.327500 0.535000
0 0.272500 0.403333 0.266250 0.408333 0.267500 0.426667 0.265000 0.450000 0.286250 0.490000 0.295000 0.493333 0.298750 0.505000 0.307500 0.505000 0.321250 0.491667 0.323750 0.480000 0.322500 0.461667 0.318750 0.455000 0.311250 0.455000 0.297500 0.438333 0.296250 0.431667 0.281250 0.416667 0.278750 0.405000
0 0.447500 0.415000 0.446250 0.425000 0.455000 0.456667 0.468750 0.461667 0.477500 0.453333 0.486250 0.451667 0.486250 0.431667 0.467500 0.406667 0.457500 0.405000
0 0.522500 0.485000 0.518750 0.490000 0.518750 0.506667 0.531250 0.545000 0.540000 0.556667 0.547500 0.558333 0.550000 0.553333 0.547500 0.525000 0.550000 0.505000 0.546250 0.490000 0.537500 0.485000
0 0.673750 0.478333 0.667500 0.486667 0.666250 0.500000 0.668750 0.505000 0.655000 0.515000 0.655000 0.525000 0.666250 0.545000 0.678750 0.556667 0.688750 0.578333 0.702500 0.578333 0.710000 0.565000 0.713750 0.536667 0.706250 0.525000 0.695000 0.518333 0.695000 0.511667 0.698750 0.506667 0.698750 0.488333 0.685000 0.478333
0 0.657500 0.265000 0.648750 0.266667 0.645000 0.271667 0.645000 0.286667 0.617500 0.325000 0.618750 0.350000 0.616250 0.363333 0.626250 0.380000 0.618750 0.383333 0.615000 0.390000 0.615000 0.396667 0.633750 0.423333 0.641250 0.430000 0.652500 0.431667 0.663750 0.423333 0.645000 0.420000 0.642500 0.408333 0.650000 0.406667 0.655000 0.411667 0.660000 0.403333 0.666250 0.400000 0.672500 0.405000 0.677500 0.401667 0.678750 0.366667 0.681250 0.363333 0.688750 0.363333 0.688750 0.360000 0.680000 0.353333 0.687500 0.346667 0.685000 0.341667 0.686250 0.336667 0.682500 0.333333 0.691250 0.315000 0.685000 0.305000 0.675000 0.308333 0.668750 0.290000 0.665000 0.286667 0.662500 0.266667
0 0.563750 0.435000 0.563750 0.453333 0.568750 0.465000 0.581250 0.466667 0.590000 0.461667 0.598750 0.471667 0.605000 0.470000 0.607500 0.440000 0.600000 0.431667 0.586250 0.425000 0.575000 0.425000
0 0.368750 0.665000 0.365000 0.678333 0.366250 0.695000 0.373750 0.698333 0.388750 0.695000 0.390000 0.673333 0.381250 0.661667
0 0.287500 0.353333 0.273750 0.356667 0.267500 0.368333 0.271250 0.393333 0.275000 0.396667 0.282500 0.395000 0.295000 0.373333 0.295000 0.361667
0 0.528750 0.188333 0.523750 0.196667 0.523750 0.210000 0.541250 0.236667 0.552500 0.236667 0.562500 0.211667 0.562500 0.203333 0.553750 0.186667 0.545000 0.190000
0 0.676250 0.411667 0.661250 0.421667 0.658750 0.436667 0.663750 0.445000 0.671250 0.446667 0.678750 0.440000 0.681250 0.420000
0 0.675000 0.451667 0.666250 0.445000 0.633750 0.450000 0.626250 0.456667 0.626250 0.478333 0.637500 0.493333 0.651250 0.496667 0.675000 0.468333
0 0.290000 0.391667 0.288750 0.413333 0.301250 0.433333 0.312500 0.431667 0.316250 0.425000 0.320000 0.425000 0.328750 0.436667 0.335000 0.436667 0.347500 0.415000 0.347500 0.401667 0.342500 0.391667 0.335000 0.385000 0.330000 0.385000 0.322500 0.371667 0.313750 0.373333
0 0.440000 0.191667 0.437500 0.195000 0.437500 0.215000 0.440000 0.220000 0.437500 0.226667 0.438750 0.241667 0.445000 0.253333 0.447500 0.271667 0.455000 0.281667 0.463750 0.285000 0.473750 0.265000 0.475000 0.241667 0.461250 0.220000 0.456250 0.205000 0.460000 0.196667
0 0.353750 0.228333 0.347500 0.238333 0.337500 0.273333 0.322500 0.281667 0.310000 0.303333 0.298750 0.303333 0.288750 0.316667 0.288750 0.326667 0.310000 0.355000 0.311250 0.363333 0.337500 0.363333 0.341250 0.376667 0.348750 0.385000 0.368750 0.388333 0.377500 0.381667 0.377500 0.373333 0.360000 0.356667 0.358750 0.351667 0.372500 0.346667 0.375000 0.315000 0.382500 0.300000 0.382500 0.291667 0.361250 0.255000 0.360000 0.240000
0 0.368750 0.238333 0.371250 0.248333 0.393750 0.256667 0.400000 0.276667 0.408750 0.281667 0.418750 0.281667 0.422500 0.296667 0.431250 0.298333 0.441250 0.293333 0.448750 0.278333 0.445000 0.251667 0.432500 0.226667 0.417500 0.226667 0.416250 0.230000 0.411250 0.216667 0.396250 0.213333 0.376250 0.228333
0 0.500000 0.260000 0.488750 0.255000 0.476250 0.255000 0.468750 0.275000 0.461250 0.283333 0.465000 0.311667 0.470000 0.320000 0.475000 0.318333 0.476250 0.306667 0.496250 0.285000 0.502500 0.270000
0 0.435000 0.385000 0.411250 0.383333 0.412500 0.388333 0.410000 0.393333 0.401250 0.400000 0.400000 0.410000 0.407500 0.421667 0.402500 0.423333 0.398750 0.435000 0.391250 0.441667 0.396250 0.458333 0.407500 0.448333 0.407500 0.438333 0.415000 0.445000 0.420000 0.443333 0.420000 0.428333 0.415000 0.423333 0.417500 0.421667 0.420000 0.425000 0.417500 0.420000 0.421250 0.416667 0.422500 0.408333 0.428750 0.408333 0.437500 0.400000 0.438750 0.390000
