1 0.728571 0.341048 0.723308 0.345133 0.717293 0.363513 0.717293 0.368958 0.721053 0.376447 0.725564 0.400272 0.727820 0.402314 0.730827 0.402314 0.737594 0.398911 0.740602 0.390742 0.742105 0.359428 0.739098 0.345133 0.736090 0.342410
1 0.694737 0.376447 0.689474 0.375766 0.677444 0.377808 0.671429 0.380531 0.672180 0.385977 0.681955 0.396869 0.690977 0.398230 0.699248 0.393465 0.696992 0.379170
1 0.715038 0.370320 0.705263 0.370320 0.695489 0.375766 0.694737 0.385296 0.696992 0.390742 0.702256 0.390742 0.718045 0.381212 0.718797 0.375085
1 0.779699 0.351940 0.780451 0.356025 0.785714 0.360109 0.789474 0.368278 0.796992 0.374404 0.809774 0.379170 0.812782 0.378489 0.815789 0.375085 0.815789 0.371681 0.807519 0.359428 0.797744 0.353302 0.787218 0.349217 0.781955 0.349898
1 0.638346 0.352621 0.624812 0.360790 0.623308 0.367597 0.624812 0.371001 0.633835 0.378489 0.638346 0.385296 0.642105 0.388700 0.646617 0.389381 0.658647 0.381892 0.660902 0.376447 0.652632 0.361470 0.645865 0.355344
1 0.656391 0.383935 0.656391 0.388700 0.666165 0.397549 0.669925 0.397549 0.669173 0.400953 0.672932 0.404357 0.678195 0.404357 0.681955 0.400272 0.681955 0.396188 0.679699 0.392784 0.666917 0.381212 0.661654 0.380531
1 0.702256 0.324030 0.697744 0.325391 0.689474 0.331518 0.684211 0.339687 0.677444 0.345813 0.677444 0.350579 0.688722 0.362151 0.693233 0.362151 0.699248 0.359428 0.706015 0.353302 0.715038 0.339006 0.714286 0.331518
1 0.666165 0.315861 0.663910 0.317223 0.660150 0.324711 0.660902 0.332199 0.665414 0.336964 0.676692 0.336964 0.684962 0.330157 0.685714 0.321988 0.680451 0.318584
0 0.536090 0.204901 0.533083 0.211709 0.533083 0.222600 0.537594 0.244384 0.536842 0.266167 0.539098 0.279101 0.543609 0.284547 0.542857 0.301566 0.545865 0.313819 0.552632 0.328114 0.557143 0.332199 0.563910 0.345813 0.585714 0.365555 0.593985 0.376447 0.596241 0.385977 0.601504 0.393465 0.603759 0.406399 0.603008 0.415929 0.599248 0.421375 0.593985 0.422737 0.593985 0.427502 0.596241 0.436351 0.609023 0.464261 0.612030 0.481280 0.614286 0.486045 0.630075 0.495575 0.649624 0.502383 0.657143 0.507148 0.666165 0.509190 0.673684 0.514636 0.683459 0.516678 0.689474 0.523485 0.696241 0.527570 0.703759 0.529612 0.717293 0.528931 0.721053 0.517359 0.724060 0.514636 0.733083 0.513955 0.734586 0.512594 0.735338 0.509190 0.739098 0.505786 0.736842 0.502383 0.739850 0.501702 0.740602 0.497617 0.730075 0.490129 0.721053 0.477876 0.721053 0.473792 0.703759 0.445201 0.696241 0.426821 0.688722 0.415929 0.686466 0.407760 0.681955 0.405718 0.673684 0.405718 0.670677 0.404357 0.654887 0.390061 0.641353 0.389381 0.638346 0.385296 0.627068 0.377127 0.624812 0.369639 0.627068 0.353302 0.619549 0.338325 0.621053 0.334241 0.621053 0.322668 0.624060 0.312457 0.623308 0.302246 0.617293 0.296801 0.598496 0.289312 0.590977 0.283867 0.598496 0.279101 0.601504 0.272975 0.601504 0.264806 0.593985 0.251191 0.590977 0.240300 0.581203 0.228727 0.577444 0.219877 0.560150 0.211709 0.551128 0.209666 0.543609 0.204901
0 0.688722 0.027910 0.679699 0.033356 0.657143 0.066031 0.650376 0.079646 0.647368 0.090538 0.639098 0.103472 0.625564 0.134105 0.619549 0.157931 0.618797 0.181756 0.620301 0.186521 0.622556 0.188564 0.627068 0.188564 0.636842 0.183118 0.639850 0.184479 0.639098 0.201498 0.635338 0.217155 0.636090 0.236896 0.639098 0.245745 0.648120 0.260041 0.652632 0.279101 0.657143 0.286590 0.661654 0.289312 0.670677 0.289993 0.679699 0.294758 0.704511 0.302246 0.729323 0.300204 0.742857 0.303608 0.752632 0.304289 0.781955 0.300204 0.792481 0.300204 0.815038 0.311777 0.824812 0.314500 0.833083 0.314500 0.845113 0.303608 0.854135 0.303608 0.858647 0.300204 0.857143 0.263445 0.859398 0.251872 0.864662 0.239619 0.873684 0.235534 0.881203 0.221239 0.882707 0.211709 0.881955 0.197413 0.878195 0.196052 0.863910 0.184479 0.864662 0.176991 0.866917 0.172226 0.881955 0.159292 0.903759 0.116406 0.905263 0.111641 0.904511 0.102791 0.896992 0.096664 0.877444 0.092580 0.869173 0.086453 0.867669 0.078285 0.859398 0.069435 0.851128 0.056501 0.851128 0.049013 0.849624 0.046290 0.842105 0.042886 0.833835 0.040844 0.824060 0.041525 0.815038 0.045609 0.810526 0.052417 0.805263 0.055140 0.784962 0.051736 0.757143 0.043567 0.738346 0.032675 0.719549 0.027229 0.705263 0.028591
2 0.272180 0.360790 0.250376 0.380531 0.248120 0.394146 0.251128 0.416610 0.256391 0.432267 0.257143 0.454731 0.260150 0.471749 0.262406 0.509190 0.258647 0.524847 0.258647 0.542546 0.254887 0.552076 0.258647 0.560245 0.257143 0.579986 0.253383 0.590878 0.254135 0.608577 0.255639 0.611300 0.267669 0.618788 0.275188 0.620830 0.290226 0.618108 0.295489 0.619469 0.307519 0.614023 0.315038 0.616065 0.324812 0.622192 0.342857 0.625596 0.349624 0.624915 0.360150 0.618788 0.368421 0.623553 0.379699 0.626276 0.389474 0.623553 0.402256 0.629680 0.411278 0.631722 0.423308 0.630361 0.441353 0.620150 0.445865 0.616065 0.456391 0.600408 0.463158 0.586794 0.490977 0.583390 0.501504 0.576583 0.506767 0.569775 0.509774 0.557522 0.516541 0.552757 0.530827 0.530293 0.530075 0.521443 0.522556 0.502383 0.517293 0.493533 0.515789 0.473111 0.516541 0.439755 0.509774 0.424779 0.501504 0.415929 0.500000 0.407080 0.493233 0.392784 0.480451 0.377127 0.467669 0.368278 0.457895 0.364193 0.429323 0.357386 0.400000 0.353982 0.351880 0.352621 0.329323 0.354663 0.306015 0.360109
1 0.564662 0.176991 0.556391 0.179714 0.546617 0.189925 0.539850 0.200136 0.542105 0.204221 0.547368 0.206943 0.554887 0.206943 0.560150 0.204221 0.571429 0.190606 0.571429 0.183799
0 0.232331 0.431586 0.214286 0.425459 0.201504 0.424779 0.189474 0.426140 0.174436 0.430905 0.157895 0.438393 0.142105 0.449966 0.133083 0.458816 0.118797 0.480599 0.114286 0.496256 0.114286 0.511232 0.117293 0.520762 0.116541 0.533696 0.118045 0.537100 0.130827 0.550034 0.143609 0.556841 0.154887 0.558884 0.160150 0.561607 0.167669 0.562968 0.184211 0.562287 0.200752 0.557522 0.218045 0.549353 0.228571 0.541865 0.239850 0.530973 0.247368 0.518039 0.251128 0.502383 0.256391 0.490810 0.257895 0.469027 0.255639 0.457454 0.249624 0.445882 0.240602 0.437032
1 0.906015 0.204221 0.903008 0.207624 0.903759 0.213070 0.918045 0.234854 0.923308 0.237577 0.936090 0.235534 0.937594 0.233492 0.936842 0.225323 0.926316 0.207624 0.919549 0.202859
1 0.948872 0.238938 0.945113 0.236896 0.938346 0.236896 0.915789 0.244384 0.911278 0.249830 0.911278 0.253233 0.914286 0.258679 0.920301 0.262083 0.929323 0.262083 0.942857 0.260041 0.949624 0.257318 0.952632 0.250511
1 0.881203 0.279782 0.874436 0.279101 0.860150 0.282505 0.859398 0.288632 0.863158 0.298843 0.874436 0.298843 0.884962 0.294758 0.885714 0.288632
1 0.910526 0.360109 0.898496 0.358747 0.890977 0.364874 0.883459 0.377127 0.875188 0.398911 0.875188 0.405037 0.879699 0.408441 0.890977 0.409803 0.898496 0.404357 0.906015 0.385296 0.915038 0.373724 0.915038 0.364874
1 0.879699 0.464942 0.878195 0.448604 0.875188 0.438393 0.872932 0.435671 0.867669 0.434990 0.860150 0.437032 0.855639 0.441116 0.836842 0.435671 0.825564 0.437032 0.821805 0.440436 0.821805 0.447243 0.826316 0.452008 0.844361 0.460177 0.857895 0.462219 0.866917 0.471749 0.872932 0.471749
1 0.874436 0.330157 0.874436 0.335602 0.876692 0.339006 0.894737 0.354663 0.900000 0.357386 0.906015 0.357386 0.912030 0.354663 0.909774 0.346494 0.889474 0.328114 0.879699 0.326753
1 0.651880 0.294078 0.633835 0.295439 0.629323 0.298162 0.627068 0.302927 0.621805 0.322668 0.621805 0.343091 0.627820 0.347856 0.634586 0.347856 0.639098 0.345813 0.644361 0.338325 0.648872 0.324711 0.648872 0.312457 0.652632 0.302246
1 0.520301 0.334922 0.518797 0.338325 0.519549 0.346494 0.524060 0.353982 0.533835 0.363513 0.541353 0.366916 0.564662 0.386658 0.578947 0.394826 0.584211 0.394826 0.592481 0.389381 0.594737 0.385977 0.593985 0.377127 0.576692 0.359428 0.570677 0.356705 0.560150 0.348536 0.545865 0.343771 0.536842 0.336283 0.530075 0.332880 0.524060 0.332880
1 0.527820 0.391423 0.525564 0.393465 0.525564 0.397549 0.529323 0.404357 0.573684 0.456093 0.584962 0.481961 0.593985 0.486045 0.603008 0.486045 0.607519 0.484003 0.609023 0.481961 0.609774 0.471749 0.606767 0.461538 0.591729 0.429544 0.578195 0.411845 0.562406 0.399592 0.551880 0.394146 0.534586 0.390061
1 0.947368 0.281824 0.937594 0.282505 0.933835 0.289312 0.933083 0.307012 0.930827 0.311777 0.930075 0.332880 0.917293 0.372362 0.897744 0.407760 0.890226 0.417971 0.883459 0.422737 0.878947 0.430905 0.880451 0.437713 0.890226 0.444520 0.896241 0.444520 0.907519 0.437713 0.923308 0.421375 0.934586 0.405037 0.946617 0.380531 0.952632 0.343091 0.951880 0.294078
1 0.891729 0.310415 0.886466 0.317903 0.890226 0.328795 0.904511 0.342410 0.910526 0.344452 0.913534 0.343771 0.920301 0.338325 0.923308 0.332880 0.923308 0.325391 0.921053 0.321307 0.909023 0.313819 0.900752 0.311096
1 0.910526 0.289993 0.906767 0.292716 0.904511 0.297481 0.905263 0.307692 0.912030 0.311777 0.920301 0.311777 0.925564 0.309735 0.928571 0.307012 0.930827 0.300885 0.930827 0.295439 0.928571 0.290674 0.921805 0.288632
1 0.948120 0.264125 0.939098 0.266848 0.930827 0.277740 0.932331 0.283867 0.943609 0.282505 0.949624 0.279101 0.951880 0.270252
1 0.878947 0.260041 0.872180 0.258679 0.863158 0.262764 0.859398 0.266848 0.859398 0.274336 0.863910 0.275698 0.875940 0.268890 0.879699 0.264806
1 0.726316 0.415248 0.727820 0.418652 0.733083 0.421375 0.763910 0.413206 0.768421 0.408441 0.763910 0.405718 0.733083 0.402995 0.727820 0.405037
1 0.744361 0.350579 0.742857 0.353302 0.743609 0.363513 0.751128 0.370320 0.767669 0.378489 0.775188 0.378489 0.779699 0.375085 0.779699 0.368958 0.771429 0.361470 0.765414 0.359428 0.760150 0.345813 0.751128 0.345813
1 0.706015 0.311096 0.704511 0.318584 0.707519 0.324030 0.718045 0.332199 0.724812 0.334922 0.733835 0.334922 0.740602 0.329476 0.745113 0.321988 0.745113 0.313819 0.743609 0.311096 0.732331 0.304969 0.718045 0.306331
1 0.869925 0.332199 0.859398 0.331518 0.851880 0.332199 0.847368 0.334241 0.847368 0.341729 0.851880 0.350579 0.863910 0.351259 0.871429 0.347175 0.872932 0.337645
