0 0.456250 0.266667 0.447500 0.265000 0.423750 0.270000 0.400000 0.285000 0.387500 0.305000 0.387500 0.331667 0.401250 0.311667
0 0.377500 0.395000 0.367500 0.420000 0.361250 0.460000 0.376250 0.491667 0.396250 0.521667 0.407500 0.560000 0.411250 0.563333 0.418750 0.561667 0.431250 0.551667 0.423750 0.543333 0.422500 0.536667 0.408750 0.525000 0.388750 0.498333 0.382500 0.471667 0.382500 0.448333 0.387500 0.418333 0.381250 0.395000
2 0.543750 0.250000 0.542500 0.253333 0.568750 0.275000 0.596250 0.308333 0.607500 0.316667 0.621250 0.336667 0.630000 0.360000 0.642500 0.455000 0.646250 0.456667 0.650000 0.443333 0.650000 0.386667 0.638750 0.336667 0.647500 0.305000 0.628750 0.306667 0.613750 0.275000 0.602500 0.278333 0.592500 0.268333 0.575000 0.258333
1 0.306250 0.546667 0.295000 0.560000 0.287500 0.561667 0.280000 0.575000 0.277500 0.601667 0.281250 0.626667 0.290000 0.648333 0.308750 0.676667 0.322500 0.685000 0.342500 0.681667 0.350000 0.675000 0.360000 0.635000 0.373750 0.608333 0.373750 0.595000 0.365000 0.578333 0.350000 0.563333 0.346250 0.563333 0.338750 0.551667 0.328750 0.546667
0 0.530000 0.628333 0.525000 0.628333 0.517500 0.641667 0.505000 0.653333 0.492500 0.681667 0.491250 0.703333 0.492500 0.713333 0.497500 0.721667 0.501250 0.718333 0.508750 0.725000 0.530000 0.728333 0.541250 0.716667 0.548750 0.690000 0.548750 0.670000
1 0.346250 0.500000 0.326250 0.533333 0.326250 0.541667 0.361250 0.575000 0.373750 0.598333 0.380000 0.598333 0.406250 0.568333 0.406250 0.560000 0.392500 0.518333 0.375000 0.498333
1 0.220000 0.348333 0.218750 0.358333 0.211250 0.371667 0.207500 0.398333 0.225000 0.401667 0.221250 0.415000 0.221250 0.443333 0.208750 0.446667 0.203750 0.465000 0.200000 0.470000 0.188750 0.473333 0.185000 0.480000 0.196250 0.503333 0.198750 0.528333 0.193750 0.533333 0.182500 0.533333 0.181250 0.550000 0.186250 0.550000 0.190000 0.555000 0.195000 0.575000 0.218750 0.588333 0.228750 0.590000 0.242500 0.585000 0.250000 0.596667 0.257500 0.596667 0.262500 0.578333 0.266250 0.575000 0.277500 0.575000 0.288750 0.556667 0.298750 0.553333 0.308750 0.541667 0.322500 0.540000 0.350000 0.500000 0.368750 0.500000 0.373750 0.503333 0.377500 0.515000 0.385000 0.515000 0.368750 0.480000 0.362500 0.480000 0.358750 0.485000 0.345000 0.490000 0.341250 0.486667 0.341250 0.473333 0.307500 0.451667 0.288750 0.426667 0.280000 0.406667 0.280000 0.393333 0.285000 0.378333 0.273750 0.365000 0.272500 0.351667 0.260000 0.345000 0.247500 0.343333 0.240000 0.330000 0.231250 0.331667
1 0.471250 0.560000 0.476250 0.570000 0.497500 0.573333 0.513750 0.586667 0.512500 0.595000 0.502500 0.615000 0.502500 0.625000 0.505000 0.628333 0.522500 0.620000 0.528750 0.613333 0.527500 0.596667 0.521250 0.580000 0.513750 0.570000 0.482500 0.556667 0.473750 0.556667
0 0.460000 0.638333 0.446250 0.640000 0.433750 0.653333 0.425000 0.653333 0.416250 0.658333 0.410000 0.673333 0.410000 0.686667 0.418750 0.690000 0.421250 0.701667 0.422500 0.781667 0.436250 0.788333 0.441250 0.795000 0.446250 0.818333 0.448750 0.820000 0.456250 0.818333 0.472500 0.785000 0.471250 0.768333 0.465000 0.756667 0.465000 0.750000 0.481250 0.726667 0.485000 0.688333 0.476250 0.655000 0.466250 0.641667
0 0.477500 0.735000 0.468750 0.745000 0.468750 0.756667 0.480000 0.798333 0.480000 0.818333 0.475000 0.828333 0.477500 0.840000 0.492500 0.846667 0.507500 0.848333 0.531250 0.841667 0.543750 0.803333 0.531250 0.741667 0.523750 0.735000 0.511250 0.733333
1 0.578750 0.713333 0.566250 0.718333 0.558750 0.730000 0.558750 0.755000 0.565000 0.808333 0.570000 0.816667 0.575000 0.816667 0.577500 0.811667 0.577500 0.796667 0.570000 0.770000 0.568750 0.748333 0.583750 0.726667 0.583750 0.718333
0 0.486250 0.240000 0.465000 0.263333 0.438750 0.275000 0.427500 0.288333 0.406250 0.303333 0.402500 0.310000 0.388750 0.315000 0.381250 0.353333 0.380000 0.393333 0.376250 0.401667 0.377500 0.406667 0.381250 0.406667 0.386250 0.413333 0.387500 0.431667 0.382500 0.441667 0.381250 0.471667 0.385000 0.485000 0.388750 0.486667 0.390000 0.503333 0.400000 0.518333 0.402500 0.516667 0.405000 0.520000 0.400000 0.523333 0.403750 0.538333 0.408750 0.525000 0.421250 0.535000 0.423750 0.546667 0.427500 0.543333 0.431250 0.546667 0.475000 0.543333 0.498750 0.546667 0.521250 0.556667 0.536250 0.556667 0.548750 0.546667 0.578750 0.501667 0.601250 0.408333 0.600000 0.366667 0.595000 0.340000 0.587500 0.326667 0.583750 0.311667 0.580000 0.310000 0.580000 0.298333 0.558750 0.265000 0.536250 0.250000 0.507500 0.246667 0.498750 0.240000
0 0.580000 0.296667 0.580000 0.305000 0.597500 0.348333 0.601250 0.373333 0.601250 0.408333 0.593750 0.435000 0.592500 0.450000 0.583750 0.475000 0.580000 0.473333 0.581250 0.486667 0.576250 0.503333 0.552500 0.538333 0.536250 0.555000 0.532500 0.555000 0.531250 0.560000 0.548750 0.576667 0.558750 0.580000 0.572500 0.608333 0.585000 0.611667 0.605000 0.595000 0.625000 0.570000 0.636250 0.548333 0.642500 0.463333 0.636250 0.406667 0.625000 0.346667 0.607500 0.316667 0.597500 0.311667 0.591250 0.300000
