0 0.597500 0.393333 0.580000 0.395000 0.555000 0.416667 0.555000 0.440000 0.568750 0.460000 0.567500 0.463333 0.570000 0.466667 0.568750 0.470000 0.562500 0.463333 0.558750 0.466667 0.567500 0.488333 0.563750 0.495000 0.563750 0.511667 0.567500 0.515000 0.582500 0.515000 0.591250 0.500000 0.590000 0.490000 0.581250 0.483333 0.577500 0.471667 0.592500 0.468333 0.606250 0.448333 0.608750 0.425000 0.613750 0.413333 0.613750 0.403333
1 0.743750 0.518333 0.738750 0.525000 0.736250 0.538333 0.745000 0.550000 0.752500 0.551667 0.757500 0.546667 0.760000 0.536667 0.747500 0.518333
0 0.553750 0.431667 0.550000 0.426667 0.533750 0.431667 0.531250 0.435000 0.530000 0.451667 0.542500 0.460000 0.555000 0.456667
1 0.776250 0.305000 0.772500 0.298333 0.761250 0.298333 0.757500 0.266667 0.748750 0.243333 0.725000 0.235000 0.698750 0.235000 0.683750 0.226667 0.665000 0.226667 0.653750 0.231667 0.643750 0.213333 0.635000 0.220000 0.630000 0.233333 0.616250 0.230000 0.607500 0.196667 0.608750 0.180000 0.601250 0.171667 0.598750 0.151667 0.591250 0.141667 0.578750 0.138333 0.577500 0.145000 0.583750 0.155000 0.585000 0.165000 0.576250 0.171667 0.576250 0.185000 0.572500 0.190000 0.560000 0.196667 0.548750 0.196667 0.546250 0.193333 0.553750 0.176667 0.556250 0.161667 0.553750 0.155000 0.548750 0.160000 0.546250 0.171667 0.530000 0.198333 0.515000 0.181667 0.501250 0.178333 0.492500 0.186667 0.470000 0.185000 0.451250 0.210000 0.446250 0.208333 0.437500 0.173333 0.431250 0.171667 0.432500 0.191667 0.417500 0.203333 0.407500 0.220000 0.407500 0.228333 0.413750 0.238333 0.412500 0.261667 0.402500 0.271667 0.385000 0.261667 0.345000 0.255000 0.335000 0.275000 0.323750 0.285000 0.323750 0.300000 0.328750 0.313333 0.331250 0.335000 0.337500 0.340000 0.343750 0.340000 0.346250 0.346667 0.335000 0.360000 0.327500 0.375000 0.298750 0.381667 0.291250 0.386667 0.290000 0.391667 0.325000 0.383333 0.338750 0.391667 0.353750 0.393333 0.360000 0.400000 0.398750 0.391667 0.407500 0.401667 0.431250 0.406667 0.440000 0.420000 0.450000 0.425000 0.457500 0.438333 0.466250 0.438333 0.473750 0.423333 0.486250 0.420000 0.513750 0.421667 0.550000 0.396667 0.561250 0.398333 0.566250 0.391667 0.580000 0.388333 0.623750 0.391667 0.628750 0.386667 0.640000 0.385000 0.642500 0.390000 0.652500 0.390000 0.660000 0.400000 0.668750 0.395000 0.676250 0.396667 0.680000 0.405000 0.686250 0.408333 0.688750 0.420000 0.693750 0.421667 0.695000 0.410000 0.703750 0.396667 0.703750 0.368333 0.706250 0.365000 0.716250 0.368333 0.721250 0.375000 0.733750 0.375000 0.742500 0.368333 0.742500 0.361667 0.733750 0.356667 0.721250 0.358333 0.710000 0.348333 0.703750 0.316667 0.702500 0.290000 0.700000 0.286667 0.691250 0.286667 0.685000 0.295000 0.680000 0.295000 0.673750 0.286667 0.671250 0.276667 0.672500 0.253333 0.683750 0.246667 0.722500 0.243333 0.738750 0.258333 0.750000 0.275000 0.751250 0.345000 0.762500 0.341667 0.772500 0.330000
1 0.665000 0.650000 0.655000 0.631667 0.643750 0.623333 0.637500 0.623333 0.631250 0.611667 0.635000 0.596667 0.625000 0.583333 0.611250 0.573333 0.592500 0.570000 0.585000 0.576667 0.580000 0.596667 0.572500 0.596667 0.557500 0.585000 0.551250 0.585000 0.531250 0.601667 0.492500 0.610000 0.471250 0.625000 0.463750 0.625000 0.435000 0.638333 0.405000 0.641667 0.398750 0.650000 0.396250 0.670000 0.391250 0.681667 0.393750 0.700000 0.388750 0.706667 0.397500 0.711667 0.410000 0.736667 0.412500 0.748333 0.443750 0.771667 0.468750 0.781667 0.470000 0.790000 0.497500 0.786667 0.520000 0.803333 0.531250 0.803333 0.540000 0.795000 0.543750 0.781667 0.548750 0.776667 0.558750 0.776667 0.600000 0.763333 0.607500 0.750000 0.610000 0.731667 0.620000 0.716667 0.632500 0.710000 0.633750 0.703333 0.642500 0.695000 0.645000 0.680000 0.643750 0.666667 0.648750 0.661667 0.665000 0.656667
1 0.360000 0.660000 0.360000 0.671667 0.375000 0.688333 0.381250 0.688333 0.378750 0.673333 0.368750 0.660000
1 0.398750 0.395000 0.392500 0.395000 0.380000 0.421667 0.360000 0.433333 0.343750 0.455000 0.327500 0.518333 0.327500 0.553333 0.342500 0.595000 0.366250 0.625000 0.376250 0.630000 0.396250 0.626667 0.402500 0.621667 0.406250 0.610000 0.406250 0.590000 0.398750 0.551667 0.398750 0.523333 0.405000 0.501667 0.401250 0.473333 0.390000 0.463333 0.390000 0.456667 0.400000 0.440000 0.402500 0.428333 0.412500 0.415000
2 0.403750 0.425000 0.397500 0.450000 0.397500 0.465000 0.405000 0.490000 0.398750 0.548333 0.406250 0.588333 0.406250 0.620000 0.403750 0.625000 0.383750 0.633333 0.382500 0.640000 0.397500 0.643333 0.412500 0.631667 0.420000 0.635000 0.445000 0.633333 0.455000 0.626667 0.477500 0.620000 0.488750 0.610000 0.530000 0.600000 0.558750 0.576667 0.552500 0.548333 0.535000 0.545000 0.526250 0.535000 0.521250 0.523333 0.521250 0.510000 0.526250 0.500000 0.546250 0.498333 0.548750 0.473333 0.545000 0.466667 0.532500 0.465000 0.520000 0.458333 0.500000 0.461667 0.492500 0.448333 0.478750 0.445000 0.475000 0.440000 0.460000 0.441667 0.445000 0.421667 0.433750 0.413333 0.417500 0.415000
0 0.560000 0.540000 0.561250 0.555000 0.576250 0.581667 0.581250 0.581667 0.581250 0.576667 0.587500 0.570000 0.595000 0.566667 0.606250 0.568333 0.610000 0.563333 0.610000 0.546667 0.600000 0.546667 0.593750 0.540000 0.583750 0.545000
0 0.626250 0.503333 0.622500 0.525000 0.622500 0.568333 0.626250 0.581667 0.637500 0.585000 0.642500 0.580000 0.641250 0.556667 0.647500 0.543333 0.647500 0.533333 0.650000 0.530000 0.655000 0.535000 0.655000 0.525000 0.640000 0.518333 0.631250 0.503333
0 0.610000 0.500000 0.601250 0.498333 0.595000 0.501667 0.586250 0.515000 0.586250 0.521667 0.600000 0.523333 0.607500 0.520000 0.611250 0.515000
0 0.687500 0.546667 0.686250 0.555000 0.690000 0.565000 0.690000 0.575000 0.696250 0.580000 0.710000 0.576667 0.715000 0.563333 0.715000 0.553333
0 0.682500 0.486667 0.682500 0.491667 0.696250 0.506667 0.700000 0.505000 0.706250 0.513333 0.715000 0.511667 0.716250 0.498333 0.710000 0.483333 0.688750 0.480000
0 0.685000 0.491667 0.681250 0.491667 0.678750 0.496667 0.678750 0.513333 0.661250 0.525000 0.661250 0.550000 0.666250 0.563333 0.678750 0.560000 0.693750 0.526667 0.700000 0.531667 0.706250 0.531667 0.710000 0.526667 0.707500 0.521667 0.708750 0.515000 0.702500 0.510000 0.695000 0.511667 0.687500 0.501667 0.688750 0.496667
0 0.683750 0.556667 0.661250 0.568333 0.661250 0.575000 0.670000 0.593333 0.651250 0.610000 0.651250 0.616667 0.656250 0.625000 0.668750 0.630000 0.683750 0.630000 0.687500 0.626667 0.687500 0.566667
0 0.613750 0.420000 0.610000 0.426667 0.607500 0.458333 0.600000 0.461667 0.600000 0.466667 0.606250 0.470000 0.607500 0.480000 0.617500 0.485000 0.625000 0.500000 0.637500 0.510000 0.657500 0.520000 0.678750 0.516667 0.677500 0.491667 0.672500 0.480000 0.683750 0.448333 0.682500 0.433333 0.671250 0.423333 0.663750 0.425000 0.663750 0.431667 0.660000 0.433333 0.653750 0.418333 0.641250 0.410000 0.630000 0.410000
0 0.546250 0.496667 0.531250 0.501667 0.521250 0.513333 0.523750 0.531667 0.531250 0.543333 0.541250 0.543333 0.546250 0.538333 0.548750 0.528333 0.548750 0.498333
