0 0.587963 0.400694 0.572222 0.405556 0.562963 0.412500 0.550926 0.425694 0.550000 0.435417 0.563889 0.451389 0.589815 0.473611 0.601852 0.478472 0.613889 0.478472 0.625000 0.475694 0.638889 0.469444 0.640741 0.467361 0.639815 0.454861 0.625926 0.436111 0.625000 0.431944 0.611111 0.411111 0.604630 0.409028 0.600926 0.403472 0.593519 0.400694
0 0.497222 0.507639 0.493519 0.502083 0.484259 0.496528 0.465741 0.494444 0.436111 0.501389 0.410185 0.503472 0.406481 0.505556 0.405556 0.513889 0.427778 0.525000 0.438889 0.528472 0.462037 0.530556 0.472222 0.528472 0.486111 0.522917 0.495370 0.515972
0 0.391667 0.520139 0.382407 0.531944 0.385185 0.545139 0.383333 0.561111 0.385185 0.562500 0.391667 0.563889 0.397222 0.563194 0.408333 0.556944 0.423148 0.554167 0.434259 0.554861 0.445370 0.562500 0.450000 0.563889 0.456481 0.561111 0.462037 0.551389 0.460185 0.538194 0.456481 0.532639 0.432407 0.527778 0.401852 0.515972 0.397222 0.516667
0 0.484259 0.391667 0.485185 0.397917 0.496296 0.402778 0.521296 0.401389 0.543519 0.406250 0.561111 0.406944 0.569444 0.406250 0.577778 0.401389 0.576852 0.395139 0.568519 0.389583 0.554630 0.384028 0.535185 0.380556 0.509259 0.380556 0.492593 0.384722
0 0.375000 0.462500 0.373148 0.461111 0.352778 0.460417 0.328704 0.463889 0.312963 0.470139 0.300000 0.479861 0.280556 0.484722 0.257407 0.499306 0.250000 0.508333 0.248148 0.515972 0.249074 0.525694 0.257407 0.532639 0.262037 0.533333 0.265741 0.536111 0.278704 0.540278 0.283333 0.539583 0.286111 0.541667 0.290741 0.541667 0.298148 0.521528 0.312963 0.503472 0.323148 0.498611 0.331481 0.491667 0.338889 0.490278 0.361111 0.491667 0.365741 0.490278 0.369444 0.492361 0.374074 0.492361 0.378704 0.490278 0.381481 0.486111 0.381481 0.478472
0 0.421296 0.415972 0.405556 0.409722 0.386111 0.408333 0.373148 0.400694 0.358333 0.400694 0.337037 0.404861 0.329630 0.408333 0.315741 0.425694 0.311111 0.438889 0.312037 0.449306 0.314815 0.452778 0.325000 0.454861 0.329630 0.457639 0.384259 0.456250 0.390741 0.452083 0.399074 0.439583 0.406481 0.433333 0.423148 0.425000
0 0.622222 0.406250 0.619444 0.413889 0.625000 0.428472 0.655556 0.467361 0.674074 0.473611 0.690741 0.474306 0.696296 0.472222 0.700926 0.468056 0.705556 0.459722 0.708333 0.449306 0.707407 0.437500 0.700926 0.427778 0.685185 0.415972 0.669444 0.409028 0.636111 0.404167
2 0.469444 0.534722 0.465741 0.539583 0.464815 0.550000 0.458333 0.563889 0.458333 0.588194 0.452778 0.604167 0.450926 0.619444 0.453704 0.622917 0.482407 0.638889 0.506481 0.644444 0.526852 0.655556 0.535185 0.657639 0.546296 0.656250 0.556481 0.657639 0.573148 0.669444 0.580556 0.672222 0.595370 0.674306 0.625000 0.675000 0.662037 0.684722 0.676852 0.685417 0.687963 0.682639 0.718519 0.680556 0.731481 0.677083 0.747222 0.678472 0.751852 0.682639 0.759259 0.684722 0.763889 0.684722 0.771296 0.681944 0.775000 0.658333 0.788889 0.631250 0.793519 0.606944 0.792593 0.588889 0.785185 0.563889 0.786111 0.560417 0.773148 0.528472 0.759259 0.512500 0.750926 0.505556 0.742593 0.503472 0.709259 0.484028 0.695370 0.479167 0.669444 0.475694 0.660185 0.472222 0.645370 0.472222 0.629630 0.477083 0.610185 0.480556 0.588889 0.477083 0.562963 0.479861 0.560185 0.481944 0.548148 0.484028 0.535185 0.496528 0.528704 0.500694 0.517593 0.504167 0.489815 0.524306
1 0.165741 0.674306 0.170370 0.693750 0.166667 0.713889 0.166667 0.726389 0.169444 0.731944 0.183333 0.745139 0.187037 0.756250 0.191667 0.762500 0.212037 0.776389 0.223148 0.788194 0.249074 0.806944 0.250926 0.811806 0.269444 0.821528 0.277778 0.829861 0.294444 0.836111 0.300000 0.840278 0.312037 0.845139 0.349074 0.854861 0.360185 0.859722 0.384259 0.865278 0.406481 0.872917 0.420370 0.874306 0.444444 0.872917 0.505556 0.874306 0.548148 0.872222 0.582407 0.863194 0.608333 0.859028 0.626852 0.852778 0.655556 0.847222 0.671296 0.841667 0.675000 0.838194 0.700926 0.825694 0.705556 0.820139 0.739815 0.810417 0.750000 0.802778 0.757407 0.794444 0.760185 0.786806 0.765741 0.780556 0.767593 0.772917 0.773148 0.767361 0.781481 0.753472 0.789815 0.747917 0.791667 0.727083 0.795370 0.720833 0.797222 0.711111 0.796296 0.702083 0.793519 0.698611 0.754630 0.687500 0.744444 0.681944 0.729630 0.680556 0.724074 0.682639 0.695370 0.684028 0.676852 0.687500 0.658333 0.687500 0.630556 0.678472 0.592593 0.675694 0.577778 0.672917 0.553704 0.659028 0.532407 0.659722 0.526852 0.658333 0.508333 0.648611 0.483333 0.641667 0.459259 0.629861 0.435185 0.622222 0.405556 0.618750 0.395370 0.623611 0.372222 0.623611 0.357407 0.617361 0.335185 0.611806 0.325926 0.611806 0.316667 0.616667 0.306481 0.618750 0.301852 0.622917 0.279630 0.631944 0.244444 0.631250 0.231481 0.628472 0.216667 0.622222 0.205556 0.620833 0.197222 0.624306 0.188889 0.631250 0.172222 0.656944
0 0.415741 0.554167 0.399074 0.559722 0.384259 0.569444 0.375926 0.579167 0.375000 0.588194 0.391667 0.605556 0.406481 0.613889 0.425926 0.618056 0.439815 0.618056 0.445370 0.613889 0.454630 0.593750 0.455556 0.573611 0.453704 0.568056 0.443519 0.557639 0.435185 0.554167
0 0.421296 0.384028 0.414815 0.395139 0.414815 0.405556 0.431481 0.420833 0.449074 0.425694 0.455556 0.429167 0.464815 0.440278 0.487963 0.459722 0.496296 0.461806 0.504630 0.461111 0.515741 0.458333 0.518519 0.454861 0.530556 0.452083 0.546296 0.432639 0.550926 0.420833 0.550000 0.413889 0.543519 0.406250 0.517593 0.400694 0.500926 0.402083 0.498148 0.405556 0.487963 0.405556 0.482407 0.399306 0.470370 0.398611 0.452778 0.393056 0.447222 0.393750 0.443519 0.388194 0.434259 0.382639 0.424074 0.382639
0 0.337963 0.490278 0.328704 0.493056 0.313889 0.503472 0.304630 0.512500 0.296296 0.525000 0.294444 0.538889 0.298148 0.547222 0.316667 0.561111 0.332407 0.566667 0.337037 0.570139 0.358333 0.570139 0.369444 0.568056 0.379630 0.557639 0.383333 0.547222 0.383333 0.540278 0.380556 0.533333 0.384259 0.525694 0.391667 0.518056 0.392593 0.508333 0.390741 0.504167 0.385185 0.500694 0.362963 0.495833 0.350926 0.490972
0 0.218519 0.543750 0.206481 0.544444 0.199074 0.549306 0.183333 0.555556 0.173148 0.562500 0.170370 0.567361 0.171296 0.575694 0.175000 0.580556 0.200926 0.595833 0.212037 0.591667 0.219444 0.583333 0.224074 0.556944 0.226852 0.551389 0.225926 0.547917
0 0.291667 0.552778 0.278704 0.552778 0.270370 0.559028 0.267593 0.559028 0.262037 0.564583 0.251852 0.562500 0.247222 0.557639 0.237037 0.552778 0.233333 0.552778 0.230556 0.556944 0.225000 0.559722 0.222222 0.580556 0.219444 0.585417 0.218519 0.602778 0.221296 0.615972 0.228704 0.623611 0.238889 0.626389 0.260185 0.626389 0.272222 0.628472 0.283333 0.628472 0.293519 0.623611 0.297222 0.616667 0.297222 0.604167 0.302778 0.585417 0.301852 0.571528 0.303704 0.569444 0.303704 0.563194
0 0.427778 0.425000 0.418519 0.427083 0.407407 0.432639 0.400926 0.438194 0.387963 0.456944 0.383333 0.467361 0.383333 0.476389 0.391667 0.490972 0.402778 0.500694 0.407407 0.502083 0.436111 0.501389 0.462037 0.497222 0.471296 0.493056 0.480556 0.482639 0.478704 0.478472 0.480556 0.474306 0.476852 0.470833 0.481481 0.466667 0.477778 0.462500 0.475926 0.454167 0.468519 0.445833 0.450926 0.433333 0.435185 0.426389
0 0.525926 0.455556 0.489815 0.465278 0.490741 0.472917 0.498148 0.486806 0.499074 0.492361 0.508333 0.497917 0.508333 0.500000 0.504630 0.501389 0.505556 0.503472 0.510185 0.500694 0.531481 0.494444 0.537037 0.490972 0.539815 0.486806 0.537963 0.478472 0.532407 0.470833 0.531481 0.459028
0 0.545370 0.439583 0.536111 0.449306 0.532407 0.458333 0.535185 0.469444 0.538889 0.475000 0.547222 0.480556 0.577778 0.475000 0.583333 0.470139 0.576852 0.461111 0.551852 0.440278
0 0.307407 0.563889 0.302778 0.575694 0.303704 0.585417 0.297222 0.602083 0.299074 0.611806 0.307407 0.614583 0.333333 0.609028 0.351852 0.613889 0.361111 0.613889 0.364815 0.610417 0.367593 0.601389 0.367593 0.591667 0.362037 0.575694 0.356481 0.572917 0.332407 0.571528 0.318519 0.563889
0 0.311111 0.454861 0.299074 0.454861 0.282407 0.459028 0.267593 0.465278 0.250926 0.479861 0.243519 0.497917 0.226852 0.514583 0.226852 0.529861 0.231481 0.541667 0.236111 0.545833 0.249074 0.550000 0.251852 0.552778 0.256481 0.551389 0.261111 0.554167 0.267593 0.547917 0.275000 0.548611 0.280556 0.545139 0.279630 0.538889 0.276852 0.537500 0.272222 0.538194 0.268519 0.533333 0.259259 0.531250 0.252778 0.526389 0.250000 0.522222 0.251852 0.509722 0.257407 0.502083 0.284259 0.485417 0.294444 0.484028 0.299074 0.478472 0.310185 0.472917 0.316667 0.467361 0.316667 0.459028
