1 0.405676 0.307953 0.410684 0.314721 0.467446 0.314721 0.467446 0.307953 0.452421 0.299492 0.427379 0.299492
2 0.607679 0.177665 0.606010 0.189509 0.636060 0.213198 0.637730 0.230118 0.651085 0.248731 0.651085 0.265651 0.656093 0.272420 0.671119 0.279188 0.672788 0.291032 0.687813 0.277496 0.699499 0.279188 0.707846 0.275804 0.712855 0.280880 0.721202 0.280880 0.719533 0.274112 0.706177 0.272420 0.701169 0.257191 0.732888 0.216582 0.737896 0.201354 0.732888 0.182741 0.714524 0.179357 0.694491 0.179357 0.691152 0.182741 0.686144 0.179357 0.666110 0.179357 0.649416 0.192893 0.639399 0.181049 0.627713 0.186125 0.616027 0.174281
1 0.626043 0.497462 0.624374 0.522843 0.631052 0.524535 0.637730 0.514382 0.637730 0.504230 0.631052 0.497462
1 0.527546 0.402707 0.517529 0.402707 0.505843 0.414552 0.507513 0.419628 0.514190 0.424704 0.522538 0.424704 0.529215 0.412860
1 0.564274 0.522843 0.535893 0.522843 0.520868 0.541455 0.497496 0.551607 0.475793 0.576988 0.440735 0.583756 0.437396 0.587140 0.439065 0.595601 0.452421 0.597293 0.490818 0.592217 0.509182 0.580372 0.524207 0.576988 0.559265 0.544839
1 0.517529 0.345178 0.517529 0.357022 0.529215 0.370558 0.537563 0.372250 0.547579 0.367174 0.550918 0.358714 0.549249 0.348562 0.540902 0.350254 0.527546 0.343486
1 0.480801 0.313029 0.480801 0.319797 0.487479 0.324873 0.497496 0.321489 0.520868 0.323181 0.522538 0.319797 0.519199 0.313029 0.502504 0.306261 0.490818 0.306261
1 0.380634 0.529611 0.373957 0.531303 0.368948 0.543147 0.350584 0.543147 0.345576 0.546531 0.345576 0.553299 0.363940 0.570220 0.380634 0.571912 0.385643 0.568528 0.385643 0.532995
0 0.305509 0.632826 0.285476 0.649746 0.280467 0.681895 0.283806 0.686971 0.292154 0.686971 0.307179 0.697124 0.333890 0.702200 0.338898 0.698816 0.340568 0.690355 0.327212 0.685279 0.328881 0.641286 0.315526 0.639594 0.310518 0.632826
0 0.205342 0.829103 0.196995 0.886633 0.195326 0.934010 0.212020 0.961083 0.242070 0.993232 0.267112 1.000000 0.300501 1.000000 0.343907 0.976311 0.363940 0.959391 0.368948 0.947547 0.368948 0.934010 0.360601 0.910321 0.358932 0.891709 0.365609 0.881557 0.372287 0.881557 0.373957 0.876481 0.380634 0.874788 0.385643 0.857868 0.383973 0.842640 0.337229 0.840948 0.312187 0.844332 0.302170 0.832487 0.277129 0.825719 0.218698 0.822335
0 0.126878 0.732657 0.126878 0.751269 0.131886 0.759729 0.133556 0.778342 0.138564 0.771574 0.161937 0.780034 0.205342 0.817259 0.247078 0.825719 0.283806 0.825719 0.315526 0.835871 0.365609 0.835871 0.375626 0.840948 0.385643 0.840948 0.420701 0.820643 0.452421 0.812183 0.489149 0.781726 0.500835 0.763113 0.519199 0.744501 0.515860 0.732657 0.469115 0.717428 0.462437 0.720812 0.459098 0.732657 0.430718 0.742809 0.410684 0.763113 0.398998 0.763113 0.372287 0.747885 0.338898 0.703892 0.312187 0.698816 0.285476 0.688663 0.265442 0.690355 0.253756 0.683587 0.232053 0.681895 0.205342 0.670051 0.173623 0.675127 0.158598 0.681895 0.150250 0.690355 0.146912 0.700508 0.133556 0.710660
0 0.258765 0.556684 0.247078 0.554992 0.232053 0.561760 0.208681 0.554992 0.173623 0.556684 0.153589 0.573604 0.133556 0.580372 0.125209 0.597293 0.113523 0.609137 0.086811 0.624365 0.070117 0.646362 0.055092 0.658206 0.040067 0.681895 0.015025 0.708968 0.011686 0.719120 0.015025 0.758037 0.031720 0.788494 0.048414 0.808799 0.083472 0.820643 0.091820 0.827411 0.128548 0.835871 0.140234 0.842640 0.151920 0.842640 0.190317 0.827411 0.203673 0.815567 0.198664 0.807107 0.186978 0.800338 0.183639 0.791878 0.166945 0.788494 0.163606 0.781726 0.141903 0.780034 0.133556 0.771574 0.133556 0.759729 0.128548 0.749577 0.128548 0.724196 0.131886 0.715736 0.145242 0.705584 0.143573 0.702200 0.148581 0.698816 0.153589 0.683587 0.158598 0.685279 0.165275 0.678511 0.193656 0.671743 0.208681 0.671743 0.230384 0.681895 0.250417 0.683587 0.263773 0.690355 0.277129 0.688663 0.287145 0.675127 0.292154 0.681895 0.290484 0.688663 0.297162 0.690355 0.295492 0.681895 0.300501 0.676819 0.295492 0.670051 0.295492 0.649746 0.292154 0.648054 0.302170 0.626058 0.283806 0.600677 0.268781 0.573604 0.268781 0.566836
1 0.163606 0.563452 0.141903 0.561760 0.121870 0.575296 0.098497 0.580372 0.086811 0.610829 0.063439 0.634518 0.058431 0.644670 0.058431 0.654822 0.070117 0.649746 0.095159 0.620981 0.116861 0.609137 0.128548 0.597293 0.135225 0.582064 0.156928 0.573604 0.163606 0.568528
1 0.342237 0.653130 0.342237 0.659898 0.337229 0.661591 0.337229 0.670051 0.342237 0.675127 0.343907 0.688663 0.352254 0.705584 0.353923 0.722504 0.373957 0.749577 0.397329 0.761421 0.410684 0.761421 0.430718 0.741117 0.442404 0.736041 0.444073 0.727580 0.440735 0.724196 0.427379 0.727580 0.407346 0.715736 0.409015 0.702200 0.422371 0.703892 0.430718 0.693739 0.429048 0.685279 0.412354 0.664975 0.383973 0.656514
1 0.494157 0.785110 0.475793 0.790186 0.455760 0.810491 0.415693 0.824027 0.388982 0.840948 0.382304 0.879865 0.362270 0.886633 0.363940 0.920474 0.372287 0.934010 0.378965 0.934010 0.397329 0.910321 0.410684 0.915398 0.420701 0.915398 0.429048 0.910321 0.472454 0.864636 0.484140 0.839255 0.497496 0.820643 0.499165 0.793570
1 0.293823 0.035533 0.223706 0.049069 0.200334 0.072758 0.190317 0.104907 0.180301 0.194585 0.180301 0.238579 0.185309 0.263959 0.202003 0.289340 0.255426 0.331641 0.270451 0.331641 0.303840 0.292724 0.348915 0.267343 0.357262 0.255499 0.360601 0.236887 0.360601 0.177665 0.350584 0.130288 0.310518 0.049069
1 0.203673 0.824027 0.198664 0.822335 0.183639 0.832487 0.148581 0.844332 0.116861 0.835871 0.096828 0.835871 0.095159 0.840948 0.116861 0.868020 0.145242 0.868020 0.195326 0.879865 0.203673 0.844332
2 0.641068 0.086294 0.579299 0.113367 0.547579 0.133672 0.524207 0.167513 0.509182 0.197970 0.504174 0.214890 0.505843 0.248731 0.559265 0.265651 0.592654 0.291032 0.624374 0.341794 0.641068 0.399323 0.646077 0.406091 0.707846 0.407783 0.756260 0.397631 0.774624 0.380711 0.796327 0.351946 0.819699 0.285956 0.826377 0.221658 0.816361 0.177665 0.796327 0.142132 0.749583 0.101523 0.726210 0.091371 0.686144 0.081218
