1 0.435990 0.711331 0.432367 0.709532 0.428744 0.710432 0.425121 0.707734 0.419082 0.709532 0.405797 0.701439 0.392512 0.697842 0.350242 0.694245 0.317633 0.687050 0.288647 0.683453 0.266908 0.687050 0.254831 0.692446 0.237923 0.695144 0.222222 0.706835 0.205314 0.714029 0.190821 0.725719 0.165459 0.741007 0.161836 0.750899 0.149758 0.761691 0.140097 0.791367 0.140097 0.798561 0.147343 0.803957 0.147343 0.817446 0.179952 0.839928 0.193237 0.842626 0.207729 0.841727 0.237923 0.845324 0.258454 0.844424 0.282609 0.838129 0.310386 0.835432 0.326087 0.822842 0.355072 0.812050 0.373188 0.801259 0.399758 0.780576 0.403382 0.771583 0.425121 0.751799 0.425121 0.741007 0.429952 0.737410 0.437198 0.736511 0.446860 0.732014 0.446860 0.727518 0.439614 0.724820
1 0.407005 0.258993 0.402174 0.258094 0.385266 0.262590 0.373188 0.274281 0.369565 0.285072 0.387681 0.288669 0.397343 0.288669 0.405797 0.285072 0.411836 0.276079
1 0.599034 0.338129 0.594203 0.342626 0.596618 0.350719 0.615942 0.366906 0.653382 0.390288 0.658213 0.398381 0.666667 0.403777 0.670290 0.400180 0.670290 0.368705 0.663043 0.361511 0.613527 0.336331 0.606280 0.335432
1 0.737923 0.275180 0.736715 0.280576 0.742754 0.282374 0.752415 0.291367 0.763285 0.296763 0.772947 0.296763 0.772947 0.282374 0.764493 0.273381 0.760870 0.273381 0.756039 0.268885 0.751208 0.268885
1 0.730676 0.283273 0.733092 0.294065 0.743961 0.303957 0.752415 0.303058 0.765700 0.311151 0.776570 0.309353 0.776570 0.304856 0.770531 0.298561 0.753623 0.291367 0.742754 0.282374 0.733092 0.281475
1 0.704106 0.283273 0.701691 0.287770 0.707729 0.296763 0.707729 0.309353 0.712560 0.314748 0.734300 0.310252 0.740338 0.306655 0.722222 0.284173 0.717391 0.282374
1 0.712560 0.199640 0.712560 0.212230 0.719807 0.219424 0.733092 0.222122 0.740338 0.216727 0.751208 0.217626 0.758454 0.214029 0.758454 0.206835 0.756039 0.204137 0.737923 0.197842 0.730676 0.192446 0.723430 0.190647 0.718599 0.191547
1 0.840580 0.304856 0.835749 0.307554 0.827295 0.321043 0.826087 0.335432 0.839372 0.348921 0.858696 0.350719 0.871981 0.335432 0.874396 0.316547 0.870773 0.312950 0.863527 0.312050 0.851449 0.305755
1 0.415459 0.250000 0.409420 0.255396 0.410628 0.265288 0.419082 0.273381 0.429952 0.277878 0.434783 0.282374 0.437198 0.292266 0.440821 0.293165 0.446860 0.284173 0.446860 0.281475 0.443237 0.279676 0.444444 0.275180 0.439614 0.271583 0.435990 0.272482 0.433575 0.270683 0.434783 0.267986 0.423913 0.251799
1 0.469807 0.219424 0.462560 0.224820 0.463768 0.227518 0.456522 0.232914 0.456522 0.235612 0.442029 0.243705 0.444444 0.248201 0.440821 0.249101 0.439614 0.255396 0.445652 0.261691 0.449275 0.271583 0.457729 0.276079 0.455314 0.280576 0.450483 0.282374 0.451691 0.294964 0.449275 0.299460 0.486715 0.303957 0.491546 0.299460 0.487923 0.294065 0.487923 0.285072 0.493961 0.276978 0.503623 0.272482 0.506039 0.264388 0.531401 0.247302 0.526570 0.239209 0.519324 0.234712 0.477053 0.219424
1 0.426329 0.111511 0.409420 0.102518 0.392512 0.102518 0.375604 0.106115 0.347826 0.122302 0.330918 0.134892 0.317633 0.153777 0.314010 0.161871 0.314010 0.170863 0.317633 0.172662 0.335749 0.170863 0.341787 0.165468 0.349034 0.151079 0.351449 0.138489 0.361111 0.122302 0.373188 0.119604 0.394928 0.125899 0.421498 0.125000 0.428744 0.116906
0 0.781401 0.316547 0.766908 0.315647 0.745169 0.308453 0.728261 0.312050 0.698068 0.327338 0.679952 0.341727 0.669082 0.355216 0.669082 0.361511 0.673913 0.368705 0.671498 0.403777 0.676329 0.412770 0.671498 0.422662 0.671498 0.431655 0.678744 0.440647 0.688406 0.441547 0.705314 0.438849 0.711353 0.443345 0.717391 0.444245 0.746377 0.434353 0.752415 0.429856 0.770531 0.422662 0.789855 0.421763 0.804348 0.414568 0.804348 0.401079 0.799517 0.395683 0.794686 0.379496 0.794686 0.337230 0.789855 0.324640
1 0.493961 0.115108 0.483092 0.114209 0.455314 0.119604 0.429952 0.133993 0.410628 0.148381 0.392512 0.157374 0.374396 0.172662 0.358696 0.190647 0.344203 0.219424 0.341787 0.234712 0.344203 0.246403 0.364734 0.248201 0.371981 0.245504 0.400966 0.223022 0.414251 0.216727 0.425121 0.201439 0.433575 0.177158 0.433575 0.164568 0.428744 0.159173 0.428744 0.155576 0.442029 0.149281 0.456522 0.149281 0.467391 0.151978 0.487923 0.147482 0.495169 0.132194
0 0.788647 0.309353 0.788647 0.317446 0.797101 0.335432 0.798309 0.365108 0.800725 0.371403 0.812802 0.387590 0.812802 0.392986 0.820048 0.401978 0.823671 0.412770 0.834541 0.417266 0.844203 0.417266 0.874396 0.408273 0.892512 0.406475 0.909420 0.399281 0.933575 0.394784 0.955314 0.380396 0.955314 0.376799 0.958937 0.377698 0.971014 0.368705 0.969807 0.354317 0.975845 0.351619 0.978261 0.337230 0.960145 0.326439 0.942029 0.321043 0.902174 0.316547 0.882850 0.312050 0.874396 0.312950 0.871981 0.315647 0.873188 0.329137 0.864734 0.345324 0.856280 0.350719 0.844203 0.350719 0.840580 0.356115 0.836957 0.355216 0.833333 0.357014 0.828502 0.350719 0.821256 0.348022 0.822464 0.345324 0.828502 0.344424 0.830918 0.341727 0.830918 0.317446 0.828502 0.312950 0.821256 0.309353 0.822464 0.302158 0.812802 0.300360 0.795894 0.303058
0 0.821256 0.415468 0.809179 0.413669 0.793478 0.421763 0.769324 0.424460 0.754831 0.430755 0.743961 0.441547 0.774155 0.476619 0.785024 0.481115 0.793478 0.481115 0.806763 0.474820 0.821256 0.461331 0.835749 0.453237 0.851449 0.439748 0.851449 0.431655
0 0.332126 0.231115 0.329710 0.229317 0.311594 0.229317 0.272947 0.235612 0.263285 0.241906 0.252415 0.244604 0.252415 0.250000 0.257246 0.258993 0.274155 0.272482 0.282609 0.272482 0.329710 0.251799 0.334541 0.240108
0 0.386473 0.122302 0.363527 0.121403 0.356280 0.126799 0.344203 0.157374 0.344203 0.172662 0.349034 0.178058 0.350242 0.185252 0.353865 0.187950 0.358696 0.187950 0.381643 0.166367 0.413043 0.144784 0.413043 0.141187 0.405797 0.132194 0.397343 0.125899
0 0.754831 0.186151 0.734300 0.189748 0.734300 0.196942 0.736715 0.199640 0.747585 0.204137 0.752415 0.204137 0.757246 0.208633 0.756039 0.212230 0.750000 0.215827 0.748792 0.223921 0.730676 0.248201 0.733092 0.256295 0.740338 0.260791 0.748792 0.260791 0.758454 0.254496 0.772947 0.224820 0.774155 0.215827 0.770531 0.205036 0.760870 0.187950
0 0.693237 0.314748 0.669082 0.306655 0.649758 0.311151 0.647343 0.312950 0.647343 0.319245 0.658213 0.330935 0.667874 0.332734 0.685990 0.328237 0.693237 0.321942
0 0.625604 0.302158 0.613527 0.296763 0.608696 0.290468 0.601449 0.290468 0.594203 0.293165 0.584541 0.303957 0.568841 0.306655 0.564010 0.316547 0.564010 0.325540 0.568841 0.329137 0.580918 0.330935 0.603865 0.329137 0.613527 0.312950 0.624396 0.306655
1 0.752415 0.457734 0.741546 0.462230 0.733092 0.477518 0.734300 0.490108 0.741546 0.494604 0.750000 0.493705 0.757246 0.480216 0.758454 0.464029
0 0.595411 0.158273 0.594203 0.163669 0.599034 0.165468 0.601449 0.170863 0.607488 0.171763 0.614734 0.178058 0.618357 0.188849 0.617150 0.199640 0.597826 0.210432 0.592995 0.216727 0.595411 0.237410 0.602657 0.248201 0.625604 0.265288 0.652174 0.264388 0.654589 0.266187 0.654589 0.271583 0.649758 0.274281 0.649758 0.280576 0.658213 0.285072 0.665459 0.286871 0.682367 0.285971 0.713768 0.278777 0.716184 0.274281 0.711353 0.267086 0.705314 0.262590 0.698068 0.250000 0.685990 0.241007 0.676329 0.223921 0.678744 0.219424 0.685990 0.222122 0.702899 0.215827 0.711353 0.195144 0.708937 0.182554 0.701691 0.177158 0.682367 0.169065 0.660628 0.166367 0.625604 0.157374
0 0.798309 0.194245 0.789855 0.197842 0.777778 0.221223 0.771739 0.250899 0.774155 0.279676 0.781401 0.292266 0.789855 0.294964 0.846618 0.295863 0.850242 0.291367 0.855072 0.265288 0.863527 0.240108 0.862319 0.218525 0.850242 0.205036 0.811594 0.195144
1 0.547101 0.683453 0.539855 0.683453 0.512077 0.693345 0.492754 0.696043 0.481884 0.702338 0.438406 0.704137 0.439614 0.720324 0.445652 0.726619 0.445652 0.732014 0.438406 0.733813 0.429952 0.740108 0.422705 0.757194 0.408213 0.767986 0.405797 0.779676 0.396135 0.788669 0.356280 0.813849 0.329710 0.822842 0.321256 0.829137 0.320048 0.834532 0.326087 0.845324 0.323671 0.860612 0.326087 0.865108 0.335749 0.871403 0.333333 0.888489 0.345411 0.892986 0.346618 0.901079 0.350242 0.905576 0.368357 0.904676 0.371981 0.908273 0.375604 0.919964 0.382850 0.920863 0.407005 0.914568 0.421498 0.914568 0.446860 0.902878 0.468599 0.897482 0.501208 0.866007 0.509662 0.853417 0.528986 0.834532 0.555556 0.803058 0.564010 0.786871 0.571256 0.750000 0.570048 0.728417 0.572464 0.712230 0.570048 0.704137 0.554348 0.693345
0 0.433575 0.158273 0.434783 0.174460 0.429952 0.184353 0.429952 0.193345 0.455314 0.209532 0.485507 0.219424 0.502415 0.227518 0.535024 0.231115 0.559179 0.226619 0.585749 0.211331 0.605072 0.203237 0.611111 0.195144 0.609903 0.179856 0.605072 0.173561 0.596618 0.170863 0.589372 0.164568 0.561594 0.150180 0.532609 0.151079 0.492754 0.148381 0.438406 0.155576
2 0.338164 0.297662 0.334541 0.307554 0.329710 0.312050 0.321256 0.305755 0.314010 0.305755 0.312802 0.309353 0.300725 0.318345 0.274155 0.328237 0.262077 0.338129 0.236715 0.351619 0.202899 0.380396 0.171498 0.419065 0.157005 0.445144 0.147343 0.485612 0.147343 0.533273 0.158213 0.576439 0.166667 0.592626 0.183575 0.607914 0.204106 0.642086 0.219807 0.653777 0.245169 0.662770 0.259662 0.670863 0.305556 0.683453 0.344203 0.689748 0.396135 0.694245 0.419082 0.701439 0.439614 0.698741 0.479469 0.697842 0.503623 0.688849 0.521739 0.687050 0.561594 0.671763 0.608696 0.642986 0.619565 0.631295 0.647343 0.609712 0.655797 0.599820 0.679952 0.545863 0.681159 0.529676 0.685990 0.516187 0.679952 0.470324 0.673913 0.447842 0.655797 0.412770 0.625604 0.375899 0.617150 0.372302 0.590580 0.349820 0.551932 0.329137 0.521739 0.321043 0.506039 0.312950 0.480676 0.308453 0.457729 0.308453 0.404589 0.302158 0.381643 0.292266 0.375604 0.292266 0.365942 0.297662
1 0.571256 0.232914 0.551932 0.252698 0.550725 0.264388 0.545894 0.274281 0.544686 0.290468 0.551932 0.297662 0.559179 0.297662 0.571256 0.303058 0.582126 0.303058 0.588164 0.299460 0.588164 0.292266 0.590580 0.290468 0.608696 0.287770 0.636473 0.279676 0.641304 0.268885 0.637681 0.267086 0.630435 0.267986 0.621981 0.264388 0.580918 0.231115
