0 0.536485 0.802632 0.533402 0.800987 0.522097 0.805921 0.501542 0.804276 0.495375 0.810033 0.469681 0.820724 0.454265 0.820724 0.426516 0.815789 0.423433 0.817434 0.422405 0.825658 0.434738 0.837171 0.436793 0.842105 0.449126 0.844572 0.457348 0.850329 0.486125 0.851151 0.503597 0.849507 0.514902 0.840461 0.530319 0.821546 0.535457 0.810855
1 0.219938 0.486020 0.218911 0.490954 0.223022 0.500822 0.223022 0.506579 0.237410 0.518914 0.253854 0.527138 0.282631 0.534539 0.292909 0.532895 0.311408 0.533717 0.344296 0.540296 0.364851 0.541941 0.376156 0.532895 0.392600 0.529605 0.395683 0.525493 0.391572 0.518092 0.362795 0.511513 0.355601 0.508224 0.332991 0.507401 0.314491 0.502467 0.275437 0.497533 0.251799 0.490954 0.248715 0.488487 0.236382 0.489309 0.225077 0.484375
0 0.269270 0.536184 0.266187 0.541118 0.266187 0.546875 0.271326 0.561678 0.281603 0.574836 0.311408 0.596217 0.315519 0.604441 0.315519 0.620888 0.326824 0.620888 0.346351 0.611842 0.356629 0.609375 0.358684 0.603618 0.354573 0.596217 0.347379 0.593750 0.342240 0.585526 0.327852 0.576480 0.295992 0.543586 0.285714 0.537007 0.279548 0.535362
0 0.094553 0.527138 0.089414 0.534539 0.086331 0.542763 0.085303 0.558388 0.092497 0.572368 0.096608 0.587171 0.094553 0.595395 0.095581 0.609375 0.120247 0.640625 0.133607 0.651316 0.134635 0.654605 0.145940 0.659539 0.151079 0.657895 0.164440 0.662007 0.175745 0.662007 0.181912 0.659539 0.201439 0.661184 0.246660 0.675987 0.274409 0.695724 0.280576 0.696546 0.290853 0.684211 0.301131 0.645559 0.313464 0.613487 0.313464 0.600329 0.310380 0.593750 0.274409 0.568257 0.262076 0.546875 0.247688 0.535362 0.236382 0.533717 0.203494 0.534539 0.190134 0.537007 0.177801 0.543586 0.169579 0.544408 0.155190 0.532895 0.116136 0.515625 0.110997 0.515625
0 0.374101 0.439145 0.360740 0.450658 0.351490 0.464638 0.351490 0.472039 0.360740 0.482730 0.377184 0.493421 0.384378 0.495888 0.397739 0.505757 0.423433 0.535362 0.447071 0.552632 0.460432 0.556743 0.472765 0.557566 0.498458 0.554276 0.505653 0.550987 0.509764 0.546053 0.507708 0.517270 0.499486 0.499178 0.483042 0.484375 0.478931 0.471217 0.468654 0.459704 0.442960 0.440789 0.425488 0.434211 0.408016 0.433388 0.403905 0.435855 0.396711 0.436678 0.383350 0.435033
0 0.524152 0.435033 0.523124 0.444901 0.537513 0.467928 0.540596 0.469572 0.548818 0.468750 0.573484 0.476151 0.580678 0.481086 0.613566 0.494243 0.636177 0.495888 0.654676 0.491776 0.670092 0.482730 0.674203 0.470395 0.678314 0.467928 0.676259 0.462993 0.659815 0.453125 0.639260 0.432566 0.623844 0.421875 0.581706 0.406250 0.570401 0.406250 0.557040 0.411184 0.541624 0.419408
0 0.828366 0.460526 0.820144 0.453947 0.808839 0.449836 0.797533 0.448191 0.782117 0.448191 0.738952 0.458059 0.717369 0.469572 0.708119 0.477796 0.706064 0.490132 0.713258 0.498355 0.739979 0.509046 0.747174 0.509868 0.756423 0.513980 0.788284 0.518914 0.798561 0.515625 0.807811 0.506579 0.822199 0.479441 0.830421 0.471217
0 0.829394 0.473684 0.819116 0.486020 0.817061 0.499178 0.828366 0.524671 0.836588 0.536184 0.853032 0.553454 0.865365 0.562500 0.890031 0.574836 0.900308 0.575658 0.919836 0.570724 0.922919 0.564967 0.920863 0.537829 0.904419 0.509868 0.886948 0.495066 0.842754 0.472039
0 0.517986 0.612664 0.517986 0.622533 0.529291 0.634868 0.541624 0.655428 0.561151 0.674342 0.571429 0.690789 0.578623 0.710526 0.587873 0.718750 0.600206 0.725329 0.611511 0.727796 0.628983 0.726974 0.667009 0.717928 0.682425 0.709704 0.701953 0.694079 0.704008 0.688322 0.704008 0.664474 0.701953 0.657895 0.684481 0.641447 0.655704 0.625822 0.647482 0.623355 0.639260 0.617599 0.622816 0.611842 0.593011 0.606086 0.548818 0.605263 0.524152 0.608553
0 0.095581 0.680099 0.079137 0.688322 0.075026 0.697368 0.071942 0.714638 0.071942 0.724507 0.079137 0.755757 0.094553 0.795230 0.104830 0.813322 0.125385 0.828125 0.144913 0.835526 0.167523 0.835526 0.183967 0.828125 0.201439 0.814967 0.209661 0.801809 0.208633 0.790296 0.198356 0.772204 0.193217 0.755757 0.197328 0.734375 0.186023 0.715461 0.171634 0.698191 0.160329 0.689145 0.144913 0.684211 0.138746 0.680099 0.128469 0.678454
0 0.075026 0.439145 0.076053 0.453125 0.079137 0.458059 0.106886 0.477796 0.107914 0.495066 0.112025 0.508224 0.120247 0.515625 0.157246 0.530428 0.183967 0.526316 0.207605 0.514803 0.217883 0.506579 0.218911 0.503289 0.217883 0.495888 0.211716 0.486842 0.212744 0.482730 0.216855 0.479441 0.224049 0.479441 0.232271 0.483553 0.244604 0.483553 0.268243 0.466283 0.275437 0.455592 0.274409 0.452303 0.256937 0.437500 0.241521 0.430921 0.199383 0.421875 0.178828 0.415296 0.154162 0.412007 0.139774 0.407895 0.102775 0.411184 0.094553 0.416118 0.078109 0.431743
1 0.911614 0.572368 0.895170 0.578947 0.892086 0.584704 0.899281 0.592928 0.913669 0.603618 0.917780 0.603618 0.936280 0.592105 0.937307 0.582237 0.927030 0.573191
1 0.783145 0.549342 0.782117 0.553454 0.789311 0.560855 0.802672 0.563322 0.811922 0.571546 0.817061 0.586349 0.837616 0.609375 0.850976 0.617599 0.883864 0.630757 0.899281 0.632401 0.905447 0.629112 0.911614 0.619243 0.913669 0.606086 0.903392 0.593750 0.880781 0.581414 0.831449 0.560855 0.825283 0.555921 0.796506 0.549342
1 0.669065 0.533717 0.669065 0.537829 0.674203 0.545230 0.692703 0.561678 0.698869 0.564145 0.711202 0.574013 0.731757 0.594572 0.759507 0.598684 0.788284 0.594572 0.798561 0.590461 0.812950 0.580592 0.811922 0.574836 0.806783 0.569901 0.779034 0.561678 0.765673 0.555099 0.745118 0.541941 0.735868 0.532895 0.716341 0.521382 0.704008 0.520559 0.696814 0.522204 0.691675 0.526316 0.681398 0.527138
1 0.516958 0.507401 0.510791 0.520559 0.510791 0.538651 0.513875 0.553454 0.523124 0.568257 0.539568 0.582237 0.548818 0.585526 0.562179 0.585526 0.568345 0.582237 0.568345 0.578125 0.564234 0.576480 0.564234 0.564967 0.559096 0.552632 0.549846 0.540296 0.549846 0.532895 0.552929 0.525493 0.557040 0.523026 0.562179 0.523026 0.595067 0.541941 0.605344 0.550164 0.625899 0.577303 0.636177 0.582237 0.643371 0.590461 0.672148 0.597039 0.692703 0.597039 0.712230 0.594572 0.720452 0.590461 0.717369 0.580592 0.688592 0.559211 0.660843 0.532895 0.614594 0.498355 0.600206 0.491776 0.582734 0.487664 0.547790 0.488487 0.532374 0.494243
1 0.649538 0.600329 0.641316 0.604441 0.642343 0.611020 0.655704 0.623355 0.669065 0.627467 0.682425 0.638980 0.700925 0.647204 0.705036 0.652138 0.715313 0.656250 0.729702 0.666118 0.742035 0.683388 0.749229 0.698191 0.756423 0.726974 0.757451 0.740132 0.754368 0.754112 0.742035 0.774671 0.737924 0.787007 0.731757 0.794408 0.699897 0.820724 0.673176 0.821546 0.670092 0.826480 0.658787 0.828125 0.654676 0.832237 0.652621 0.842928 0.655704 0.847039 0.669065 0.851151 0.685509 0.851974 0.705036 0.848684 0.729702 0.839638 0.749229 0.828125 0.761562 0.815789 0.768756 0.811678 0.795478 0.778783 0.800617 0.753289 0.804728 0.748355 0.807811 0.719572 0.803700 0.703125 0.793422 0.681743 0.783145 0.671053 0.773895 0.657072 0.739979 0.628289 0.723535 0.620888 0.709147 0.611020 0.693731 0.605263
1 0.866393 0.763980 0.858171 0.759046 0.845838 0.759868 0.825283 0.773849 0.805755 0.780428 0.782117 0.796053 0.771840 0.808388 0.747174 0.829770 0.725591 0.842105 0.686536 0.854441 0.658787 0.857730 0.641316 0.870888 0.634121 0.886513 0.637205 0.893914 0.646454 0.899671 0.658787 0.902138 0.683453 0.902138 0.701953 0.898026 0.815005 0.841283 0.830421 0.828947 0.837616 0.825658 0.844810 0.819079 0.846865 0.814145 0.856115 0.810033 0.862282 0.800987 0.869476 0.795230 0.874615 0.786184 0.874615 0.777138
1 0.298047 0.537007 0.298047 0.545230 0.310380 0.555099 0.313464 0.561678 0.326824 0.572368 0.328880 0.576480 0.341213 0.583882 0.346351 0.591283 0.353546 0.596217 0.356629 0.596217 0.364851 0.605263 0.385406 0.616776 0.441932 0.657895 0.457348 0.673520 0.480987 0.703125 0.497431 0.704770 0.501542 0.707237 0.519013 0.707237 0.522097 0.705592 0.525180 0.699013 0.525180 0.680921 0.517986 0.664474 0.510791 0.655428 0.500514 0.647204 0.478931 0.619243 0.450154 0.597039 0.425488 0.574836 0.415211 0.569901 0.389517 0.551809 0.371017 0.544408 0.347379 0.542763 0.308325 0.535362
1 0.640288 0.727796 0.626927 0.728618 0.610483 0.734375 0.600206 0.758224 0.580678 0.777138 0.580678 0.787007 0.588900 0.799342 0.596095 0.818257 0.601233 0.826480 0.610483 0.832237 0.620761 0.831414 0.632066 0.827303 0.646454 0.816612 0.655704 0.813322 0.670092 0.804276 0.675231 0.797697 0.682425 0.796053 0.693731 0.783717 0.693731 0.775493 0.686536 0.765625 0.675231 0.756579 0.664954 0.744243 0.652621 0.734375
1 0.367934 0.614309 0.366906 0.622533 0.372045 0.626645 0.375128 0.634868 0.376156 0.658717 0.373073 0.667763 0.366906 0.673520 0.363823 0.682566 0.381295 0.707237 0.385406 0.716283 0.410072 0.732730 0.439877 0.744243 0.462487 0.740954 0.476876 0.736020 0.482014 0.730263 0.479959 0.720395 0.470709 0.700658 0.468654 0.690789 0.455293 0.672697 0.439877 0.658717 0.430627 0.653783 0.381295 0.616776
1 0.268243 0.704770 0.250771 0.711349 0.246660 0.716283 0.229188 0.722862 0.219938 0.727796 0.214800 0.733553 0.205550 0.736842 0.197328 0.749178 0.197328 0.757401 0.205550 0.779605 0.209661 0.782895 0.220966 0.804276 0.233299 0.816612 0.248715 0.836349 0.250771 0.842105 0.256937 0.846217 0.278520 0.875822 0.289825 0.884868 0.301131 0.886513 0.310380 0.883224 0.343268 0.856086 0.354573 0.840461 0.354573 0.835526 0.326824 0.810033 0.314491 0.794408 0.297020 0.763158 0.291881 0.749178 0.291881 0.739309 0.281603 0.715461 0.280576 0.708059 0.276465 0.704770
1 0.313464 0.689967 0.311408 0.701480 0.305242 0.706414 0.305242 0.713816 0.311408 0.721217 0.313464 0.733553 0.319630 0.736842 0.321686 0.740954 0.326824 0.744243 0.327852 0.748355 0.335046 0.753289 0.343268 0.763158 0.350462 0.766447 0.368962 0.780428 0.391572 0.793586 0.417266 0.804276 0.422405 0.808388 0.452210 0.818257 0.463515 0.819901 0.474820 0.819079 0.498458 0.806743 0.501542 0.797697 0.499486 0.784539 0.486125 0.773026 0.484070 0.768914 0.472765 0.762336 0.466598 0.755757 0.417266 0.736842 0.383350 0.717928 0.362795 0.710526 0.358684 0.706414 0.340185 0.700658 0.330935 0.701480 0.327852 0.692434 0.318602 0.689145
1 0.887975 0.657895 0.882837 0.662829 0.875642 0.697368 0.876670 0.727796 0.882837 0.748355 0.891059 0.760691 0.903392 0.762336 0.922919 0.753289 0.937307 0.740132 0.939363 0.726974 0.937307 0.696546 0.931141 0.677632 0.918808 0.662829 0.903392 0.657895
1 0.857143 0.648026 0.852004 0.648026 0.841727 0.652138 0.829394 0.661184 0.813977 0.696546 0.813977 0.721217 0.817061 0.731908 0.836588 0.748355 0.842754 0.748355 0.852004 0.735197 0.872559 0.720395 0.874615 0.712993 0.880781 0.657895 0.873587 0.652961 0.863309 0.651316
1 0.813977 0.586349 0.807811 0.586349 0.793422 0.593750 0.767729 0.600329 0.744090 0.610197 0.735868 0.616776 0.736896 0.625000 0.764645 0.647204 0.766701 0.651316 0.779034 0.662007 0.782117 0.668586 0.790339 0.674342 0.799589 0.675164 0.813977 0.671053 0.842754 0.650493 0.850976 0.643092 0.852004 0.639803 0.850976 0.632401 0.844810 0.625000 0.841727 0.616776 0.830421 0.605263 0.826310 0.597862
1 0.470709 0.366776 0.459404 0.376645 0.445015 0.397204 0.423433 0.421875 0.422405 0.428454 0.445015 0.440789 0.468654 0.458882 0.479959 0.472039 0.485098 0.486020 0.502569 0.501645 0.506680 0.510691 0.510791 0.512336 0.519013 0.503289 0.536485 0.490132 0.539568 0.480263 0.531346 0.462993 0.517986 0.442434 0.515930 0.419408 0.500514 0.384868 0.491264 0.375000 0.487153 0.374178 0.477903 0.367599
1 0.362795 0.381579 0.354573 0.380757 0.345324 0.388158 0.305242 0.435855 0.281603 0.454770 0.279548 0.459704 0.251799 0.480263 0.250771 0.487664 0.263104 0.492599 0.267215 0.495888 0.284687 0.500000 0.314491 0.501645 0.338129 0.508224 0.354573 0.505757 0.357657 0.502467 0.358684 0.486020 0.347379 0.474507 0.347379 0.466283 0.359712 0.448191 0.378212 0.434211 0.381295 0.428454 0.373073 0.397204
2 0.108941 0.181743 0.100719 0.206414 0.098664 0.224507 0.101747 0.239309 0.114080 0.263158 0.116136 0.273026 0.095581 0.300987 0.092497 0.309211 0.091470 0.328125 0.099692 0.348684 0.095581 0.365132 0.095581 0.376645 0.102775 0.384868 0.112025 0.391447 0.122302 0.394737 0.127441 0.401316 0.141829 0.405428 0.176773 0.411184 0.206578 0.418586 0.228160 0.421875 0.249743 0.422697 0.264132 0.418586 0.269270 0.414474 0.283659 0.409539 0.329908 0.401316 0.345324 0.385691 0.357657 0.379112 0.363823 0.380757 0.377184 0.393914 0.385406 0.393914 0.404933 0.386513 0.428571 0.361842 0.441932 0.356908 0.466598 0.358553 0.478931 0.349507 0.486125 0.347862 0.492292 0.351974 0.498458 0.360197 0.501542 0.370066 0.512847 0.378289 0.516958 0.407072 0.557040 0.407072 0.573484 0.402961 0.582734 0.402961 0.586845 0.405428 0.599178 0.407072 0.634121 0.422697 0.661871 0.422697 0.686536 0.425164 0.723535 0.431743 0.736896 0.438322 0.765673 0.440789 0.793422 0.440789 0.818088 0.444901 0.825283 0.447368 0.829394 0.452303 0.848921 0.453947 0.877698 0.441612 0.894142 0.438322 0.904419 0.431743 0.907503 0.425987 0.914697 0.421053 0.929085 0.394737 0.933196 0.373355 0.930113 0.346217 0.933196 0.311678 0.930113 0.300164 0.922919 0.289474 0.917780 0.250822 0.910586 0.229441 0.905447 0.202303 0.894142 0.183388 0.892086 0.173520 0.889003 0.171053 0.827338 0.143914 0.810894 0.140625 0.805755 0.137336 0.803700 0.126645 0.805755 0.111842 0.801644 0.109375 0.774923 0.106908 0.770812 0.108553 0.741007 0.108553 0.715313 0.111020 0.707091 0.120888 0.697842 0.125822 0.690647 0.123355 0.684481 0.117599 0.673176 0.118421 0.669065 0.125000 0.659815 0.128289 0.637205 0.127467 0.607400 0.120066 0.582734 0.120888 0.563207 0.117599 0.537513 0.120066 0.521069 0.118421 0.508736 0.114309 0.509764 0.111020 0.517986 0.103618 0.510791 0.100329 0.485098 0.101974 0.456321 0.110197 0.440904 0.110197 0.432682 0.115954 0.414183 0.120888 0.395683 0.120888 0.388489 0.117599 0.373073 0.117599 0.357657 0.108553 0.344296 0.106908 0.326824 0.114309 0.292909 0.110197 0.289825 0.111020 0.287770 0.117599 0.282631 0.122533 0.267215 0.121711 0.252826 0.126645 0.248715 0.134868 0.244604 0.136513 0.216855 0.132401 0.208633 0.137336 0.203494 0.137336 0.190134 0.129934 0.181912 0.130757 0.175745 0.136513 0.156218 0.143914 0.144913 0.152138 0.129496 0.158717 0.119219 0.172697
0 0.486125 0.708882 0.483042 0.712171 0.485098 0.726151 0.499486 0.747533 0.505653 0.753289 0.502569 0.759868 0.503597 0.768092 0.499486 0.776316 0.506680 0.804276 0.515930 0.806743 0.532374 0.804276 0.548818 0.789474 0.566290 0.780428 0.591984 0.762336 0.597122 0.750822 0.597122 0.727796 0.582734 0.720395 0.580678 0.716283 0.572456 0.722862 0.546763 0.713816 0.512847 0.709704
0 0.556012 0.791118 0.539568 0.800987 0.528263 0.824836 0.522097 0.829770 0.508736 0.847039 0.504625 0.859375 0.504625 0.866776 0.508736 0.873355 0.521069 0.883224 0.536485 0.904605 0.544707 0.911184 0.554985 0.914474 0.568345 0.914474 0.594039 0.906250 0.605344 0.897204 0.610483 0.883224 0.610483 0.865132 0.605344 0.837993 0.600206 0.828947 0.596095 0.826480 0.593011 0.817434 0.586845 0.810855 0.582734 0.801809 0.575540 0.794408 0.566290 0.791118
