2 0.623750 0.576667 0.620000 0.570000 0.607500 0.561667 0.595000 0.558333 0.560000 0.586667 0.546250 0.575000 0.543750 0.566667 0.538750 0.566667 0.533750 0.575000 0.535000 0.586667 0.525000 0.590000 0.527500 0.595000 0.525000 0.600000 0.527500 0.603333 0.521250 0.601667 0.521250 0.605000 0.528750 0.608333 0.536250 0.621667 0.532500 0.625000 0.532500 0.631667 0.536250 0.636667 0.555000 0.631667 0.563750 0.643333 0.568750 0.643333 0.581250 0.618333 0.586250 0.625000 0.593750 0.625000 0.597500 0.610000 0.608750 0.608333 0.623750 0.585000
1 0.687500 0.528333 0.662500 0.531667 0.656250 0.536667 0.658750 0.550000 0.657500 0.586667 0.676250 0.611667 0.680000 0.610000 0.677500 0.600000 0.687500 0.586667 0.696250 0.558333 0.696250 0.536667
0 0.540000 0.288333 0.523750 0.315000 0.518750 0.333333 0.521250 0.350000 0.530000 0.356667 0.535000 0.356667 0.536250 0.353333 0.555000 0.375000 0.577500 0.391667 0.588750 0.406667 0.606250 0.421667 0.618750 0.443333 0.656250 0.468333 0.671250 0.468333 0.670000 0.460000 0.658750 0.450000 0.656250 0.430000 0.641250 0.403333 0.640000 0.395000 0.625000 0.373333 0.612500 0.330000 0.603750 0.318333 0.558750 0.281667 0.551250 0.280000
0 0.422500 0.400000 0.405000 0.415000 0.390000 0.420000 0.381250 0.431667 0.382500 0.468333 0.390000 0.490000 0.390000 0.510000 0.398750 0.548333 0.438750 0.635000 0.458750 0.636667 0.476250 0.648333 0.488750 0.646667 0.493750 0.643333 0.492500 0.560000 0.486250 0.541667 0.490000 0.526667 0.476250 0.440000 0.470000 0.431667 0.470000 0.420000 0.466250 0.411667 0.432500 0.398333
1 0.401250 0.666667 0.396250 0.673333 0.392500 0.701667 0.396250 0.711667 0.405000 0.710000 0.412500 0.713333 0.420000 0.705000 0.420000 0.675000 0.415000 0.670000
0 0.510000 0.350000 0.490000 0.376667 0.485000 0.388333 0.491250 0.408333 0.488750 0.418333 0.491250 0.441667 0.488750 0.476667 0.501250 0.503333 0.510000 0.538333 0.532500 0.560000 0.542500 0.563333 0.561250 0.578333 0.577500 0.575000 0.592500 0.561667 0.596250 0.550000 0.616250 0.568333 0.633750 0.575000 0.646250 0.573333 0.651250 0.553333 0.651250 0.525000 0.638750 0.498333 0.621250 0.483333 0.602500 0.455000 0.608750 0.451667 0.608750 0.433333 0.596250 0.423333 0.592500 0.408333 0.581250 0.405000 0.576250 0.393333 0.572500 0.393333 0.566250 0.383333 0.553750 0.378333 0.550000 0.371667 0.533750 0.373333 0.532500 0.363333 0.516250 0.350000
1 0.452500 0.266667 0.443750 0.285000 0.446250 0.295000 0.452500 0.295000 0.455000 0.268333
0 0.427500 0.305000 0.415000 0.303333 0.405000 0.313333 0.391250 0.320000 0.375000 0.338333 0.362500 0.360000 0.358750 0.375000 0.360000 0.386667 0.376250 0.411667 0.402500 0.411667 0.422500 0.395000 0.437500 0.393333 0.445000 0.385000 0.447500 0.368333 0.443750 0.336667 0.436250 0.316667
0 0.355000 0.445000 0.345000 0.445000 0.340000 0.450000 0.321250 0.453333 0.306250 0.473333 0.297500 0.495000 0.300000 0.518333 0.326250 0.558333 0.332500 0.563333 0.347500 0.561667 0.358750 0.553333 0.375000 0.533333 0.381250 0.518333 0.381250 0.480000 0.377500 0.470000
1 0.321250 0.395000 0.313750 0.406667 0.313750 0.416667 0.325000 0.425000 0.333750 0.423333 0.337500 0.416667 0.337500 0.406667
1 0.260000 0.508333 0.258750 0.515000 0.272500 0.530000 0.286250 0.538333 0.293750 0.538333 0.296250 0.535000 0.296250 0.528333 0.286250 0.503333
1 0.438750 0.248333 0.431250 0.250000 0.426250 0.260000 0.426250 0.268333 0.430000 0.275000 0.437500 0.271667 0.440000 0.263333
1 0.517500 0.651667 0.512500 0.655000 0.507500 0.673333 0.498750 0.666667 0.492500 0.666667 0.483750 0.678333 0.483750 0.686667 0.488750 0.696667 0.493750 0.695000 0.500000 0.706667 0.500000 0.716667 0.492500 0.723333 0.491250 0.736667 0.497500 0.741667 0.497500 0.746667 0.500000 0.741667 0.505000 0.741667 0.515000 0.756667 0.517500 0.766667 0.527500 0.778333 0.532500 0.768333 0.533750 0.750000 0.536250 0.756667 0.535000 0.763333 0.537500 0.763333 0.541250 0.743333 0.547500 0.748333 0.555000 0.743333 0.555000 0.728333 0.548750 0.716667 0.548750 0.711667 0.555000 0.701667 0.555000 0.688333 0.535000 0.658333
1 0.652500 0.618333 0.630000 0.610000 0.602500 0.611667 0.592500 0.626667 0.578750 0.625000 0.576250 0.640000 0.567500 0.650000 0.556250 0.635000 0.548750 0.636667 0.546250 0.656667 0.553750 0.671667 0.577500 0.691667 0.575000 0.718333 0.577500 0.721667 0.585000 0.721667 0.588750 0.713333 0.596250 0.710000 0.602500 0.726667 0.610000 0.726667 0.625000 0.720000 0.646250 0.681667 0.655000 0.673333 0.656250 0.656667 0.661250 0.648333 0.661250 0.641667 0.657500 0.638333
