0 0.400815 0.210598 0.394022 0.211957 0.389946 0.206522 0.384511 0.206522 0.357337 0.224185 0.347826 0.235054 0.336957 0.241848 0.297554 0.298913 0.264946 0.338315 0.250000 0.351902 0.236413 0.372283 0.251359 0.388587 0.262228 0.394022 0.275815 0.415761 0.290761 0.426630 0.293478 0.423913 0.298913 0.425272 0.300272 0.417120 0.293478 0.417120 0.293478 0.411685 0.288043 0.408967 0.292120 0.406250 0.286685 0.392663 0.289402 0.385870 0.298913 0.376359 0.336957 0.319293 0.376359 0.275815 0.406250 0.248641 0.407609 0.243207 0.419837 0.229620
0 0.561141 0.305707 0.542120 0.304348 0.529891 0.312500 0.521739 0.324728 0.491848 0.353261 0.426630 0.426630 0.403533 0.467391 0.403533 0.475543 0.407609 0.483696 0.422554 0.500000 0.448370 0.514946 0.456522 0.513587 0.457880 0.509511 0.472826 0.500000 0.486413 0.485054 0.535326 0.419837 0.576087 0.375000 0.585598 0.357337 0.585598 0.345109 0.580163 0.341033 0.572011 0.313859 0.563859 0.311141
0 0.903533 0.615489 0.896739 0.603261 0.885870 0.592391 0.869565 0.591033 0.834239 0.597826 0.793478 0.633152 0.744565 0.667120 0.733696 0.682065 0.735054 0.694293 0.770380 0.718750 0.793478 0.726902 0.813859 0.729620 0.819293 0.733696 0.831522 0.733696 0.857337 0.698370 0.896739 0.654891 0.904891 0.631793
0 0.857337 0.535326 0.842391 0.527174 0.828804 0.527174 0.815217 0.532609 0.798913 0.544837 0.766304 0.580163 0.744565 0.591033 0.730978 0.611413 0.717391 0.618207 0.709239 0.641304 0.707880 0.654891 0.710598 0.657609 0.711957 0.673913 0.705163 0.691576 0.705163 0.701087 0.710598 0.706522 0.710598 0.717391 0.720109 0.717391 0.728261 0.703804 0.733696 0.705163 0.733696 0.682065 0.754076 0.658967 0.782609 0.639946 0.831522 0.599185 0.843750 0.593750 0.860054 0.577446 0.866848 0.566576 0.868207 0.552989
0 0.796196 0.497283 0.774457 0.500000 0.754076 0.512228 0.740489 0.531250 0.697011 0.573370 0.695652 0.580163 0.652174 0.637228 0.648098 0.650815 0.649457 0.665761 0.657609 0.677989 0.673913 0.691576 0.686141 0.709239 0.697011 0.718750 0.716033 0.721467 0.729620 0.709239 0.720109 0.707880 0.716033 0.710598 0.706522 0.699728 0.711957 0.633152 0.720109 0.611413 0.733696 0.608696 0.737772 0.595109 0.769022 0.577446 0.781250 0.563859 0.801630 0.513587 0.802989 0.504076
0 0.756793 0.466033 0.728261 0.467391 0.702446 0.480978 0.680707 0.498641 0.629076 0.551630 0.585598 0.603261 0.578804 0.615489 0.578804 0.629076 0.597826 0.653533 0.622283 0.658967 0.631793 0.658967 0.635870 0.654891 0.635870 0.650815 0.641304 0.646739 0.652174 0.627717 0.669837 0.608696 0.695652 0.572011 0.750000 0.516304 0.756793 0.501359 0.760870 0.479620
0 0.687500 0.399457 0.668478 0.395380 0.653533 0.403533 0.561141 0.528533 0.531250 0.558424 0.528533 0.573370 0.532609 0.584239 0.547554 0.608696 0.563859 0.625000 0.576087 0.622283 0.581522 0.607337 0.596467 0.593750 0.627717 0.551630 0.667120 0.509511 0.701087 0.480978 0.718750 0.471467 0.721467 0.463315 0.720109 0.451087 0.711957 0.426630 0.703804 0.413043
0 0.620924 0.353261 0.601902 0.350543 0.586957 0.361413 0.565217 0.391304 0.516304 0.445652 0.489130 0.485054 0.461957 0.513587 0.456522 0.523098 0.457880 0.529891 0.463315 0.536685 0.497283 0.561141 0.509511 0.562500 0.520380 0.567935 0.531250 0.561141 0.572011 0.513587 0.654891 0.398098 0.652174 0.384511 0.639946 0.368207
0 0.495924 0.274457 0.483696 0.269022 0.476902 0.269022 0.466033 0.274457 0.436141 0.308424 0.395380 0.346467 0.364130 0.380435 0.360054 0.391304 0.354620 0.395380 0.343750 0.418478 0.345109 0.423913 0.341033 0.426630 0.341033 0.436141 0.347826 0.436141 0.373641 0.452446 0.387228 0.455163 0.395380 0.464674 0.400815 0.466033 0.437500 0.410326 0.517663 0.323370 0.519022 0.313859 0.514946 0.301630
0 0.451087 0.237772 0.436141 0.230978 0.418478 0.228261 0.398098 0.255435 0.341033 0.315217 0.322011 0.339674 0.301630 0.370924 0.301630 0.377717 0.296196 0.387228 0.296196 0.396739 0.300272 0.402174 0.298913 0.407609 0.309783 0.418478 0.313859 0.427989 0.327446 0.433424 0.335598 0.433424 0.338315 0.430707 0.345109 0.408967 0.362772 0.379076 0.429348 0.307065 0.470109 0.269022 0.468750 0.256793
0 0.381793 0.188859 0.373641 0.183424 0.364130 0.182065 0.341033 0.183424 0.311141 0.199728 0.290761 0.216033 0.288043 0.222826 0.275815 0.232337 0.271739 0.240489 0.243207 0.263587 0.216033 0.293478 0.197011 0.304348 0.179348 0.319293 0.176630 0.327446 0.195652 0.358696 0.211957 0.370924 0.230978 0.373641 0.296196 0.298913 0.332880 0.245924 0.370924 0.217391 0.379076 0.207880 0.385870 0.205163 0.388587 0.197011
0 0.342391 0.163043 0.332880 0.156250 0.313859 0.153533 0.288043 0.160326 0.241848 0.188859 0.213315 0.213315 0.133152 0.258152 0.131793 0.271739 0.141304 0.289402 0.171196 0.320652 0.176630 0.320652 0.211957 0.296196 0.301630 0.207880 0.331522 0.188859 0.346467 0.182065 0.346467 0.172554
2 0.032609 0.366848 0.016304 0.399457 0.013587 0.411685 0.014946 0.418478 0.005435 0.452446 0.008152 0.478261 0.000000 0.485054 0.000000 0.517663 0.009511 0.529891 0.009511 0.538043 0.020380 0.554348 0.035326 0.592391 0.055707 0.622283 0.063859 0.641304 0.082880 0.656250 0.091033 0.671196 0.100543 0.675272 0.110054 0.684783 0.111413 0.690217 0.131793 0.706522 0.138587 0.725543 0.157609 0.760870 0.197011 0.804348 0.239130 0.812500 0.251359 0.817935 0.259511 0.827446 0.267663 0.830163 0.293478 0.831522 0.302989 0.836957 0.316576 0.853261 0.324728 0.857337 0.338315 0.857337 0.357337 0.851902 0.392663 0.862772 0.411685 0.864130 0.436141 0.881793 0.475543 0.881793 0.500000 0.885870 0.508152 0.889946 0.525815 0.891304 0.589674 0.877717 0.612772 0.868207 0.623641 0.866848 0.634511 0.858696 0.639946 0.842391 0.658967 0.817935 0.673913 0.811141 0.687500 0.811141 0.705163 0.794837 0.707880 0.782609 0.706522 0.767663 0.717391 0.751359 0.717391 0.740489 0.694293 0.720109 0.690217 0.720109 0.672554 0.701087 0.669837 0.692935 0.660326 0.687500 0.650815 0.673913 0.612772 0.669837 0.603261 0.664402 0.578804 0.661685 0.566576 0.654891 0.561141 0.638587 0.554348 0.626359 0.547554 0.620924 0.525815 0.580163 0.490489 0.563859 0.457880 0.539402 0.444293 0.521739 0.419837 0.504076 0.385870 0.466033 0.364130 0.453804 0.328804 0.441576 0.285326 0.434783 0.266304 0.415761 0.263587 0.407609 0.252717 0.394022 0.229620 0.383152 0.205163 0.376359 0.168478 0.334239 0.144022 0.327446 0.135870 0.320652 0.110054 0.320652 0.107337 0.324728 0.080163 0.335598 0.074728 0.341033 0.057065 0.345109
1 0.323370 0.080163 0.323370 0.086957 0.343750 0.101902 0.370924 0.148098 0.396739 0.179348 0.395380 0.194293 0.399457 0.202446 0.414402 0.216033 0.447011 0.228261 0.460598 0.237772 0.478261 0.259511 0.495924 0.267663 0.528533 0.294837 0.561141 0.301630 0.578804 0.316576 0.596467 0.339674 0.616848 0.346467 0.638587 0.360054 0.652174 0.373641 0.665761 0.379076 0.673913 0.389946 0.684783 0.391304 0.706522 0.410326 0.725543 0.436141 0.760870 0.453804 0.781250 0.480978 0.793478 0.486413 0.811141 0.502717 0.820652 0.516304 0.838315 0.520380 0.854620 0.528533 0.857337 0.527174 0.857337 0.510870 0.860054 0.509511 0.888587 0.536685 0.906250 0.546196 0.917120 0.538043 0.949728 0.500000 0.947011 0.485054 0.918478 0.445652 0.917120 0.437500 0.986413 0.468750 0.993207 0.468750 1.000000 0.464674 1.000000 0.421196 0.972826 0.413043 0.941576 0.392663 0.955163 0.377717 0.956522 0.360054 0.951087 0.353261 0.930707 0.345109 0.914402 0.334239 0.929348 0.316576 0.934783 0.302989 0.934783 0.294837 0.930707 0.289402 0.881793 0.260870 0.870924 0.258152 0.849185 0.245924 0.822011 0.239130 0.766304 0.216033 0.728261 0.205163 0.697011 0.184783 0.677989 0.158967 0.665761 0.150815 0.639946 0.122283 0.631793 0.120924 0.616848 0.108696 0.596467 0.077446 0.581522 0.063859 0.574728 0.061141 0.561141 0.063859 0.547554 0.080163 0.547554 0.086957 0.542120 0.089674 0.521739 0.074728 0.470109 0.058424 0.447011 0.058424 0.441576 0.065217 0.442935 0.077446 0.451087 0.096467 0.459239 0.103261 0.457880 0.108696 0.440217 0.097826 0.370924 0.074728 0.342391 0.072011
