1 0.562500 0.825000 0.536250 0.821667 0.487500 0.845000 0.481250 0.853333 0.482500 0.873333 0.490000 0.875000 0.526250 0.858333 0.560000 0.835000
2 0.506250 0.650000 0.505000 0.653333 0.497500 0.655000 0.491250 0.683333 0.482500 0.693333 0.462500 0.700000 0.457500 0.696667 0.457500 0.700000 0.467500 0.706667 0.473750 0.723333 0.470000 0.741667 0.473750 0.755000 0.481250 0.761667 0.485000 0.758333 0.491250 0.760000 0.496250 0.755000 0.497500 0.761667 0.502500 0.765000 0.498750 0.756667 0.507500 0.753333 0.505000 0.768333 0.511250 0.770000 0.523750 0.760000 0.521250 0.755000 0.525000 0.750000 0.543750 0.748333 0.552500 0.735000 0.543750 0.696667 0.513750 0.650000
0 0.633750 0.238333 0.626250 0.238333 0.625000 0.245000 0.618750 0.250000 0.598750 0.340000 0.600000 0.370000 0.620000 0.433333 0.620000 0.456667 0.625000 0.468333 0.621250 0.481667 0.593750 0.493333 0.586250 0.500000 0.583750 0.508333 0.585000 0.518333 0.581250 0.538333 0.582500 0.561667 0.586250 0.576667 0.600000 0.591667 0.612500 0.591667 0.625000 0.586667 0.640000 0.560000 0.640000 0.550000 0.627500 0.535000 0.623750 0.518333 0.631250 0.501667 0.642500 0.500000 0.645000 0.495000 0.646250 0.401667 0.650000 0.366667 0.648750 0.323333 0.640000 0.276667 0.640000 0.263333
0 0.556250 0.360000 0.538750 0.356667 0.525000 0.345000 0.517500 0.343333 0.470000 0.350000 0.452500 0.360000 0.450000 0.368333 0.452500 0.401667 0.451250 0.486667 0.452500 0.498333 0.456250 0.503333 0.478750 0.506667 0.532500 0.491667 0.541250 0.495000 0.548750 0.493333 0.548750 0.456667 0.560000 0.388333
0 0.525000 0.498333 0.513750 0.531667 0.513750 0.555000 0.522500 0.588333 0.530000 0.605000 0.535000 0.640000 0.546250 0.668333 0.563750 0.691667 0.580000 0.703333 0.587500 0.693333 0.596250 0.696667 0.605000 0.706667 0.616250 0.703333 0.625000 0.695000 0.631250 0.670000 0.631250 0.645000 0.625000 0.616667 0.611250 0.598333 0.608750 0.610000 0.612500 0.618333 0.605000 0.638333 0.595000 0.616667 0.571250 0.586667 0.556250 0.561667 0.551250 0.546667 0.551250 0.533333 0.543750 0.501667 0.536250 0.495000
0 0.411250 0.458333 0.406250 0.466667 0.405000 0.488333 0.412500 0.510000 0.418750 0.515000 0.435000 0.515000 0.453750 0.538333 0.462500 0.555000 0.470000 0.560000 0.475000 0.558333 0.477500 0.548333 0.470000 0.520000 0.452500 0.506667 0.430000 0.476667 0.423750 0.463333 0.423750 0.456667
0 0.305000 0.406667 0.295000 0.406667 0.251250 0.430000 0.215000 0.470000 0.210000 0.480000 0.212500 0.511667 0.231250 0.573333 0.235000 0.606667 0.242500 0.633333 0.253750 0.653333 0.260000 0.653333 0.271250 0.645000 0.272500 0.630000 0.252500 0.593333 0.245000 0.570000 0.250000 0.523333 0.267500 0.493333 0.286250 0.483333 0.306250 0.466667 0.307500 0.451667 0.300000 0.430000 0.300000 0.425000 0.307500 0.413333
1 0.517500 0.635000 0.515000 0.638333 0.516250 0.651667 0.545000 0.696667 0.556250 0.736667 0.565000 0.795000 0.573750 0.806667 0.576250 0.793333 0.570000 0.761667 0.567500 0.728333 0.545000 0.673333 0.527500 0.643333
1 0.555000 0.741667 0.551250 0.741667 0.545000 0.750000 0.502500 0.781667 0.470000 0.825000 0.468750 0.835000 0.476250 0.835000 0.488750 0.825000 0.496250 0.830000 0.508750 0.826667 0.541250 0.788333 0.558750 0.773333
1 0.638750 0.583333 0.635000 0.586667 0.633750 0.600000 0.643750 0.701667 0.650000 0.730000 0.653750 0.735000 0.660000 0.735000 0.661250 0.726667 0.651250 0.620000 0.652500 0.595000 0.647500 0.585000
0 0.562500 0.360000 0.558750 0.363333 0.560000 0.390000 0.550000 0.453333 0.553750 0.540000 0.561250 0.550000 0.566250 0.575000 0.592500 0.610000 0.596250 0.608333 0.596250 0.598333 0.578750 0.565000 0.568750 0.490000 0.571250 0.415000 0.575000 0.385000 0.580000 0.376667 0.580000 0.368333 0.573750 0.360000
1 0.660000 0.735000 0.640000 0.733333 0.626250 0.736667 0.610000 0.718333 0.602500 0.718333 0.595000 0.728333 0.582500 0.763333 0.585000 0.780000 0.570000 0.838333 0.572500 0.856667 0.580000 0.858333 0.588750 0.851667 0.607500 0.823333 0.611250 0.811667 0.620000 0.805000 0.638750 0.800000 0.656250 0.780000 0.660000 0.763333 0.667500 0.751667
0 0.316250 0.485000 0.300000 0.510000 0.290000 0.533333 0.286250 0.560000 0.290000 0.578333 0.301250 0.580000 0.308750 0.571667 0.313750 0.540000 0.327500 0.516667 0.340000 0.508333 0.353750 0.508333 0.363750 0.513333 0.375000 0.528333 0.380000 0.541667 0.380000 0.568333 0.373750 0.591667 0.365000 0.598333 0.353750 0.593333 0.341250 0.578333 0.331250 0.578333 0.327500 0.586667 0.328750 0.603333 0.337500 0.615000 0.355000 0.623333 0.376250 0.620000 0.390000 0.610000 0.401250 0.591667 0.405000 0.565000 0.403750 0.531667 0.390000 0.500000 0.373750 0.481667 0.358750 0.475000 0.340000 0.475000
0 0.425000 0.196667 0.423750 0.203333 0.427500 0.216667 0.428750 0.240000 0.436250 0.271667 0.453750 0.300000 0.463750 0.310000 0.457500 0.318333 0.457500 0.335000 0.460000 0.340000 0.467500 0.341667 0.480000 0.335000 0.485000 0.338333 0.521250 0.338333 0.538750 0.326667 0.537500 0.286667 0.532500 0.280000 0.523750 0.251667 0.498750 0.211667 0.473750 0.210000 0.437500 0.193333
2 0.350000 0.300000 0.343750 0.321667 0.343750 0.356667 0.347500 0.366667 0.343750 0.371667 0.343750 0.378333 0.348750 0.390000 0.341250 0.415000 0.342500 0.420000 0.338750 0.425000 0.338750 0.435000 0.343750 0.443333 0.343750 0.451667 0.360000 0.468333 0.381250 0.470000 0.388750 0.465000 0.403750 0.441667 0.415000 0.451667 0.431250 0.450000 0.440000 0.445000 0.448750 0.450000 0.451250 0.406667 0.448750 0.375000 0.452500 0.348333 0.445000 0.328333 0.435000 0.315000 0.425000 0.310000 0.412500 0.293333 0.393750 0.291667 0.388750 0.281667 0.375000 0.280000 0.365000 0.295000
2 0.632500 0.501667 0.626250 0.510000 0.625000 0.521667 0.632500 0.540000 0.651250 0.556667 0.651250 0.570000 0.642500 0.573333 0.640000 0.585000 0.646250 0.586667 0.655000 0.596667 0.652500 0.603333 0.655000 0.611667 0.652500 0.628333 0.660000 0.633333 0.657500 0.636667 0.658750 0.640000 0.675000 0.641667 0.670000 0.646667 0.653750 0.646667 0.656250 0.658333 0.671250 0.658333 0.680000 0.651667 0.686250 0.660000 0.695000 0.660000 0.702500 0.651667 0.701250 0.631667 0.703750 0.630000 0.716250 0.676667 0.721250 0.680000 0.732500 0.670000 0.732500 0.656667 0.725000 0.616667 0.732500 0.616667 0.748750 0.590000 0.751250 0.563333 0.741250 0.565000 0.756250 0.550000 0.762500 0.526667 0.751250 0.521667 0.747500 0.511667 0.742500 0.511667 0.738750 0.518333 0.742500 0.515000 0.746250 0.518333 0.736250 0.536667 0.716250 0.500000 0.706250 0.490000 0.700000 0.490000 0.690000 0.498333 0.682500 0.495000 0.667500 0.505000 0.651250 0.500000
0 0.385000 0.238333 0.357500 0.223333 0.337500 0.223333 0.316250 0.236667 0.298750 0.261667 0.282500 0.305000 0.281250 0.355000 0.288750 0.380000 0.300000 0.395000 0.317500 0.405000 0.332500 0.403333 0.343750 0.395000 0.343750 0.388333 0.338750 0.381667 0.316250 0.368333 0.301250 0.353333 0.293750 0.338333 0.293750 0.305000 0.305000 0.273333 0.313750 0.261667 0.330000 0.250000 0.357500 0.243333 0.373750 0.251667 0.390000 0.270000 0.393750 0.280000 0.406250 0.286667 0.407500 0.275000 0.405000 0.261667
0 0.418750 0.576667 0.407500 0.591667 0.403750 0.613333 0.400000 0.618333 0.391250 0.618333 0.376250 0.625000 0.370000 0.633333 0.347500 0.640000 0.337500 0.646667 0.323750 0.675000 0.305000 0.688333 0.305000 0.698333 0.318750 0.733333 0.337500 0.763333 0.342500 0.766667 0.345000 0.781667 0.353750 0.783333 0.358750 0.791667 0.383750 0.805000 0.407500 0.798333 0.432500 0.798333 0.442500 0.811667 0.450000 0.813333 0.455000 0.825000 0.462500 0.825000 0.468750 0.820000 0.475000 0.796667 0.467500 0.746667 0.468750 0.726667 0.441250 0.703333 0.422500 0.678333 0.417500 0.661667 0.417500 0.651667 0.427500 0.626667 0.430000 0.588333 0.425000 0.578333
0 0.451250 0.565000 0.438750 0.573333 0.433750 0.583333 0.428750 0.615000 0.428750 0.635000 0.435000 0.653333 0.445000 0.665000 0.453750 0.686667 0.475000 0.693333 0.485000 0.688333 0.492500 0.675000 0.492500 0.666667 0.482500 0.655000 0.480000 0.593333 0.476250 0.580000 0.467500 0.565000
0 0.582500 0.370000 0.575000 0.375000 0.571250 0.371667 0.577500 0.381667 0.572500 0.395000 0.577500 0.405000 0.573750 0.406667 0.571250 0.418333 0.572500 0.433333 0.568750 0.473333 0.572500 0.488333 0.577500 0.495000 0.585000 0.496667 0.621250 0.481667 0.625000 0.476667 0.622500 0.431667 0.618750 0.428333 0.610000 0.405000 0.606250 0.386667 0.591250 0.371667
