1 0.314706 0.643137 0.305882 0.658824 0.307843 0.690196 0.313725 0.708824 0.325490 0.732353 0.340196 0.747059 0.354902 0.756863 0.407843 0.786275 0.418627 0.789216 0.437255 0.787255 0.441176 0.782353 0.441176 0.775490 0.438235 0.771569 0.378431 0.726471 0.350980 0.698039 0.325490 0.650980 0.318627 0.643137
0 0.296078 0.593137 0.282353 0.609804 0.279412 0.619608 0.281373 0.634314 0.290196 0.641176 0.298039 0.643137 0.306863 0.642157 0.308824 0.644118 0.318627 0.637255 0.320588 0.644118 0.326471 0.650000 0.327451 0.655882 0.334314 0.662745 0.336275 0.671569 0.346078 0.677451 0.345098 0.684314 0.347059 0.690196 0.351961 0.694118 0.353922 0.699020 0.366667 0.708824 0.375490 0.722549 0.391176 0.738235 0.405882 0.750000 0.411765 0.751961 0.421569 0.762745 0.438235 0.770588 0.445098 0.770588 0.459804 0.764706 0.478431 0.749020 0.479412 0.735294 0.475490 0.723529 0.480392 0.706863 0.480392 0.684314 0.496078 0.667647 0.500980 0.655882 0.500980 0.621569 0.496078 0.610784 0.485294 0.610784 0.458824 0.616667 0.453922 0.615686 0.450000 0.619608 0.440196 0.623529 0.438235 0.610784 0.406863 0.592157 0.391176 0.593137 0.374510 0.582353 0.357843 0.579412 0.330392 0.581373 0.318627 0.587255 0.306863 0.588235
0 0.869608 0.505882 0.849020 0.500000 0.830392 0.500980 0.822549 0.504902 0.794118 0.527451 0.782353 0.529412 0.767647 0.537255 0.762745 0.545098 0.759804 0.545098 0.751961 0.550980 0.747059 0.557843 0.724510 0.575490 0.704902 0.582353 0.701961 0.585294 0.695098 0.586275 0.684314 0.594118 0.677451 0.595098 0.677451 0.599020 0.664706 0.606863 0.661765 0.614706 0.650980 0.624510 0.648039 0.634314 0.648039 0.650000 0.650980 0.659804 0.664706 0.685294 0.682353 0.707843 0.692157 0.711765 0.712745 0.737255 0.741176 0.744118 0.756863 0.750980 0.766667 0.751961 0.778431 0.748039 0.797059 0.729412 0.800000 0.723529 0.800000 0.716667 0.790196 0.684314 0.789216 0.666667 0.798039 0.620588 0.806863 0.600980 0.823529 0.580392 0.843137 0.577451 0.861765 0.562745 0.869608 0.561765 0.873529 0.558824 0.878431 0.541176 0.881373 0.538235 0.881373 0.528431 0.877451 0.514706
1 0.824510 0.489216 0.817647 0.488235 0.813725 0.492157 0.808824 0.506863 0.817647 0.505882 0.827451 0.499020
0 0.529412 0.507843 0.521569 0.505882 0.508824 0.498039 0.488235 0.497059 0.471569 0.488235 0.460784 0.489216 0.439216 0.500980 0.415686 0.538235 0.407843 0.577451 0.408824 0.588235 0.434314 0.605882 0.454902 0.612745 0.478431 0.611765 0.496078 0.605882 0.510784 0.591176 0.509804 0.573529 0.517647 0.565686 0.526471 0.562745 0.530392 0.557843 0.534314 0.513725
0 0.460784 0.448039 0.459804 0.465686 0.462745 0.470588 0.472549 0.477451 0.497059 0.487255 0.502941 0.486275 0.519608 0.492157 0.558824 0.495098 0.599020 0.516667 0.604902 0.523529 0.615686 0.530392 0.617647 0.534314 0.626471 0.538235 0.640196 0.538235 0.653922 0.535294 0.681373 0.524510 0.697059 0.513725 0.702941 0.500000 0.703922 0.486275 0.700980 0.478431 0.683333 0.458824 0.670588 0.422549 0.653922 0.404902 0.638235 0.397059 0.616667 0.391176 0.591176 0.389216 0.572549 0.392157 0.540196 0.387255 0.528431 0.391176 0.509804 0.393137 0.495098 0.402941 0.491176 0.417647 0.470588 0.432353
1 0.600000 0.273529 0.596078 0.270588 0.592157 0.273529 0.584314 0.272549 0.578431 0.267647 0.583333 0.262745 0.564706 0.260784 0.560784 0.252941 0.551961 0.252941 0.540196 0.260784 0.535294 0.274510 0.528431 0.280392 0.507843 0.281373 0.500000 0.290196 0.499020 0.300000 0.504902 0.305882 0.515686 0.305882 0.533333 0.297059 0.561765 0.295098 0.584314 0.286275 0.592157 0.287255 0.600980 0.279412
1 0.820588 0.155882 0.812745 0.146078 0.793137 0.139216 0.748039 0.133333 0.725490 0.134314 0.703922 0.138235 0.674510 0.151961 0.665686 0.161765 0.661765 0.176471 0.663725 0.178431 0.670588 0.178431 0.687255 0.169608 0.706863 0.164706 0.746078 0.165686 0.783333 0.170588 0.809804 0.169608 0.818627 0.165686
1 0.544118 0.155882 0.535294 0.154902 0.532353 0.156863 0.527451 0.168627 0.532353 0.175490 0.538235 0.175490 0.545098 0.171569 0.547059 0.159804
1 0.722549 0.077451 0.722549 0.070588 0.716667 0.059804 0.708824 0.059804 0.697059 0.065686 0.691176 0.063725 0.680392 0.067647 0.680392 0.073529 0.682353 0.075490 0.697059 0.077451 0.708824 0.088235 0.716667 0.087255
1 0.743137 0.084314 0.743137 0.090196 0.746078 0.093137 0.760784 0.094118 0.765686 0.093137 0.767647 0.090196 0.767647 0.085294 0.764706 0.080392 0.749020 0.079412
1 0.786275 0.062745 0.781373 0.069608 0.780392 0.088235 0.782353 0.093137 0.788235 0.094118 0.794118 0.088235 0.796078 0.074510 0.793137 0.064706
1 0.760784 0.316667 0.753922 0.321569 0.753922 0.331373 0.758824 0.341176 0.766667 0.349020 0.771569 0.350000 0.779412 0.344118 0.780392 0.335294 0.777451 0.327451 0.769608 0.317647
1 0.870588 0.417647 0.869608 0.432353 0.872549 0.435294 0.896078 0.432353 0.900980 0.420588 0.898039 0.413725 0.876471 0.413725
1 0.895098 0.353922 0.892157 0.356863 0.892157 0.362745 0.897059 0.369608 0.902941 0.370588 0.904902 0.368627 0.904902 0.359804 0.900980 0.354902
1 0.334314 0.605882 0.328431 0.605882 0.321569 0.609804 0.313725 0.618627 0.309804 0.629412 0.311765 0.638235 0.317647 0.639216 0.322549 0.633333 0.327451 0.631373 0.336275 0.616667 0.336275 0.607843
1 0.438235 0.301961 0.438235 0.306863 0.442157 0.314706 0.447059 0.317647 0.466667 0.315686 0.471569 0.311765 0.471569 0.302941 0.466667 0.296078 0.446078 0.293137 0.441176 0.296078
1 0.659804 0.255882 0.655882 0.258824 0.651961 0.266667 0.651961 0.272549 0.655882 0.278431 0.662745 0.279412 0.669608 0.272549 0.670588 0.262745 0.665686 0.256863
0 0.854902 0.359804 0.844118 0.355882 0.825490 0.355882 0.813725 0.351961 0.783333 0.362745 0.778431 0.367647 0.767647 0.371569 0.758824 0.380392 0.756863 0.386275 0.751961 0.388235 0.751961 0.392157 0.744118 0.398039 0.741176 0.402941 0.743137 0.407843 0.726471 0.417647 0.724510 0.424510 0.716667 0.428431 0.711765 0.434314 0.711765 0.445098 0.713725 0.450000 0.718627 0.453922 0.718627 0.459804 0.726471 0.476471 0.728431 0.493137 0.727451 0.511765 0.725490 0.519608 0.718627 0.531373 0.706863 0.540196 0.693137 0.555882 0.689216 0.556863 0.689216 0.569608 0.697059 0.573529 0.706863 0.574510 0.716667 0.572549 0.725490 0.567647 0.732353 0.559804 0.733333 0.551961 0.736275 0.549020 0.747059 0.550000 0.754902 0.545098 0.766667 0.532353 0.771569 0.530392 0.779412 0.522549 0.786275 0.508824 0.792157 0.504902 0.804902 0.503922 0.810784 0.500980 0.823529 0.473529 0.847059 0.449020 0.864706 0.435294 0.868627 0.426471 0.871569 0.404902 0.865686 0.377451
0 0.394118 0.333333 0.401961 0.388235 0.406863 0.396078 0.422549 0.401961 0.433333 0.401961 0.440196 0.405882 0.465686 0.412745 0.469608 0.419608 0.472549 0.420588 0.482353 0.419608 0.485294 0.404902 0.490196 0.402941 0.501961 0.392157 0.513725 0.390196 0.517647 0.382353 0.516667 0.374510 0.501961 0.373529 0.500000 0.359804 0.498039 0.357843 0.487255 0.356863 0.484314 0.351961 0.477451 0.348039 0.478431 0.346078 0.501961 0.344118 0.516667 0.346078 0.592157 0.344118 0.598039 0.340196 0.607843 0.342157 0.611765 0.338235 0.630392 0.336275 0.645098 0.338235 0.654902 0.346078 0.653922 0.352941 0.650000 0.356863 0.638235 0.359804 0.629412 0.365686 0.615686 0.370588 0.593137 0.374510 0.591176 0.376471 0.593137 0.384314 0.607843 0.390196 0.631373 0.392157 0.648039 0.397059 0.672549 0.414706 0.685294 0.418627 0.692157 0.415686 0.702941 0.415686 0.721569 0.399020 0.731373 0.398039 0.741176 0.394118 0.737255 0.388235 0.748039 0.381373 0.752941 0.375490 0.755882 0.375490 0.765686 0.365686 0.767647 0.353922 0.777451 0.346078 0.776471 0.341176 0.767647 0.342157 0.765686 0.340196 0.763725 0.333333 0.766667 0.329412 0.778431 0.329412 0.781373 0.335294 0.784314 0.336275 0.799020 0.323529 0.804902 0.311765 0.805882 0.295098 0.812745 0.280392 0.815686 0.267647 0.809804 0.262745 0.794118 0.256863 0.790196 0.256863 0.787255 0.260784 0.783333 0.257843 0.771569 0.258824 0.768627 0.255882 0.755882 0.260784 0.735294 0.260784 0.733333 0.258824 0.736275 0.254902 0.730392 0.253922 0.730392 0.251961 0.749020 0.250000 0.750000 0.247059 0.748039 0.239216 0.737255 0.237255 0.737255 0.231373 0.729412 0.230392 0.712745 0.232353 0.693137 0.242157 0.678431 0.244118 0.665686 0.243137 0.626471 0.257843 0.611765 0.257843 0.595098 0.253922 0.585294 0.249020 0.572549 0.246078 0.565686 0.247059 0.556863 0.240196 0.552941 0.245098 0.550980 0.243137 0.551961 0.239216 0.548039 0.237255 0.547059 0.231373 0.538235 0.217647 0.533333 0.216667 0.526471 0.209804 0.501961 0.205882 0.499020 0.201961 0.494118 0.201961 0.479412 0.207843 0.470588 0.216667 0.465686 0.225490 0.460784 0.241176 0.456863 0.273529 0.450980 0.289216 0.438235 0.297059 0.435294 0.301961 0.409804 0.302941 0.404902 0.304902 0.396078 0.313725
0 0.866667 0.006863 0.852941 0.000000 0.749020 0.000000 0.746078 0.002941 0.735294 0.004902 0.732353 0.010784 0.721569 0.014706 0.715686 0.021569 0.707843 0.022549 0.700000 0.027451 0.684314 0.031373 0.675490 0.039216 0.670588 0.047059 0.657843 0.056863 0.642157 0.064706 0.640196 0.069608 0.629412 0.077451 0.617647 0.091176 0.616667 0.098039 0.610784 0.106863 0.608824 0.114706 0.607843 0.131373 0.601961 0.137255 0.605882 0.142157 0.601961 0.146078 0.603922 0.150000 0.601961 0.154902 0.605882 0.158824 0.612745 0.156863 0.619608 0.166667 0.616667 0.171569 0.608824 0.175490 0.606863 0.181373 0.611765 0.189216 0.609804 0.194118 0.612745 0.197059 0.610784 0.201961 0.613725 0.207843 0.619608 0.210784 0.620588 0.207843 0.616667 0.205882 0.618627 0.202941 0.625490 0.207843 0.621569 0.215686 0.614706 0.213725 0.614706 0.218627 0.620588 0.218627 0.624510 0.223529 0.623529 0.227451 0.620588 0.226471 0.620588 0.223529 0.617647 0.223529 0.617647 0.225490 0.625490 0.233333 0.636275 0.232353 0.632353 0.229412 0.636275 0.225490 0.633333 0.221569 0.636275 0.215686 0.633333 0.215686 0.631373 0.218627 0.624510 0.214706 0.625490 0.210784 0.629412 0.210784 0.632353 0.206863 0.635294 0.209804 0.635294 0.207843 0.624510 0.198039 0.635294 0.195098 0.634314 0.188235 0.640196 0.190196 0.642157 0.186275 0.640196 0.172549 0.644118 0.169608 0.643137 0.165686 0.647059 0.166667 0.650980 0.164706 0.651961 0.166667 0.648039 0.168627 0.649020 0.170588 0.653922 0.168627 0.655882 0.171569 0.662745 0.171569 0.665686 0.162745 0.664706 0.158824 0.674510 0.154902 0.677451 0.150000 0.684314 0.149020 0.690196 0.142157 0.708824 0.138235 0.715686 0.139216 0.724510 0.134314 0.755882 0.133333 0.786275 0.136275 0.790196 0.139216 0.809804 0.144118 0.821569 0.155882 0.828431 0.158824 0.827451 0.164706 0.829412 0.165686 0.821569 0.168627 0.823529 0.172549 0.821569 0.175490 0.819608 0.172549 0.815686 0.176471 0.810784 0.172549 0.807843 0.175490 0.803922 0.173529 0.798039 0.175490 0.796078 0.172549 0.791176 0.175490 0.788235 0.172549 0.783333 0.174510 0.778431 0.172549 0.775490 0.175490 0.770588 0.172549 0.767647 0.175490 0.764706 0.172549 0.759804 0.173529 0.756863 0.171569 0.746078 0.172549 0.745098 0.174510 0.741176 0.171569 0.731373 0.172549 0.729412 0.174510 0.724510 0.171569 0.720588 0.173529 0.714706 0.172549 0.713725 0.174510 0.710784 0.171569 0.699020 0.172549 0.698039 0.174510 0.692157 0.171569 0.689216 0.173529 0.684314 0.172549 0.681373 0.175490 0.679412 0.172549 0.675490 0.172549 0.671569 0.175490 0.669608 0.185294 0.663725 0.184314 0.661765 0.186275 0.653922 0.180392 0.641176 0.194118 0.644118 0.194118 0.645098 0.191176 0.650980 0.194118 0.652941 0.191176 0.656863 0.195098 0.660784 0.195098 0.663725 0.198039 0.663725 0.202941 0.667647 0.204902 0.671569 0.211765 0.674510 0.211765 0.678431 0.215686 0.676471 0.221569 0.682353 0.219608 0.688235 0.225490 0.701961 0.227451 0.716667 0.223529 0.721569 0.224510 0.722549 0.222549 0.727451 0.225490 0.731373 0.223529 0.748039 0.224510 0.750980 0.226471 0.763725 0.225490 0.770588 0.227451 0.774510 0.234314 0.779412 0.235294 0.781373 0.242157 0.792157 0.243137 0.794118 0.245098 0.800980 0.242157 0.808824 0.242157 0.812745 0.238235 0.812745 0.235294 0.816667 0.233333 0.818627 0.237255 0.817647 0.232353 0.822549 0.233333 0.819608 0.229412 0.827451 0.221569 0.826471 0.212745 0.822549 0.211765 0.820588 0.205882 0.824510 0.201961 0.821569 0.197059 0.833333 0.186275 0.833333 0.183333 0.830392 0.183333 0.826471 0.177451 0.829412 0.171569 0.834314 0.171569 0.832353 0.143137 0.842157 0.120588 0.848039 0.090196 0.847059 0.084314 0.851961 0.073529 0.860784 0.062745 0.873529 0.036275 0.874510 0.023529
1 0.717647 0.459804 0.701961 0.449020 0.693137 0.446078 0.682353 0.447059 0.681373 0.450980 0.687255 0.459804 0.700980 0.471569 0.704902 0.486275 0.701961 0.506863 0.693137 0.517647 0.669608 0.530392 0.644118 0.539216 0.569608 0.551961 0.562745 0.556863 0.557843 0.570588 0.558824 0.574510 0.566667 0.578431 0.600980 0.577451 0.671569 0.562745 0.691176 0.552941 0.711765 0.533333 0.718627 0.529412 0.726471 0.515686 0.726471 0.477451
1 0.656863 0.346078 0.655882 0.342157 0.649020 0.336275 0.632353 0.334314 0.617647 0.337255 0.580392 0.338235 0.548039 0.345098 0.515686 0.345098 0.507843 0.343137 0.476471 0.344118 0.472549 0.346078 0.472549 0.350980 0.501961 0.364706 0.542157 0.373529 0.570588 0.374510 0.600980 0.372549 0.633333 0.366667 0.651961 0.358824 0.655882 0.352941
1 0.413725 0.427451 0.405882 0.427451 0.399020 0.431373 0.392157 0.441176 0.383333 0.463725 0.375490 0.506863 0.372549 0.538235 0.360784 0.569608 0.360784 0.575490 0.363725 0.578431 0.372549 0.578431 0.376471 0.575490 0.382353 0.565686 0.389216 0.559804 0.402941 0.531373 0.407843 0.503922 0.422549 0.451961 0.421569 0.433333
1 0.255882 0.480392 0.251961 0.480392 0.245098 0.489216 0.245098 0.500000 0.249020 0.503922 0.254902 0.503922 0.262745 0.499020 0.262745 0.486275
1 0.298039 0.432353 0.298039 0.437255 0.300980 0.441176 0.310784 0.448039 0.326471 0.450980 0.335294 0.450980 0.339216 0.448039 0.339216 0.438235 0.325490 0.430392 0.314706 0.430392 0.310784 0.423529 0.300980 0.428431
1 0.533333 0.459804 0.528431 0.464706 0.527451 0.483333 0.531373 0.492157 0.539216 0.493137 0.544118 0.490196 0.546078 0.485294 0.547059 0.467647 0.541176 0.459804
0 0.356863 0.406863 0.323529 0.396078 0.304902 0.395098 0.291176 0.399020 0.285294 0.403922 0.275490 0.405882 0.271569 0.409804 0.253922 0.411765 0.245098 0.406863 0.228431 0.408824 0.216667 0.404902 0.206863 0.406863 0.202941 0.409804 0.200000 0.419608 0.188235 0.441176 0.186275 0.471569 0.183333 0.485294 0.175490 0.498039 0.174510 0.534314 0.164706 0.559804 0.147059 0.589216 0.124510 0.611765 0.107843 0.636275 0.095098 0.640196 0.078431 0.657843 0.074510 0.664706 0.061765 0.672549 0.054902 0.684314 0.050980 0.687255 0.046078 0.700000 0.041176 0.704902 0.034314 0.719608 0.034314 0.728431 0.038235 0.735294 0.043137 0.738235 0.047059 0.738235 0.048039 0.736275 0.075490 0.738235 0.084314 0.734314 0.099020 0.720588 0.104902 0.718627 0.144118 0.692157 0.164706 0.684314 0.175490 0.674510 0.187255 0.667647 0.202941 0.651961 0.207843 0.644118 0.216667 0.639216 0.233333 0.623529 0.236275 0.616667 0.250000 0.604902 0.253922 0.596078 0.274510 0.591176 0.274510 0.587255 0.270588 0.584314 0.277451 0.575490 0.288235 0.571569 0.300980 0.570588 0.345098 0.550980 0.364706 0.529412 0.372549 0.514706 0.378431 0.467647 0.376471 0.457843 0.380392 0.444118 0.378431 0.432353
0 0.300980 0.664706 0.251961 0.650000 0.241176 0.642157 0.223529 0.641176 0.217647 0.643137 0.204902 0.652941 0.179412 0.681373 0.142157 0.695098 0.113725 0.715686 0.096078 0.725490 0.080392 0.740196 0.073529 0.795098 0.073529 0.818627 0.078431 0.838235 0.092157 0.862745 0.093137 0.873529 0.100980 0.894118 0.102941 0.909804 0.108824 0.920588 0.119608 0.921569 0.140196 0.915686 0.148039 0.910784 0.169608 0.873529 0.179412 0.863725 0.196078 0.835294 0.237255 0.793137 0.252941 0.783333 0.275490 0.775490 0.292157 0.772549 0.300000 0.767647 0.318627 0.764706 0.328431 0.757843 0.328431 0.737255 0.321569 0.730392 0.318627 0.719608 0.314706 0.715686 0.312745 0.704902 0.307843 0.695098 0.305882 0.672549
0 0.577451 0.791176 0.573529 0.789216 0.549020 0.789216 0.535294 0.786275 0.518627 0.777451 0.505882 0.767647 0.494118 0.767647 0.486275 0.770588 0.474510 0.779412 0.445098 0.785294 0.428431 0.793137 0.410784 0.793137 0.404902 0.790196 0.384314 0.792157 0.361765 0.798039 0.327451 0.800980 0.317647 0.808824 0.310784 0.810784 0.269608 0.805882 0.249020 0.797059 0.235294 0.799020 0.224510 0.809804 0.218627 0.812745 0.202941 0.830392 0.200980 0.836275 0.188235 0.849020 0.185294 0.858824 0.165686 0.885294 0.164706 0.892157 0.171569 0.899020 0.188235 0.905882 0.250980 0.914706 0.274510 0.922549 0.297059 0.924510 0.328431 0.936275 0.350980 0.939216 0.374510 0.946078 0.407843 0.944118 0.467647 0.931373 0.487255 0.922549 0.502941 0.905882 0.530392 0.885294 0.554902 0.857843 0.570588 0.827451
0 0.547059 0.500980 0.540196 0.503922 0.538235 0.509804 0.539216 0.536275 0.537255 0.551961 0.533333 0.562745 0.535294 0.574510 0.542157 0.581373 0.540196 0.593137 0.545098 0.601961 0.546078 0.613725 0.539216 0.620588 0.531373 0.623529 0.524510 0.632353 0.519608 0.652941 0.515686 0.657843 0.510784 0.671569 0.513725 0.701961 0.510784 0.716667 0.503922 0.733333 0.507843 0.755882 0.514706 0.768627 0.532353 0.782353 0.556863 0.786275 0.576471 0.786275 0.592157 0.792157 0.622549 0.789216 0.654902 0.774510 0.672549 0.757843 0.677451 0.739216 0.683333 0.729412 0.683333 0.723529 0.671569 0.696078 0.649020 0.657843 0.633333 0.598039 0.625490 0.580392 0.622549 0.577451 0.603922 0.577451 0.590196 0.581373 0.569608 0.581373 0.557843 0.577451 0.554902 0.573529 0.562745 0.556863 0.566667 0.552941 0.605882 0.543137 0.608824 0.539216 0.607843 0.534314 0.597059 0.528431 0.576471 0.510784 0.561765 0.502941
1 0.310784 0.769608 0.301961 0.770588 0.296078 0.776471 0.297059 0.788235 0.295098 0.800980 0.300000 0.807843 0.313725 0.807843 0.321569 0.800980 0.318627 0.779412 0.316667 0.774510
1 0.594118 0.596078 0.592157 0.593137 0.573529 0.595098 0.565686 0.600000 0.564706 0.605882 0.568627 0.610784 0.584314 0.609804 0.592157 0.605882
1 0.803922 0.504902 0.799020 0.502941 0.791176 0.503922 0.785294 0.508824 0.784314 0.517647 0.791176 0.522549 0.799020 0.520588 0.803922 0.516667 0.805882 0.511765
1 0.545098 0.601961 0.531373 0.601961 0.525490 0.604902 0.522549 0.609804 0.523529 0.615686 0.530392 0.621569 0.542157 0.619608 0.547059 0.614706 0.547059 0.604902
1 0.396078 0.563725 0.393137 0.560784 0.384314 0.562745 0.376471 0.571569 0.377451 0.577451 0.380392 0.579412 0.392157 0.577451 0.396078 0.570588
1 0.437255 0.410784 0.432353 0.417647 0.432353 0.421569 0.438235 0.431373 0.445098 0.436275 0.454902 0.436275 0.456863 0.429412 0.452941 0.412745 0.446078 0.409804
1 0.727451 0.400980 0.720588 0.400000 0.711765 0.404902 0.709804 0.408824 0.714706 0.416667 0.722549 0.417647 0.732353 0.411765 0.733333 0.407843
1 0.521569 0.370588 0.517647 0.376471 0.517647 0.384314 0.525490 0.389216 0.530392 0.388235 0.536275 0.382353 0.538235 0.375490 0.530392 0.370588
1 0.718627 0.374510 0.715686 0.380392 0.717647 0.386275 0.723529 0.393137 0.732353 0.393137 0.738235 0.386275 0.736275 0.378431 0.724510 0.373529
1 0.425490 0.261765 0.423529 0.258824 0.417647 0.258824 0.391176 0.265686 0.388235 0.274510 0.396078 0.281373 0.412745 0.282353 0.419608 0.280392
1 0.352941 0.790196 0.350000 0.785294 0.343137 0.784314 0.338235 0.786275 0.331373 0.793137 0.332353 0.798039 0.340196 0.799020 0.349020 0.798039 0.352941 0.795098
1 0.240196 0.621569 0.241176 0.635294 0.244118 0.641176 0.250980 0.647059 0.284314 0.657843 0.295098 0.658824 0.304902 0.654902 0.303922 0.649020 0.294118 0.645098 0.281373 0.636275 0.271569 0.624510 0.254902 0.622549 0.249020 0.616667 0.245098 0.616667
1 0.424510 0.466667 0.424510 0.473529 0.430392 0.477451 0.435294 0.478431 0.442157 0.473529 0.442157 0.468627 0.434314 0.462745 0.429412 0.462745
