2 0.522222 0.441975 0.509259 0.449383 0.503704 0.458025 0.500000 0.492593 0.525000 0.538272 0.532407 0.544444 0.546296 0.543210 0.556481 0.535802 0.561111 0.525926 0.555556 0.467901 0.547222 0.451852 0.537963 0.441975
2 0.505556 0.795062 0.500926 0.804938 0.499074 0.817284 0.504630 0.823457 0.508333 0.833333 0.517593 0.837037 0.529630 0.846914 0.539815 0.850617 0.543519 0.849383 0.544444 0.843210 0.539815 0.817284 0.530556 0.786420 0.523148 0.783951
2 0.532407 0.676543 0.531481 0.717284 0.527778 0.730864 0.527778 0.758025 0.531481 0.783951 0.539815 0.814815 0.550926 0.874074 0.560185 0.890123 0.570370 0.893827 0.585185 0.881481 0.598148 0.864198 0.601852 0.850617 0.600926 0.839506 0.594444 0.824691 0.586111 0.786420 0.580556 0.776543 0.576852 0.761728 0.562037 0.734568 0.545370 0.676543
2 0.467593 0.786420 0.462963 0.787654 0.451852 0.800000 0.446296 0.811111 0.439815 0.840741 0.438889 0.871605 0.441667 0.880247 0.450926 0.888889 0.459259 0.890123 0.464815 0.887654 0.475926 0.876543 0.487963 0.834568 0.483333 0.802469 0.475000 0.791358
2 0.522222 0.767901 0.515741 0.751852 0.507407 0.751852 0.487963 0.765432 0.474074 0.770370 0.471296 0.779012 0.462963 0.787654 0.470370 0.788889 0.477778 0.796296 0.482407 0.797531 0.497222 0.796296 0.514815 0.788889 0.521296 0.779012
2 0.688889 0.458025 0.687963 0.465432 0.691667 0.475309 0.702778 0.490123 0.718519 0.500000 0.749074 0.503704 0.752778 0.498765 0.751852 0.493827 0.755556 0.495062 0.760185 0.487654 0.756481 0.470370 0.757407 0.465432 0.753704 0.459259 0.743519 0.456790 0.733333 0.443210 0.725000 0.439506 0.713889 0.440741 0.697222 0.448148
2 0.618519 0.302469 0.603704 0.313580 0.587963 0.334568 0.587037 0.341975 0.624074 0.367901 0.625926 0.356790 0.621296 0.333333 0.625926 0.319753 0.625926 0.309877 0.623148 0.303704
2 0.664815 0.388889 0.661111 0.392593 0.660185 0.414815 0.665741 0.469136 0.671296 0.487654 0.675000 0.511111 0.687963 0.534568 0.697222 0.544444 0.704630 0.545679 0.716667 0.530864 0.718519 0.519753 0.717593 0.501235 0.708333 0.496296 0.690741 0.472840 0.687963 0.465432 0.687963 0.458025 0.695370 0.448148 0.695370 0.438272 0.687963 0.419753 0.686111 0.407407 0.676852 0.391358
2 0.764815 0.516049 0.761111 0.513580 0.751852 0.514815 0.738889 0.529630 0.728704 0.535802 0.697222 0.571605 0.686111 0.587654 0.683333 0.601235 0.686111 0.612346 0.687037 0.638272 0.692593 0.649383 0.701852 0.648148 0.733333 0.616049 0.743519 0.601235 0.771296 0.577778 0.779630 0.565432 0.784259 0.553086 0.783333 0.539506
2 0.648148 0.348148 0.641667 0.356790 0.638889 0.377778 0.634259 0.385185 0.625926 0.409877 0.623148 0.434568 0.617593 0.451852 0.615741 0.465432 0.617593 0.519753 0.625926 0.580247 0.632407 0.602469 0.657407 0.653086 0.662963 0.659259 0.667593 0.670370 0.673148 0.677778 0.675926 0.677778 0.685185 0.669136 0.687963 0.645679 0.658333 0.412346 0.658333 0.367901 0.654630 0.350617
2 0.575926 0.544444 0.569444 0.541975 0.558333 0.543210 0.537963 0.550617 0.527778 0.560494 0.522222 0.575309 0.521296 0.598765 0.525000 0.630864 0.531481 0.646914 0.546296 0.648148 0.553704 0.643210 0.593519 0.601235 0.600000 0.585185 0.600000 0.580247 0.592593 0.564198
2 0.267593 0.460494 0.260185 0.475309 0.262037 0.498765 0.281481 0.551852 0.282407 0.559259 0.292593 0.581481 0.298148 0.588889 0.312963 0.587654 0.316667 0.590123 0.326852 0.607407 0.331481 0.620988 0.345370 0.639506 0.384259 0.651852 0.387963 0.640741 0.390741 0.577778 0.389815 0.556790 0.387037 0.548148 0.386111 0.519753 0.349074 0.469136 0.333333 0.454321 0.313889 0.449383 0.298148 0.449383 0.281481 0.453086
2 0.395370 0.564198 0.391667 0.582716 0.387963 0.698765 0.394444 0.718519 0.407407 0.724691 0.416667 0.723457 0.423148 0.718519 0.430556 0.676543 0.434259 0.619753 0.432407 0.570370 0.414815 0.571605
2 0.446296 0.544444 0.438889 0.561728 0.436111 0.579012 0.437037 0.635802 0.440741 0.662963 0.463889 0.748148 0.475926 0.766667 0.490741 0.765432 0.504630 0.753086 0.514815 0.749383 0.515741 0.744444 0.504630 0.720988 0.499074 0.691358 0.477778 0.614815 0.472222 0.586420 0.455556 0.548148 0.451852 0.544444
2 0.339815 0.723457 0.344444 0.761728 0.351852 0.774074 0.358333 0.777778 0.390741 0.785185 0.412963 0.786420 0.440741 0.796296 0.452778 0.795062 0.465741 0.783951 0.471296 0.783951 0.473148 0.779012 0.473148 0.767901 0.462963 0.749383 0.459259 0.737037 0.450926 0.728395 0.431481 0.725926 0.403704 0.727160 0.377778 0.719753 0.344444 0.719753
2 0.626852 0.602469 0.622222 0.627160 0.613889 0.651852 0.594444 0.679012 0.593519 0.700000 0.600926 0.745679 0.609259 0.767901 0.611111 0.786420 0.624074 0.814815 0.623148 0.827160 0.625000 0.841975 0.628704 0.843210 0.638889 0.832099 0.644444 0.813580 0.647222 0.788889 0.646296 0.743210 0.650926 0.718519 0.648148 0.706173 0.650000 0.700000 0.644444 0.690123 0.639815 0.667901 0.635185 0.628395 0.637037 0.619753 0.632407 0.606173
2 0.614815 0.516049 0.607407 0.520988 0.594444 0.539506 0.593519 0.553086 0.595370 0.561728 0.600000 0.565432 0.602778 0.577778 0.600926 0.587654 0.589815 0.606173 0.560185 0.638272 0.559259 0.646914 0.562963 0.655556 0.575000 0.670370 0.587037 0.676543 0.596296 0.676543 0.612037 0.655556 0.623148 0.624691 0.627778 0.602469 0.623148 0.559259 0.617593 0.533333 0.616667 0.518519
2 0.555556 0.661728 0.552778 0.666667 0.551852 0.683951 0.556481 0.709877 0.565741 0.739506 0.576852 0.758025 0.593519 0.796296 0.597222 0.812346 0.600926 0.819753 0.606481 0.823457 0.602778 0.824691 0.605556 0.832099 0.608333 0.833333 0.609259 0.828395 0.614815 0.825926 0.622222 0.827160 0.624074 0.820988 0.622222 0.806173 0.613889 0.793827 0.611111 0.783951 0.608333 0.761728 0.596296 0.724691 0.590741 0.688889 0.587963 0.683951 0.565741 0.666667 0.561111 0.660494
2 0.477778 0.596296 0.476852 0.607407 0.480556 0.612346 0.481481 0.624691 0.499074 0.690123 0.501852 0.709877 0.509259 0.730864 0.518519 0.739506 0.521296 0.735802 0.526852 0.712346 0.526852 0.683951 0.525000 0.672840 0.513889 0.646914 0.501852 0.632099 0.494444 0.614815 0.481481 0.596296
2 0.674074 0.511111 0.674074 0.529630 0.675926 0.533333 0.675000 0.538272 0.680556 0.577778 0.686111 0.581481 0.701852 0.561728 0.701852 0.555556
2 0.700000 0.646914 0.692593 0.653086 0.690741 0.665432 0.684259 0.679012 0.684259 0.688889 0.687963 0.696296 0.693519 0.700000 0.711111 0.703704 0.716667 0.700000 0.719444 0.693827 0.718519 0.680247 0.710185 0.654321 0.704630 0.648148
2 0.638889 0.623457 0.637963 0.640741 0.639815 0.644444 0.640741 0.667901 0.645370 0.685185 0.652778 0.700000 0.663889 0.700000 0.671296 0.690123 0.671296 0.677778 0.645370 0.628395
2 0.400926 0.788889 0.401852 0.795062 0.437963 0.837037 0.441667 0.835802 0.446296 0.814815 0.446296 0.802469 0.443519 0.798765 0.418519 0.788889 0.405556 0.786420
2 0.371296 0.283951 0.368519 0.282716 0.360185 0.291358 0.341667 0.327160 0.324074 0.351852 0.296296 0.376543 0.282407 0.392593 0.269444 0.417284 0.266667 0.435802 0.269444 0.440741 0.287963 0.435802 0.310185 0.422222 0.322222 0.407407 0.343519 0.390123 0.356481 0.375309 0.360185 0.366667 0.387037 0.328395 0.387963 0.318519 0.376852 0.300000
2 0.325926 0.638272 0.329630 0.671605 0.333333 0.683951 0.337037 0.688889 0.354630 0.696296 0.362037 0.702469 0.372222 0.704938 0.375926 0.709877 0.386111 0.709877 0.387963 0.675309 0.386111 0.660494 0.383333 0.656790 0.365741 0.646914 0.345370 0.641975 0.337963 0.637037
2 0.649074 0.261728 0.645370 0.274074 0.645370 0.280247 0.657407 0.302469 0.678704 0.327160 0.694444 0.351852 0.711111 0.390123 0.716667 0.397531 0.733333 0.438272 0.745370 0.451852 0.751852 0.451852 0.753704 0.455556 0.763889 0.454321 0.766667 0.440741 0.763889 0.423457 0.755556 0.409877 0.752778 0.392593 0.746296 0.375309 0.702778 0.306173 0.684259 0.282716 0.676852 0.279012 0.663889 0.265432 0.659259 0.265432 0.654630 0.260494
2 0.644444 0.255556 0.638889 0.250617 0.623148 0.249383 0.608333 0.258025 0.594444 0.261728 0.562963 0.285185 0.550926 0.297531 0.539815 0.316049 0.537037 0.330864 0.539815 0.334568 0.561111 0.339506 0.576852 0.339506 0.587963 0.332099 0.619444 0.295062 0.637037 0.288889 0.640741 0.285185 0.645370 0.274074
2 0.512037 0.259259 0.510185 0.264198 0.515741 0.283951 0.521296 0.322222 0.524074 0.327160 0.529630 0.327160 0.535185 0.319753 0.536111 0.308642 0.524074 0.283951 0.521296 0.269136 0.514815 0.259259
2 0.467593 0.254321 0.462963 0.254321 0.455556 0.259259 0.450926 0.274074 0.446296 0.277778 0.442593 0.286420 0.436111 0.338272 0.423148 0.385185 0.412963 0.440741 0.407407 0.460494 0.404630 0.486420 0.391667 0.524691 0.391667 0.556790 0.399074 0.567901 0.407407 0.572840 0.428704 0.575309 0.433333 0.570370 0.439815 0.554321 0.457407 0.485185 0.461111 0.459259 0.462963 0.416049 0.466667 0.392593 0.471296 0.377778 0.479630 0.307407 0.476852 0.264198
2 0.466667 0.216049 0.467593 0.233333 0.485185 0.246914 0.508333 0.253086 0.521296 0.260494 0.531481 0.260494 0.538889 0.256790 0.556481 0.240741 0.561111 0.233333 0.561111 0.228395 0.556481 0.223457 0.506481 0.203704 0.492593 0.202469 0.477778 0.206173 0.469444 0.211111
2 0.503704 0.148148 0.497222 0.149383 0.476852 0.182716 0.465741 0.207407 0.465741 0.217284 0.467593 0.217284 0.469444 0.211111 0.477778 0.206173 0.492593 0.202469 0.503704 0.203704 0.507407 0.201235 0.508333 0.164198 0.506481 0.151852
2 0.598148 0.155556 0.594444 0.153086 0.587037 0.154321 0.576852 0.160494 0.571296 0.167901 0.562963 0.197531 0.560185 0.216049 0.564815 0.225926 0.573148 0.224691 0.597222 0.204938 0.600926 0.186420 0.600926 0.169136
2 0.637037 0.197531 0.626852 0.186420 0.617593 0.186420 0.600000 0.200000 0.583333 0.217284 0.572222 0.223457 0.538889 0.258025 0.531481 0.262963 0.525000 0.275309 0.525000 0.281481 0.532407 0.302469 0.541667 0.308642 0.566667 0.282716 0.636111 0.225926 0.641667 0.214815 0.641667 0.208642
2 0.395370 0.228395 0.398148 0.240741 0.409259 0.256790 0.437963 0.272840 0.446296 0.270370 0.457407 0.251852 0.465741 0.245679 0.464815 0.235802 0.456481 0.223457 0.438889 0.211111 0.434259 0.211111 0.419444 0.220988 0.400000 0.224691
2 0.489815 0.253086 0.486111 0.255556 0.487963 0.260494 0.484259 0.276543 0.485185 0.286420 0.483333 0.290123 0.480556 0.327160 0.489815 0.365432 0.496296 0.419753 0.499074 0.428395 0.507407 0.437037 0.527778 0.437037 0.534259 0.425926 0.529630 0.370370 0.520370 0.333333 0.522222 0.318519 0.518519 0.288889 0.515741 0.283951 0.515741 0.277778 0.506481 0.258025 0.502778 0.254321
2 0.477778 0.339506 0.473148 0.349383 0.470370 0.377778 0.462963 0.416049 0.461111 0.433333 0.462963 0.467901 0.473148 0.481481 0.484259 0.488889 0.490741 0.488889 0.499074 0.477778 0.499074 0.446914 0.490741 0.383951 0.482407 0.346914
2 0.437963 0.285185 0.430556 0.290123 0.414815 0.329630 0.415741 0.345679 0.426852 0.361728 0.431481 0.358025 0.436111 0.341975 0.441667 0.290123
2 0.368519 0.259259 0.365741 0.265432 0.365741 0.271605 0.383333 0.311111 0.395370 0.327160 0.410185 0.338272 0.414815 0.338272 0.424074 0.308642 0.438889 0.286420 0.439815 0.279012 0.426852 0.267901 0.405556 0.258025 0.381481 0.255556
2 0.390741 0.334568 0.377778 0.344444 0.361111 0.366667 0.359259 0.382716 0.360185 0.387654 0.367593 0.393827 0.368519 0.401235 0.375926 0.418519 0.390741 0.439506 0.395370 0.450617 0.402778 0.459259 0.408333 0.456790 0.409259 0.448148 0.414815 0.435802 0.425926 0.370370 0.421296 0.358025 0.409259 0.340741
2 0.314815 0.416049 0.312037 0.425926 0.317593 0.435802 0.355556 0.475309 0.383333 0.514815 0.387963 0.518519 0.393519 0.514815 0.401852 0.491358 0.403704 0.469136 0.370370 0.407407 0.357407 0.396296 0.343519 0.393827 0.322222 0.407407
2 0.458333 0.486420 0.447222 0.528395 0.449074 0.537037 0.459259 0.553086 0.469444 0.575309 0.493519 0.612346 0.502778 0.633333 0.517593 0.654321 0.526852 0.655556 0.529630 0.649383 0.526852 0.644444 0.521296 0.600000 0.521296 0.582716 0.529630 0.554321 0.529630 0.548148 0.514815 0.519753 0.499074 0.500000 0.486111 0.497531 0.474074 0.486420
2 0.592593 0.377778 0.587963 0.379012 0.562963 0.417284 0.559259 0.427160 0.557407 0.448148 0.557407 0.483951 0.561111 0.514815 0.568519 0.532099 0.583333 0.539506 0.592593 0.539506 0.601852 0.528395 0.608333 0.513580 0.612963 0.482716 0.610185 0.433333
2 0.533333 0.340741 0.531481 0.349383 0.533333 0.365432 0.541667 0.379012 0.556481 0.392593 0.570370 0.398765 0.576852 0.395062 0.587963 0.380247 0.591667 0.379012 0.602778 0.403704 0.623148 0.404938 0.625000 0.402469 0.626852 0.393827 0.625000 0.374074 0.623148 0.367901 0.615741 0.360494 0.575000 0.340741 0.554630 0.338272
2 0.657407 0.307407 0.649074 0.317284 0.646296 0.332099 0.656481 0.346914 0.664815 0.374074 0.684259 0.400000 0.692593 0.422222 0.708333 0.437037 0.723148 0.435802 0.725000 0.432099 0.724074 0.423457 0.720370 0.416049 0.716667 0.395062 0.708333 0.383951 0.699074 0.358025 0.669444 0.314815 0.662037 0.307407
