0 0.365942 0.051995 0.326087 0.053204 0.283816 0.067715 0.269324 0.077388 0.252415 0.095526 0.241546 0.114873 0.237923 0.126965 0.237923 0.168077 0.241546 0.186215 0.250000 0.205562 0.265700 0.232164 0.277778 0.244256 0.289855 0.252721 0.315217 0.263603 0.350242 0.264813 0.391304 0.243047 0.405797 0.238210 0.413043 0.233374 0.425121 0.217654 0.438406 0.188634 0.444444 0.155985 0.443237 0.126965 0.428744 0.093108 0.415459 0.078597 0.394928 0.062878 0.381643 0.055623
0 0.498792 0.673519 0.479469 0.662636 0.462560 0.661427 0.460145 0.659008 0.444444 0.663845 0.439614 0.668682 0.443237 0.674728 0.439614 0.679565 0.434783 0.679565 0.432367 0.684401 0.433575 0.689238 0.417874 0.698912 0.385266 0.731560 0.382850 0.737606 0.374396 0.743652 0.335749 0.788392 0.328502 0.792019 0.315217 0.806530 0.315217 0.811366 0.352657 0.824667 0.367150 0.825877 0.371981 0.823458 0.427536 0.766626 0.431159 0.759371 0.438406 0.755744 0.448068 0.738815 0.490338 0.698912 0.503623 0.692866 0.504831 0.689238 0.500000 0.683192
0 0.522947 0.752116 0.492754 0.779927 0.434783 0.842805 0.428744 0.852479 0.426329 0.865780 0.433575 0.874244 0.446860 0.875453 0.493961 0.896010 0.514493 0.899637 0.533816 0.906892 0.542271 0.903265 0.557971 0.885127 0.561594 0.869407 0.561594 0.839178 0.559179 0.813785 0.551932 0.784764 0.533816 0.754534
0 0.446860 0.511487 0.438406 0.501814 0.428744 0.498186 0.427536 0.494559 0.416667 0.488513 0.400966 0.492140 0.396135 0.500605 0.385266 0.501814 0.380435 0.511487 0.376812 0.512696 0.374396 0.509069 0.369565 0.509069 0.367150 0.513906 0.373188 0.513906 0.375604 0.517533 0.373188 0.528416 0.361111 0.530834 0.356280 0.527207 0.338164 0.542926 0.334541 0.550181 0.285024 0.599758 0.276570 0.604595 0.272947 0.611850 0.212560 0.671100 0.201691 0.685611 0.202899 0.697703 0.239130 0.720677 0.251208 0.718259 0.342995 0.622733 0.375604 0.580411 0.396135 0.561064 0.404589 0.547763 0.413043 0.539299 0.444444 0.518742
0 0.507246 0.692866 0.485507 0.702539 0.449275 0.737606 0.435990 0.761790 0.407005 0.795647 0.387681 0.825877 0.374396 0.839178 0.376812 0.847642 0.408213 0.856106 0.421498 0.856106 0.460145 0.819831 0.514493 0.758162 0.530193 0.748489 0.530193 0.736397
0 0.393720 0.474002 0.376812 0.461911 0.364734 0.461911 0.356280 0.477630 0.339372 0.487304 0.318841 0.504232 0.297101 0.515115 0.246377 0.555018 0.219807 0.571947 0.208937 0.586457 0.202899 0.587666 0.181159 0.608222 0.177536 0.615478 0.173913 0.615478 0.169082 0.622733 0.158213 0.628779 0.149758 0.642080 0.142512 0.663845 0.153382 0.684401 0.177536 0.701330 0.189614 0.701330 0.198068 0.694075 0.200483 0.685611 0.210145 0.673519 0.263285 0.622733 0.266908 0.625151 0.277778 0.623942 0.278986 0.614268 0.291063 0.597340 0.299517 0.592503 0.323671 0.563482 0.330918 0.562273 0.336957 0.556227 0.341787 0.558646 0.342995 0.548972 0.351449 0.541717 0.352657 0.545345 0.356280 0.545345 0.361111 0.538089 0.369565 0.536880 0.369565 0.533253 0.373188 0.534462 0.376812 0.524788 0.382850 0.522370 0.384058 0.517533 0.387681 0.517533 0.390097 0.521161 0.391304 0.538089 0.400966 0.540508 0.403382 0.533253 0.398551 0.521161 0.396135 0.503023 0.402174 0.499395 0.404589 0.488513
0 0.458937 0.548972 0.450483 0.541717 0.438406 0.545345 0.433575 0.550181 0.400966 0.564692 0.387681 0.579202 0.368357 0.593712 0.266908 0.703748 0.264493 0.709794 0.242754 0.726723 0.239130 0.735187 0.240338 0.747279 0.243961 0.750907 0.263285 0.750907 0.266908 0.764208 0.270531 0.764208 0.269324 0.759371 0.271739 0.756953 0.275362 0.760580 0.272947 0.765417 0.285024 0.765417 0.280193 0.755744 0.282609 0.750907 0.286232 0.750907 0.288647 0.753325 0.288647 0.764208 0.295894 0.765417 0.294686 0.754534 0.299517 0.747279 0.350242 0.697703 0.382850 0.657799 0.417874 0.626360 0.434783 0.617896 0.448068 0.602177 0.468599 0.590085 0.472222 0.577993 0.467391 0.562273
0 0.330918 0.478839 0.321256 0.474002 0.286232 0.470375 0.278986 0.465538 0.276570 0.454655 0.274155 0.453446 0.271739 0.460701 0.268116 0.458283 0.259662 0.459492 0.253623 0.471584 0.239130 0.483676 0.214976 0.496977 0.193237 0.518742 0.170290 0.529625 0.124396 0.577993 0.117150 0.592503 0.111111 0.610641 0.108696 0.633615 0.109903 0.667473 0.112319 0.674728 0.119565 0.679565 0.142512 0.674728 0.142512 0.657799 0.144928 0.650544 0.155797 0.638452 0.155797 0.634825 0.216184 0.574365 0.294686 0.517533 0.310386 0.511487 0.327295 0.499395 0.334541 0.490931 0.334541 0.483676 0.329710 0.481258
0 0.467391 0.607013 0.460145 0.600967 0.455314 0.600967 0.435990 0.619105 0.422705 0.623942 0.409420 0.633615 0.382850 0.659008 0.350242 0.697703 0.312802 0.731560 0.281401 0.769045 0.268116 0.778718 0.266908 0.787183 0.305556 0.807739 0.311594 0.808948 0.318841 0.805320 0.405797 0.713422 0.428744 0.691657 0.437198 0.686820 0.440821 0.669891 0.448068 0.662636 0.460145 0.656590 0.467391 0.659008 0.474638 0.650544 0.483092 0.651753 0.486715 0.640871 0.485507 0.629988 0.471014 0.619105
2 0.556763 0.281741 0.547101 0.291415 0.537440 0.315599 0.531401 0.321644 0.515700 0.401451 0.514493 0.420798 0.502415 0.460701 0.501208 0.493349 0.508454 0.552600 0.521739 0.588875 0.542271 0.627570 0.549517 0.648126 0.564010 0.709794 0.566425 0.733978 0.572464 0.749698 0.600242 0.784764 0.621981 0.795647 0.667874 0.804111 0.694444 0.802902 0.705314 0.795647 0.742754 0.756953 0.751208 0.737606 0.757246 0.702539 0.756039 0.652963 0.751208 0.644498 0.748792 0.631197 0.742754 0.622733 0.740338 0.607013 0.734300 0.598549 0.719807 0.503023 0.711353 0.470375 0.710145 0.451028 0.706522 0.446191 0.701691 0.418380 0.696860 0.408706 0.695652 0.386941 0.692029 0.377267 0.694444 0.372430 0.690821 0.367594 0.692029 0.360339 0.694444 0.359129 0.692029 0.353083 0.694444 0.340992 0.688406 0.333736 0.690821 0.328900 0.679952 0.316808 0.678744 0.310762 0.653382 0.301088 0.628019 0.274486 0.601449 0.273277
2 0.805556 0.195889 0.785024 0.204353 0.751208 0.211608 0.723430 0.237001 0.712560 0.243047 0.704106 0.251511 0.692029 0.270859 0.682367 0.292624 0.682367 0.301088 0.700483 0.330109 0.704106 0.402660 0.717391 0.466747 0.719807 0.494559 0.723430 0.503023 0.735507 0.573156 0.759662 0.659008 0.765700 0.671100 0.804348 0.724305 0.817633 0.735187 0.834541 0.735187 0.857488 0.731560 0.874396 0.725514 0.899758 0.659008 0.908213 0.646917 0.915459 0.577993 0.915459 0.481258 0.923913 0.460701 0.932367 0.448609 0.935990 0.434099 0.933575 0.423216 0.917874 0.394196 0.859903 0.252721 0.835749 0.224909 0.822464 0.204353 0.815217 0.197098
0 0.280193 0.451028 0.271739 0.446191 0.225845 0.455865 0.170290 0.451028 0.150966 0.459492 0.142512 0.469166 0.132850 0.492140 0.129227 0.513906 0.129227 0.541717 0.121981 0.568319 0.123188 0.580411 0.130435 0.579202 0.154589 0.555018 0.155797 0.550181 0.166667 0.538089 0.196860 0.518742 0.224638 0.493349 0.246377 0.482467 0.254831 0.472793 0.271739 0.465538 0.276570 0.466747 0.280193 0.461911
0 0.421498 0.237001 0.393720 0.244256 0.364734 0.262394 0.347826 0.267231 0.336957 0.278114 0.328502 0.291415 0.323671 0.308343 0.326087 0.315599 0.324879 0.376058 0.328502 0.389359 0.336957 0.403869 0.361111 0.428053 0.397343 0.436518 0.438406 0.437727 0.468599 0.429262 0.481884 0.420798 0.500000 0.403869 0.515700 0.374849 0.516908 0.361548 0.522947 0.345828 0.522947 0.321644 0.515700 0.290206 0.507246 0.275695 0.491546 0.258767 0.451691 0.238210
0 0.179952 0.241838 0.159420 0.251511 0.140097 0.267231 0.124396 0.288996 0.117150 0.305925 0.109903 0.343410 0.109903 0.361548 0.117150 0.389359 0.131643 0.411125 0.149758 0.428053 0.189614 0.448609 0.211353 0.453446 0.227053 0.453446 0.254831 0.447400 0.288647 0.428053 0.303140 0.412334 0.311594 0.396614 0.321256 0.367594 0.320048 0.313180 0.304348 0.282950 0.298309 0.279323 0.288647 0.266022 0.269324 0.251511 0.251208 0.243047 0.225845 0.238210 0.201691 0.238210
0 0.543478 0.059250 0.524155 0.058041 0.508454 0.060459 0.487923 0.067715 0.469807 0.078597 0.454106 0.101572 0.445652 0.125756 0.446860 0.146312 0.440821 0.197098 0.443237 0.217654 0.454106 0.233374 0.463768 0.241838 0.496377 0.257557 0.510870 0.261185 0.545894 0.258767 0.571256 0.249093 0.584541 0.240629 0.612319 0.210399 0.626812 0.171705 0.624396 0.137848 0.600242 0.089480 0.577295 0.071342 0.562802 0.064087
