1 0.617500 0.570000 0.615000 0.575000 0.617500 0.593333 0.622500 0.601667 0.631250 0.600000 0.637500 0.590000 0.635000 0.581667 0.627500 0.571667
1 0.387500 0.688333 0.375000 0.676667 0.342500 0.683333 0.335000 0.690000 0.335000 0.698333 0.337500 0.701667 0.383750 0.696667 0.387500 0.693333
0 0.671250 0.171667 0.648750 0.136667 0.640000 0.135000 0.595000 0.158333 0.588750 0.168333 0.577500 0.175000 0.573750 0.195000 0.581250 0.206667 0.598750 0.215000 0.611250 0.233333 0.627500 0.240000 0.637500 0.240000 0.646250 0.235000 0.665000 0.213333 0.665000 0.186667 0.671250 0.176667
1 0.505000 0.480000 0.505000 0.496667 0.515000 0.508333 0.521250 0.508333 0.522500 0.491667
1 0.446250 0.380000 0.445000 0.390000 0.453750 0.405000 0.482500 0.421667 0.493750 0.436667 0.521250 0.440000 0.513750 0.423333 0.503750 0.421667 0.493750 0.408333 0.485000 0.405000 0.460000 0.375000 0.451250 0.373333
0 0.443750 0.756667 0.437500 0.756667 0.432500 0.763333 0.421250 0.766667 0.420000 0.776667 0.423750 0.788333 0.435000 0.790000 0.442500 0.781667 0.447500 0.770000
0 0.525000 0.503333 0.526250 0.510000 0.532500 0.515000 0.546250 0.516667 0.553750 0.508333 0.555000 0.500000 0.547500 0.493333 0.531250 0.491667
0 0.462500 0.473333 0.443750 0.493333 0.442500 0.510000 0.462500 0.528333 0.468750 0.528333 0.475000 0.510000 0.478750 0.506667 0.475000 0.481667 0.468750 0.473333
0 0.382500 0.548333 0.372500 0.548333 0.368750 0.561667 0.377500 0.576667 0.385000 0.580000 0.391250 0.588333 0.391250 0.593333 0.396250 0.588333 0.398750 0.600000 0.402500 0.603333 0.391250 0.618333 0.383750 0.610000 0.378750 0.610000 0.375000 0.618333 0.365000 0.611667 0.356250 0.611667 0.350000 0.630000 0.343750 0.636667 0.347500 0.645000 0.356250 0.646667 0.366250 0.656667 0.375000 0.676667 0.385000 0.690000 0.380000 0.696667 0.382500 0.701667 0.376250 0.710000 0.376250 0.716667 0.383750 0.720000 0.391250 0.733333 0.400000 0.736667 0.405000 0.745000 0.403750 0.748333 0.396250 0.748333 0.385000 0.755000 0.382500 0.750000 0.373750 0.751667 0.371250 0.765000 0.365000 0.773333 0.365000 0.781667 0.370000 0.786667 0.373750 0.786667 0.378750 0.778333 0.417500 0.751667 0.431250 0.748333 0.447500 0.736667 0.460000 0.736667 0.476250 0.728333 0.482500 0.713333 0.482500 0.700000 0.468750 0.650000 0.453750 0.621667 0.435000 0.596667 0.421250 0.595000 0.395000 0.556667
0 0.657500 0.223333 0.653750 0.233333 0.650000 0.233333 0.640000 0.243333 0.638750 0.255000 0.631250 0.266667 0.641250 0.300000 0.637500 0.311667 0.628750 0.311667 0.627500 0.315000 0.650000 0.346667 0.657500 0.375000 0.662500 0.375000 0.668750 0.381667 0.672500 0.395000 0.685000 0.408333 0.688750 0.426667 0.708750 0.458333 0.717500 0.486667 0.718750 0.510000 0.722500 0.513333 0.745000 0.513333 0.751250 0.508333 0.763750 0.510000 0.762500 0.513333 0.751250 0.515000 0.741250 0.530000 0.736250 0.531667 0.747500 0.541667 0.748750 0.536667 0.772500 0.523333 0.781250 0.508333 0.786250 0.485000 0.786250 0.468333 0.781250 0.448333 0.781250 0.406667 0.775000 0.376667 0.763750 0.345000 0.732500 0.303333 0.723750 0.300000 0.708750 0.283333 0.697500 0.276667 0.687500 0.265000 0.678750 0.245000 0.662500 0.223333
1 0.535000 0.120000 0.516250 0.121667 0.482500 0.135000 0.477500 0.140000 0.476250 0.151667 0.492500 0.156667 0.511250 0.148333 0.518750 0.140000 0.528750 0.138333 0.535000 0.126667
1 0.343750 0.590000 0.337500 0.598333 0.338750 0.656667 0.331250 0.656667 0.328750 0.663333 0.333750 0.670000 0.332500 0.681667 0.336250 0.688333 0.346250 0.688333 0.350000 0.685000 0.356250 0.688333 0.350000 0.695000 0.336250 0.691667 0.338750 0.720000 0.336250 0.733333 0.347500 0.753333 0.356250 0.778333 0.362500 0.780000 0.367500 0.760000 0.365000 0.701667 0.375000 0.698333 0.381250 0.688333 0.377500 0.691667 0.375000 0.688333 0.376250 0.681667 0.361250 0.670000 0.366250 0.666667 0.365000 0.655000 0.343750 0.643333 0.351250 0.628333 0.351250 0.596667 0.347500 0.590000
1 0.378750 0.576667 0.376250 0.580000 0.376250 0.590000 0.383750 0.621667 0.388750 0.626667 0.397500 0.615000 0.397500 0.596667 0.387500 0.580000
1 0.315000 0.666667 0.301250 0.676667 0.297500 0.693333 0.302500 0.713333 0.313750 0.726667 0.322500 0.726667 0.327500 0.721667 0.325000 0.705000 0.328750 0.683333 0.323750 0.670000
1 0.390000 0.356667 0.390000 0.365000 0.397500 0.375000 0.417500 0.390000 0.433750 0.413333 0.432500 0.416667 0.423750 0.416667 0.415000 0.410000 0.412500 0.415000 0.412500 0.426667 0.415000 0.430000 0.431250 0.436667 0.457500 0.440000 0.461250 0.445000 0.466250 0.445000 0.478750 0.460000 0.487500 0.460000 0.483750 0.438333 0.458750 0.415000 0.455000 0.406667 0.426250 0.376667 0.426250 0.353333 0.423750 0.348333 0.392500 0.353333
1 0.558750 0.370000 0.563750 0.405000 0.588750 0.465000 0.595000 0.473333 0.601250 0.473333 0.611250 0.480000 0.613750 0.453333 0.602500 0.408333 0.582500 0.383333
1 0.507500 0.306667 0.500000 0.315000 0.487500 0.361667 0.476250 0.381667 0.475000 0.390000 0.492500 0.411667 0.520000 0.430000 0.533750 0.450000 0.547500 0.463333 0.547500 0.478333 0.552500 0.476667 0.562500 0.498333 0.568750 0.500000 0.570000 0.493333 0.562500 0.463333 0.572500 0.456667 0.573750 0.446667 0.563750 0.426667 0.553750 0.395000 0.560000 0.368333 0.552500 0.358333 0.546250 0.325000 0.541250 0.315000 0.523750 0.308333 0.517500 0.316667 0.515000 0.310000
1 0.457500 0.623333 0.458750 0.631667 0.470000 0.655000 0.488750 0.671667 0.498750 0.686667 0.498750 0.708333 0.501250 0.713333 0.521250 0.723333 0.532500 0.735000 0.547500 0.735000 0.548750 0.721667 0.542500 0.701667 0.521250 0.668333 0.475000 0.630000
1 0.587500 0.253333 0.578750 0.263333 0.582500 0.310000 0.590000 0.335000 0.636250 0.436667 0.656250 0.468333 0.666250 0.476667 0.672500 0.476667 0.687500 0.466667 0.696250 0.451667 0.696250 0.445000 0.672500 0.426667 0.658750 0.401667 0.651250 0.370000 0.642500 0.355000 0.637500 0.338333 0.602500 0.278333 0.593750 0.255000
1 0.456250 0.233333 0.453750 0.221667 0.446250 0.211667 0.440000 0.210000 0.427500 0.220000 0.417500 0.245000 0.386250 0.278333 0.358750 0.283333 0.343750 0.280000 0.336250 0.268333 0.337500 0.263333 0.346250 0.253333 0.362500 0.246667 0.378750 0.230000 0.398750 0.201667 0.403750 0.186667 0.403750 0.171667 0.401250 0.161667 0.392500 0.155000 0.348750 0.211667 0.333750 0.226667 0.317500 0.238333 0.298750 0.243333 0.293750 0.248333 0.288750 0.260000 0.288750 0.278333 0.292500 0.281667 0.308750 0.280000 0.340000 0.311667 0.370000 0.318333 0.397500 0.306667 0.436250 0.278333 0.452500 0.256667
1 0.436250 0.160000 0.437500 0.188333 0.441250 0.203333 0.452500 0.218333 0.463750 0.241667 0.491250 0.263333 0.520000 0.273333 0.532500 0.273333 0.572500 0.261667 0.585000 0.251667 0.582500 0.238333 0.570000 0.228333 0.502500 0.195000 0.487500 0.185000 0.482500 0.176667 0.456250 0.163333 0.450000 0.155000 0.438750 0.155000
0 0.471250 0.268333 0.437500 0.281667 0.407500 0.301667 0.402500 0.308333 0.392500 0.313333 0.386250 0.330000 0.381250 0.336667 0.370000 0.341667 0.353750 0.375000 0.343750 0.408333 0.338750 0.438333 0.337500 0.460000 0.342500 0.486667 0.343750 0.525000 0.346250 0.531667 0.352500 0.535000 0.352500 0.546667 0.358750 0.550000 0.363750 0.558333 0.367500 0.558333 0.371250 0.566667 0.373750 0.563333 0.367500 0.558333 0.371250 0.555000 0.370000 0.550000 0.377500 0.541667 0.387500 0.545000 0.393750 0.551667 0.407500 0.575000 0.417500 0.575000 0.425000 0.565000 0.437500 0.565000 0.438750 0.573333 0.436250 0.576667 0.421250 0.578333 0.423750 0.588333 0.433750 0.588333 0.463750 0.623333 0.480000 0.631667 0.485000 0.640000 0.496250 0.641667 0.507500 0.655000 0.517500 0.658333 0.531250 0.656667 0.548750 0.641667 0.560000 0.640000 0.576250 0.630000 0.590000 0.616667 0.592500 0.598333 0.608750 0.581667 0.612500 0.551667 0.623750 0.535000 0.623750 0.516667 0.612500 0.508333 0.608750 0.491667 0.613750 0.490000 0.626250 0.500000 0.637500 0.498333 0.640000 0.490000 0.640000 0.468333 0.633750 0.453333 0.627500 0.446667 0.628750 0.441667 0.623750 0.413333 0.610000 0.388333 0.600000 0.361667 0.595000 0.356667 0.593750 0.345000 0.580000 0.328333 0.575000 0.316667 0.565000 0.310000 0.560000 0.300000 0.540000 0.285000 0.518750 0.280000 0.513750 0.273333 0.498750 0.268333
0 0.300000 0.545000 0.290000 0.548333 0.283750 0.560000 0.286250 0.581667 0.283750 0.595000 0.292500 0.623333 0.307500 0.630000 0.313750 0.623333 0.316250 0.610000 0.325000 0.593333 0.327500 0.573333 0.320000 0.566667 0.318750 0.556667 0.312500 0.548333
0 0.540000 0.116667 0.527500 0.146667 0.518750 0.145000 0.517500 0.150000 0.531250 0.181667 0.557500 0.211667 0.558750 0.195000 0.555000 0.176667 0.557500 0.160000 0.562500 0.148333 0.562500 0.135000 0.560000 0.131667 0.548750 0.135000 0.543750 0.125000 0.545000 0.118333
1 0.726250 0.650000 0.727500 0.663333 0.741250 0.683333 0.752500 0.685000 0.755000 0.681667 0.756250 0.663333 0.750000 0.643333 0.746250 0.641667
1 0.751250 0.630000 0.746250 0.626667 0.731250 0.626667 0.713750 0.633333 0.698750 0.651667 0.698750 0.658333 0.748750 0.641667
1 0.507500 0.148333 0.500000 0.153333 0.493750 0.163333 0.505000 0.176667 0.511250 0.176667 0.518750 0.171667 0.521250 0.161667 0.513750 0.148333
