2 0.373698 0.185222 0.370443 0.188717 0.372396 0.193210 0.379557 0.201198 0.404297 0.217673 0.415365 0.222167 0.422526 0.227159 0.427083 0.228657 0.434896 0.229156 0.445312 0.237644 0.447266 0.241138 0.453776 0.246630 0.458984 0.249626 0.471354 0.254119 0.474609 0.254119 0.477865 0.256615 0.481771 0.257614 0.491536 0.265102 0.498698 0.268098 0.498698 0.275587 0.501302 0.278083 0.509115 0.280080 0.511068 0.279581 0.513672 0.275087 0.512370 0.272092 0.513021 0.260110 0.509115 0.252122 0.501953 0.246131 0.498047 0.235647 0.492839 0.233150 0.474609 0.219171 0.471354 0.218173 0.451172 0.202197 0.443359 0.197204 0.439453 0.196206 0.434896 0.192212 0.404948 0.183225 0.386719 0.181228 0.380859 0.181727
0 0.445312 0.595107 0.438802 0.593610 0.421224 0.597604 0.404297 0.597604 0.400391 0.596605 0.391276 0.597604 0.382812 0.603595 0.380208 0.607089 0.375000 0.609086 0.371745 0.614578 0.368490 0.614578 0.364583 0.617574 0.360677 0.617574 0.356771 0.623065 0.343099 0.625062 0.337891 0.627559 0.328125 0.635047 0.326172 0.638043 0.321615 0.639541 0.315104 0.645532 0.311198 0.655517 0.302734 0.662007 0.296224 0.671992 0.296875 0.696455 0.294922 0.716925 0.289062 0.726910 0.281901 0.730404 0.273438 0.747878 0.266927 0.750874 0.263021 0.754368 0.260417 0.754368 0.255859 0.758862 0.251953 0.759361 0.250651 0.760859 0.250000 0.767848 0.248047 0.771343 0.248047 0.779830 0.251302 0.783824 0.251302 0.791812 0.257812 0.799301 0.259115 0.807289 0.263672 0.810285 0.280599 0.811283 0.287109 0.812781 0.294922 0.812781 0.303385 0.811283 0.313151 0.807289 0.317057 0.803794 0.335938 0.799301 0.350911 0.787818 0.360677 0.783824 0.367188 0.778832 0.382812 0.779331 0.389974 0.776835 0.416016 0.763355 0.421224 0.757863 0.434245 0.748377 0.439453 0.737394 0.442708 0.733899 0.446615 0.732401 0.453125 0.731902 0.458984 0.727908 0.459635 0.694958 0.462891 0.682976 0.462891 0.658013 0.460938 0.647529 0.463542 0.618572 0.458984 0.607589 0.451823 0.599601
2 0.423828 0.233150 0.420573 0.238642 0.421875 0.244633 0.438802 0.264104 0.445964 0.270095 0.478516 0.292062 0.498047 0.302047 0.502604 0.308038 0.510417 0.309036 0.513672 0.307539 0.516927 0.302546 0.516276 0.292561 0.513672 0.283575 0.509766 0.280579 0.505208 0.279581 0.490885 0.273090 0.482422 0.266101 0.478516 0.265102 0.472005 0.261108 0.467448 0.255617 0.453125 0.245632 0.443359 0.235647 0.436198 0.230654 0.430990 0.229656
2 0.462240 0.458313 0.458984 0.459311 0.455729 0.462806 0.450521 0.477783 0.448568 0.490764 0.451823 0.497753 0.451823 0.501747 0.462240 0.505741 0.479167 0.505242 0.483073 0.504244 0.498047 0.495756 0.505859 0.486770 0.507161 0.477783 0.505208 0.475786 0.492839 0.472791 0.479167 0.464304 0.469401 0.462806
2 0.494792 0.442336 0.485677 0.451323 0.481120 0.463305 0.492188 0.472292 0.501302 0.474788 0.505208 0.474788 0.522135 0.463305 0.522786 0.458313 0.520833 0.454818 0.511719 0.445831 0.505208 0.442836
2 0.517578 0.413879 0.509766 0.415876 0.492839 0.427359 0.490234 0.431852 0.490234 0.436845 0.493490 0.440839 0.504557 0.442336 0.512370 0.445332 0.515625 0.443834 0.518229 0.435846 0.518880 0.415377
2 0.478516 0.505741 0.460286 0.505741 0.453125 0.503245 0.449219 0.503245 0.445964 0.504743 0.431641 0.527708 0.415365 0.559661 0.416016 0.565652 0.421224 0.567649 0.424479 0.567649 0.434245 0.561658 0.455729 0.535197 0.468750 0.522217 0.470703 0.518223 0.475260 0.515227 0.478516 0.510235
0 0.205729 0.613080 0.197266 0.615077 0.185547 0.622566 0.174479 0.627059 0.165365 0.634548 0.160807 0.646031 0.150391 0.658512 0.147135 0.668497 0.130859 0.680479 0.123698 0.682976 0.115234 0.688967 0.107422 0.704443 0.106771 0.713430 0.108073 0.716925 0.111979 0.719920 0.123698 0.722916 0.129557 0.727908 0.134115 0.740889 0.141927 0.755866 0.141276 0.762856 0.136719 0.771343 0.136719 0.778832 0.140625 0.786820 0.142578 0.795307 0.149089 0.804294 0.152344 0.807289 0.157552 0.809286 0.190104 0.807788 0.200521 0.808787 0.208984 0.812282 0.214844 0.816775 0.235677 0.843734 0.239583 0.844234 0.245443 0.842237 0.248047 0.836246 0.250000 0.825262 0.246745 0.822766 0.244792 0.818273 0.253255 0.807289 0.248698 0.794309 0.238932 0.789815 0.238281 0.786820 0.240885 0.780330 0.240885 0.775337 0.247396 0.762856 0.259115 0.748877 0.259766 0.745382 0.265625 0.740889 0.266927 0.737394 0.268880 0.735896 0.272786 0.735397 0.279948 0.729905 0.289062 0.718922 0.289714 0.708937 0.296875 0.693460 0.296224 0.685971 0.292318 0.677983 0.292969 0.672491 0.296875 0.663005 0.296224 0.638542 0.292969 0.631053 0.291667 0.622067 0.286458 0.618073 0.280599 0.617074 0.258464 0.617074 0.245443 0.619071
2 0.454427 0.277084 0.454427 0.280080 0.458333 0.282077 0.463542 0.291563 0.469401 0.311533 0.477214 0.329006 0.483073 0.331503 0.490885 0.332002 0.493490 0.331003 0.498698 0.325512 0.501953 0.319521 0.507161 0.315027 0.508464 0.310035 0.462891 0.280080
2 0.513672 0.407389 0.508464 0.406390 0.473958 0.408387 0.468750 0.411882 0.462240 0.418872 0.455729 0.431852 0.455078 0.441837 0.462240 0.453320 0.470703 0.461308 0.477865 0.461308 0.479818 0.460310 0.483073 0.454319 0.490885 0.428857 0.496745 0.419870 0.506510 0.413380 0.510417 0.413879 0.513021 0.411882
2 0.518229 0.309536 0.509766 0.312032 0.500651 0.321518 0.498047 0.330005 0.492839 0.336495 0.490885 0.341987 0.487630 0.344983 0.483073 0.353969 0.483073 0.356965 0.477865 0.361458 0.477214 0.365452 0.470703 0.376935 0.467448 0.402896 0.468750 0.405891 0.470703 0.406890 0.490234 0.406890 0.501302 0.403894 0.508464 0.399900 0.516276 0.397404 0.520833 0.391413 0.525391 0.366950 0.525391 0.349476 0.521484 0.318023
