0 0.739008 0.454668 0.736753 0.455571 0.735626 0.460081 0.739572 0.467298 0.743517 0.471358 0.744645 0.482183 0.747463 0.489851 0.748591 0.501579 0.759865 0.507442 0.767193 0.507894 0.771702 0.504285 0.774521 0.497970 0.780158 0.490302 0.782413 0.479928 0.781285 0.473162 0.777903 0.470005 0.766629 0.468200 0.757046 0.458277 0.750282 0.454217
0 0.269448 0.437528 0.264374 0.430762 0.257610 0.428958 0.250846 0.428958 0.236753 0.435273 0.231116 0.440235 0.220406 0.442039 0.211950 0.444745 0.200113 0.453766 0.195603 0.455571 0.193348 0.459630 0.189402 0.457826 0.186020 0.461434 0.180947 0.461885 0.177001 0.465945 0.174183 0.465494 0.174183 0.470907 0.180947 0.476319 0.209696 0.476319 0.216460 0.474966 0.220970 0.472711 0.232244 0.471358 0.240135 0.469102 0.253100 0.460532 0.260428 0.457375 0.272266 0.454217 0.273957 0.451962 0.273957 0.447452
0 0.229989 0.430762 0.224352 0.428056 0.218715 0.423545 0.207441 0.419937 0.200676 0.420839 0.187711 0.431213 0.185457 0.434822 0.180383 0.437979 0.176437 0.446549 0.177565 0.455120 0.182074 0.458277 0.201804 0.451511 0.213078 0.443843 0.229989 0.437528 0.232244 0.435724
0 0.118940 0.318448 0.116122 0.326116 0.103720 0.334235 0.100338 0.337844 0.100902 0.341001 0.098647 0.347316 0.099211 0.353180 0.102029 0.357240 0.118940 0.370320 0.145434 0.370320 0.150507 0.366261 0.158963 0.361750 0.162345 0.361750 0.165727 0.359044 0.166855 0.353631 0.171928 0.348669 0.175310 0.342806 0.175310 0.337393 0.153890 0.321606 0.137542 0.320704 0.124014 0.317095
0 0.385006 0.706360 0.381623 0.691475 0.372604 0.681552 0.369222 0.680650 0.352311 0.681101 0.344983 0.682003 0.326381 0.687415 0.314543 0.687866 0.312289 0.686964 0.306088 0.686964 0.302142 0.688318 0.294250 0.692828 0.288613 0.693730 0.282413 0.696888 0.279030 0.704105 0.279030 0.709968 0.280722 0.713126 0.298196 0.717185 0.317362 0.715381 0.323563 0.716734 0.338782 0.716734 0.342728 0.718539 0.354002 0.720794 0.374295 0.720343 0.382187 0.717636 0.385006 0.712675
0 0.192785 0.696888 0.186020 0.703654 0.178129 0.705007 0.163472 0.718539 0.157835 0.719892 0.155581 0.722598 0.155581 0.726207 0.156708 0.728462 0.166291 0.736581 0.180383 0.745602 0.186584 0.752368 0.192221 0.762291 0.196167 0.764096 0.201240 0.764096 0.206877 0.760487 0.210259 0.755074 0.215896 0.750564 0.222097 0.748309 0.229425 0.742445 0.236189 0.741092 0.241263 0.736581 0.241263 0.732070 0.238444 0.728913 0.236753 0.721245 0.240699 0.715832 0.240699 0.712224 0.229425 0.704556 0.223224 0.702751 0.217024 0.699143 0.204059 0.699143 0.196731 0.696888
0 0.246336 0.649526 0.244081 0.651331 0.239572 0.658999 0.238444 0.669373 0.248027 0.686513 0.267756 0.686062 0.279594 0.688318 0.285795 0.690573 0.291432 0.690122 0.296505 0.687866 0.298196 0.681552 0.301578 0.675688 0.301578 0.668471 0.295941 0.650429 0.286922 0.644114 0.271139 0.643212 0.257046 0.645016
0 0.164600 0.669824 0.163472 0.675688 0.166291 0.682454 0.166291 0.686964 0.161781 0.695535 0.161781 0.698241 0.165727 0.700496 0.175310 0.700496 0.188839 0.695986 0.196731 0.695083 0.215896 0.695083 0.228298 0.692377 0.233371 0.689671 0.233371 0.684258 0.229989 0.677492 0.229425 0.673433 0.223788 0.665765 0.215333 0.663960 0.208568 0.664411 0.200676 0.663960 0.197294 0.662607 0.192221 0.663058 0.188839 0.662156 0.184329 0.663058 0.180947 0.662156 0.169673 0.665313
0 0.118940 0.653135 0.116685 0.656292 0.110485 0.658999 0.107666 0.663058 0.096392 0.672982 0.095829 0.674786 0.100902 0.674786 0.103157 0.672982 0.105411 0.673433 0.110485 0.691024 0.118377 0.699143 0.136415 0.705458 0.154453 0.702751 0.156708 0.700947 0.165163 0.686062 0.165163 0.682003 0.160090 0.672982 0.156144 0.669824 0.153326 0.664862 0.147125 0.658999 0.135851 0.654488 0.129087 0.656292 0.127396 0.653135
0 0.047914 0.597654 0.039459 0.606676 0.036640 0.616148 0.043968 0.628327 0.047914 0.632837 0.055242 0.637348 0.060316 0.644565 0.065389 0.649075 0.067644 0.654037 0.071026 0.655841 0.079481 0.657194 0.094701 0.656743 0.100902 0.657645 0.103720 0.656743 0.110485 0.650880 0.108230 0.641858 0.104284 0.639603 0.107103 0.629680 0.106539 0.622914 0.100338 0.613893 0.089628 0.603969 0.080609 0.600361 0.069899 0.593595 0.065953 0.592693 0.056933 0.593144
0 0.237317 0.586829 0.230552 0.585927 0.222097 0.588633 0.204622 0.588182 0.197294 0.590438 0.192785 0.594948 0.189966 0.606676 0.185457 0.614344 0.182074 0.617501 0.179820 0.622914 0.180383 0.627424 0.187148 0.634190 0.188839 0.638701 0.188275 0.643212 0.190530 0.644565 0.198985 0.645016 0.204622 0.642760 0.210823 0.642309 0.219278 0.636446 0.220970 0.633739 0.223224 0.635544 0.224915 0.635092 0.223224 0.630582 0.236189 0.616148 0.241826 0.607127 0.242390 0.594948 0.240135 0.588633
0 0.038895 0.517817 0.037768 0.524132 0.038331 0.530447 0.036640 0.534055 0.040586 0.539919 0.047351 0.542174 0.053551 0.542174 0.069899 0.544880 0.074408 0.546685 0.078354 0.546685 0.099775 0.539919 0.105975 0.539017 0.112176 0.539468 0.119504 0.538115 0.122886 0.534957 0.122886 0.532702 0.118377 0.528642 0.116122 0.522327 0.111612 0.516464 0.105975 0.513757 0.090755 0.501579 0.074972 0.502481 0.055806 0.500677 0.041150 0.513757
0 0.042277 0.435724 0.018038 0.439783 0.014092 0.442039 0.011274 0.446098 0.012965 0.451962 0.016911 0.453766 0.018038 0.455571 0.013529 0.460983 0.006201 0.463239 0.003946 0.468651 0.002818 0.476770 0.000000 0.478575 0.000000 0.510149 0.005637 0.514659 0.014656 0.516464 0.030440 0.514208 0.040586 0.508796 0.046223 0.506991 0.050169 0.502481 0.051297 0.494362 0.048478 0.489400 0.045660 0.479026 0.045660 0.457826 0.043405 0.449707 0.044532 0.437979
0 0.203495 0.523230 0.201240 0.517817 0.198422 0.516013 0.194476 0.515111 0.186584 0.515562 0.184893 0.514208 0.184893 0.505638 0.182074 0.502030 0.176437 0.499774 0.172492 0.499774 0.134724 0.510149 0.132469 0.515562 0.132469 0.521425 0.130214 0.523681 0.125705 0.524583 0.125141 0.526838 0.126832 0.529995 0.130778 0.529995 0.135287 0.532702 0.137542 0.536761 0.142616 0.540821 0.148253 0.541272 0.157835 0.539017 0.183202 0.537212 0.186584 0.536310 0.189402 0.534055 0.193912 0.534055 0.200676 0.531800 0.202931 0.529995
0 0.313980 0.498872 0.306088 0.503834 0.302142 0.512404 0.303833 0.520072 0.307779 0.525936 0.309470 0.536761 0.312289 0.544429 0.319617 0.552548 0.323563 0.555255 0.334837 0.555706 0.346110 0.553902 0.352875 0.548489 0.360767 0.544880 0.364713 0.535408 0.364149 0.530898 0.355130 0.516915 0.344983 0.507894 0.341601 0.500677 0.338782 0.498421 0.329200 0.497068
0 0.430101 0.361750 0.431793 0.373027 0.435738 0.377537 0.439121 0.384754 0.443630 0.389716 0.454340 0.397835 0.458286 0.399188 0.466742 0.399188 0.474070 0.397835 0.483653 0.393775 0.489853 0.389265 0.490981 0.382950 0.488162 0.377537 0.471251 0.367614 0.467306 0.363554 0.459977 0.359495 0.447576 0.357240 0.443630 0.359044 0.439121 0.358593
0 0.264374 0.321155 0.248591 0.322508 0.247463 0.324763 0.235062 0.326116 0.229425 0.328372 0.227170 0.330627 0.224352 0.350474 0.220970 0.356788 0.217587 0.360397 0.214205 0.373027 0.211950 0.377086 0.212514 0.381597 0.220970 0.394226 0.224352 0.394226 0.231680 0.391069 0.249718 0.377537 0.252537 0.373478 0.253664 0.366261 0.256483 0.361299 0.279594 0.341452 0.280158 0.337844 0.279030 0.333784 0.276212 0.329725 0.270011 0.327018
0 0.207441 0.400541 0.198985 0.396031 0.180383 0.395129 0.177565 0.396482 0.173055 0.395580 0.164036 0.399188 0.157835 0.400090 0.153326 0.403248 0.150507 0.403248 0.145998 0.405503 0.140924 0.406405 0.134160 0.411367 0.133033 0.414073 0.134160 0.423996 0.141488 0.433018 0.149380 0.437979 0.162345 0.438881 0.177565 0.437979 0.186020 0.432115 0.190530 0.425801 0.193348 0.424447 0.198422 0.416328 0.204059 0.413171 0.208568 0.408660 0.208568 0.402797
0 0.068207 0.458728 0.067080 0.464592 0.071590 0.476770 0.074972 0.481732 0.080609 0.485792 0.093010 0.490753 0.099211 0.490753 0.107666 0.488047 0.112176 0.484438 0.131342 0.480379 0.134724 0.477673 0.135287 0.473613 0.130778 0.470005 0.127396 0.469102 0.120631 0.464141 0.112176 0.461885 0.106539 0.455571 0.104284 0.451060 0.093574 0.445196 0.088501 0.443843 0.079481 0.445196 0.076099 0.451060
0 0.407554 0.497519 0.402480 0.505638 0.399662 0.516013 0.391206 0.533153 0.391206 0.541272 0.410372 0.557961 0.414318 0.559765 0.419391 0.559765 0.425028 0.557510 0.428974 0.553451 0.430665 0.544429 0.436302 0.534957 0.436866 0.528191 0.430665 0.518719 0.430101 0.507894 0.431229 0.501579 0.417700 0.497519
0 0.466742 0.480379 0.461105 0.480830 0.451522 0.483987 0.445321 0.491204 0.438557 0.496617 0.431793 0.505638 0.430665 0.509247 0.431793 0.518719 0.438557 0.528191 0.447012 0.533604 0.458850 0.534506 0.466178 0.530898 0.470124 0.525936 0.475197 0.522327 0.487035 0.506540 0.487035 0.501579 0.483089 0.492558 0.474634 0.484889 0.470688 0.483536
0 0.667418 0.526387 0.657835 0.526387 0.653326 0.529093 0.649944 0.529544 0.646561 0.545783 0.639233 0.551195 0.633596 0.552548 0.625705 0.557059 0.621195 0.571944 0.618377 0.575553 0.616122 0.581416 0.616122 0.585025 0.618940 0.589084 0.625141 0.592693 0.630778 0.593595 0.635851 0.595850 0.639233 0.599008 0.641488 0.603969 0.645998 0.607127 0.651071 0.608480 0.657835 0.608029 0.674746 0.600361 0.682074 0.595850 0.694476 0.592693 0.697294 0.588633 0.696167 0.573748 0.689402 0.558863 0.687711 0.548489 0.683202 0.536761 0.679820 0.532251 0.673055 0.530447
0 0.695039 0.505638 0.695039 0.509247 0.699549 0.515562 0.705750 0.529544 0.711950 0.533153 0.724915 0.537664 0.733935 0.543076 0.743517 0.544880 0.755919 0.543527 0.766065 0.537212 0.771702 0.529995 0.772830 0.526387 0.772266 0.516464 0.767756 0.514659 0.761556 0.510149 0.753100 0.506991 0.743517 0.501579 0.732244 0.499774 0.715333 0.500677 0.705750 0.503834 0.696167 0.504736
0 0.813980 0.637799 0.811161 0.640505 0.802142 0.654939 0.793687 0.658548 0.790868 0.661254 0.791432 0.662607 0.794250 0.663058 0.797069 0.665313 0.798760 0.671177 0.802706 0.675237 0.806088 0.682905 0.812852 0.687866 0.822999 0.691926 0.848365 0.695083 0.861894 0.693730 0.864713 0.692377 0.870913 0.686062 0.872041 0.681101 0.868095 0.677041 0.858512 0.659450 0.851184 0.654488 0.837655 0.640054 0.833145 0.638250 0.823563 0.637348
0 0.760428 0.698692 0.752537 0.696437 0.748591 0.693279 0.740135 0.690573 0.732807 0.690122 0.728298 0.691475 0.726043 0.693279 0.720970 0.700947 0.719278 0.709066 0.718715 0.732521 0.720970 0.737483 0.729989 0.737483 0.736753 0.734326 0.752537 0.729815 0.768884 0.720794 0.771139 0.717185 0.771139 0.713126 0.766065 0.703203
0 0.861894 0.599008 0.857384 0.593595 0.845547 0.592693 0.833709 0.599008 0.825254 0.601714 0.816798 0.601714 0.811161 0.599459 0.802142 0.599008 0.789741 0.602616 0.786359 0.605323 0.781285 0.605774 0.779594 0.608029 0.775085 0.606225 0.773393 0.608029 0.771139 0.608480 0.763811 0.603969 0.759865 0.603969 0.755919 0.606225 0.751973 0.606676 0.747463 0.609382 0.736753 0.612088 0.729425 0.617050 0.719278 0.626522 0.717587 0.630131 0.713641 0.634190 0.711387 0.638701 0.711387 0.642309 0.715333 0.645918 0.719842 0.652684 0.723224 0.655390 0.728861 0.656743 0.738444 0.657645 0.750282 0.656743 0.779030 0.657194 0.798196 0.653135 0.803833 0.650429 0.808906 0.640505 0.812289 0.637799 0.817926 0.636446 0.825254 0.637799 0.834273 0.637799 0.838219 0.635995 0.842165 0.631935 0.852311 0.627424 0.856821 0.622914 0.858512 0.618403 0.863585 0.611186 0.863585 0.605323
0 0.657835 0.412269 0.654453 0.414975 0.653326 0.418584 0.653326 0.434371 0.656144 0.447903 0.658399 0.451962 0.665163 0.456473 0.671928 0.458277 0.683202 0.458277 0.698985 0.451962 0.702931 0.447000 0.703495 0.437979 0.701240 0.428507 0.697858 0.421741 0.689966 0.419486 0.686020 0.417230 0.677565 0.415426 0.674746 0.413622 0.669673 0.413622 0.666291 0.412269
0 0.579481 0.428056 0.576663 0.431213 0.575536 0.434822 0.572153 0.437077 0.570462 0.440235 0.568771 0.447903 0.571026 0.454668 0.580045 0.462788 0.583427 0.464141 0.597520 0.465043 0.607666 0.463239 0.610485 0.460081 0.613867 0.450609 0.613867 0.439783 0.610485 0.433920 0.607103 0.430762 0.596956 0.426703 0.587373 0.426252
0 0.522548 0.423094 0.523675 0.428507 0.529876 0.431213 0.537204 0.433018 0.542277 0.432115 0.551860 0.432567 0.557497 0.434371 0.564825 0.438430 0.568771 0.437979 0.571590 0.435724 0.573844 0.429409 0.573281 0.423996 0.569335 0.419937 0.567644 0.415877 0.556933 0.409562 0.543405 0.405954 0.537204 0.407307 0.532694 0.410916
0 0.329763 0.589084 0.324126 0.594046 0.320180 0.603067 0.320180 0.611186 0.322999 0.615697 0.328072 0.620659 0.337091 0.624718 0.348929 0.627876 0.354002 0.626522 0.356821 0.624267 0.357948 0.621561 0.361330 0.600812 0.361330 0.595399 0.359076 0.590889 0.355130 0.587731 0.351184 0.586829 0.338219 0.587280
0 0.286922 0.505638 0.279594 0.505638 0.278467 0.506540 0.273957 0.516013 0.274521 0.528642 0.263811 0.547587 0.266065 0.559765 0.273393 0.577357 0.277903 0.580965 0.280158 0.580965 0.285231 0.576906 0.287486 0.572846 0.288613 0.564276 0.291995 0.553902 0.292559 0.543076 0.295941 0.533153 0.295941 0.516915 0.294814 0.512855 0.292559 0.509247
0 0.361330 0.406856 0.358512 0.414073 0.358512 0.422192 0.360767 0.424899 0.388388 0.434371 0.392897 0.437077 0.412063 0.438881 0.419955 0.432567 0.422210 0.424447 0.421082 0.421741 0.417700 0.419486 0.410936 0.411367 0.406426 0.410014 0.394025 0.403248 0.388388 0.400992 0.380496 0.401443 0.368095 0.400090
0 0.144307 0.556157 0.131905 0.563825 0.127396 0.571042 0.126832 0.578710 0.129651 0.586829 0.134160 0.593595 0.138106 0.593595 0.148253 0.602165 0.157835 0.607578 0.162345 0.608931 0.171364 0.608931 0.178129 0.604420 0.186584 0.589986 0.187711 0.579612 0.183202 0.572395 0.177565 0.567885 0.166291 0.562923 0.158963 0.562021 0.153326 0.557059 0.147689 0.555706
0 0.153890 0.548940 0.149944 0.546685 0.143743 0.545783 0.138106 0.541272 0.134160 0.539919 0.122322 0.539017 0.113303 0.540370 0.102593 0.540370 0.091319 0.544880 0.077790 0.547587 0.069899 0.556608 0.067644 0.565178 0.070462 0.569238 0.076099 0.571493 0.098083 0.570591 0.112740 0.572846 0.123450 0.572846 0.126268 0.565629 0.131905 0.562021 0.137542 0.555706 0.150507 0.553000
0 0.341601 0.446098 0.337091 0.448805 0.333145 0.457826 0.332018 0.471358 0.338219 0.483987 0.343292 0.490302 0.344419 0.503834 0.352875 0.513306 0.357948 0.516915 0.366404 0.517817 0.379369 0.514659 0.387260 0.510600 0.402480 0.499323 0.403608 0.493460 0.401353 0.489851 0.396280 0.486243 0.387260 0.485792 0.385006 0.487145 0.383315 0.486694 0.381623 0.483987 0.379932 0.473613 0.373732 0.463690 0.357384 0.447903 0.346674 0.445647
0 0.234498 0.477221 0.229989 0.474515 0.225479 0.475417 0.220970 0.474966 0.217587 0.476770 0.205750 0.479928 0.192221 0.478575 0.182074 0.480830 0.172492 0.485341 0.172492 0.494813 0.174183 0.497068 0.180383 0.500226 0.185457 0.501128 0.189966 0.503383 0.197858 0.503834 0.201240 0.501579 0.209132 0.499323 0.212514 0.492558 0.220970 0.483987 0.232807 0.480379
0 0.186020 0.634641 0.179256 0.631033 0.177001 0.627876 0.173055 0.627424 0.168546 0.629229 0.165727 0.629229 0.161218 0.632386 0.152762 0.634190 0.139797 0.640505 0.134724 0.641858 0.129651 0.645918 0.129651 0.647271 0.140924 0.655390 0.152198 0.659450 0.157835 0.658999 0.162345 0.656743 0.170800 0.648624 0.178129 0.645918 0.181511 0.645918 0.186020 0.643212
0 0.401917 0.231845 0.399662 0.231394 0.393461 0.232747 0.387824 0.235453 0.383878 0.235453 0.376550 0.238611 0.370349 0.242670 0.366967 0.247181 0.361894 0.251240 0.359639 0.255751 0.356257 0.258457 0.352875 0.259359 0.345547 0.265223 0.344419 0.267028 0.344983 0.272891 0.356257 0.281912 0.360203 0.288227 0.364149 0.290934 0.369222 0.290483 0.377114 0.285972 0.385569 0.283266 0.397971 0.281461 0.416573 0.265223 0.417136 0.259359 0.409808 0.248985 0.405299 0.235002
0 0.526494 0.525936 0.525930 0.529093 0.530440 0.534506 0.532131 0.540821 0.535513 0.543076 0.538895 0.543076 0.545096 0.540821 0.547914 0.543076 0.559188 0.545783 0.579481 0.546234 0.587937 0.544880 0.595265 0.550744 0.597520 0.551195 0.603720 0.549842 0.607666 0.543978 0.608794 0.538115 0.608230 0.531800 0.604848 0.525485 0.602593 0.524583 0.592446 0.525485 0.589064 0.523681 0.585682 0.523681 0.581172 0.525485 0.569899 0.524583 0.560879 0.525485 0.551860 0.525034 0.549042 0.525936 0.543405 0.524132 0.532694 0.523681 0.528185 0.524583
0 0.508455 0.521425 0.506201 0.519170 0.499436 0.516464 0.485344 0.516464 0.466742 0.532702 0.462232 0.538566 0.462232 0.542174 0.468433 0.545332 0.474070 0.546234 0.491545 0.546234 0.502818 0.543978 0.506764 0.541272 0.510147 0.527289
0 0.405862 0.556608 0.399662 0.553000 0.394025 0.547587 0.391206 0.546685 0.382751 0.546234 0.374295 0.547587 0.362458 0.546685 0.352311 0.551195 0.346674 0.555706 0.346674 0.560217 0.353439 0.568787 0.363585 0.571042 0.368095 0.569689 0.381623 0.560668 0.385006 0.559765 0.394589 0.560217 0.404735 0.563825 0.405862 0.562021
0 0.333145 0.439783 0.328072 0.438430 0.321871 0.438881 0.306652 0.451060 0.303833 0.454668 0.303833 0.462788 0.308343 0.468651 0.316234 0.470005 0.325254 0.470005 0.329200 0.468200 0.335964 0.445647 0.335964 0.442941
0 0.493799 0.666216 0.494363 0.670275 0.496618 0.673433 0.497745 0.681101 0.505637 0.686964 0.512401 0.690573 0.516911 0.691475 0.532131 0.690573 0.537768 0.689220 0.541714 0.686513 0.543405 0.682454 0.542277 0.678845 0.543405 0.668922 0.540586 0.666667 0.541150 0.664862 0.549042 0.664862 0.550733 0.666216 0.546787 0.668922 0.546787 0.670275 0.551297 0.671177 0.556933 0.674335 0.559752 0.682905 0.564825 0.686062 0.571026 0.686062 0.576663 0.683807 0.585682 0.674786 0.586809 0.670726 0.584555 0.665313 0.576663 0.657194 0.560879 0.653586 0.547351 0.653586 0.542841 0.655841 0.540586 0.659450 0.538895 0.656743 0.529876 0.650429 0.518602 0.648624 0.513529 0.649977 0.505637 0.655841 0.502255 0.656743
0 0.638106 0.611186 0.629651 0.609382 0.618377 0.609382 0.613303 0.610284 0.609357 0.612991 0.593574 0.635092 0.594138 0.642760 0.598647 0.647271 0.602029 0.648173 0.607666 0.647271 0.617249 0.635995 0.623450 0.631935 0.626832 0.626973 0.639233 0.619305 0.640361 0.614344
0 0.704059 0.533153 0.700676 0.534506 0.695603 0.542174 0.692785 0.552548 0.692785 0.557059 0.696167 0.566982 0.705186 0.571944 0.709696 0.571944 0.717024 0.561119 0.719842 0.551195 0.724352 0.544880 0.724352 0.540370 0.709132 0.533604
0 0.706877 0.421741 0.704059 0.423094 0.702931 0.426703 0.705750 0.448805 0.709132 0.452864 0.724352 0.454217 0.737880 0.436626 0.738444 0.431664 0.736753 0.429409 0.718151 0.422192 0.713641 0.421290
0 0.630778 0.431213 0.621759 0.431213 0.618940 0.432115 0.616685 0.434371 0.616122 0.449256 0.613867 0.457826 0.613867 0.463239 0.617813 0.465945 0.624014 0.466396 0.630778 0.464141 0.636979 0.460081 0.640361 0.455120 0.639233 0.438430 0.636979 0.434822
0 0.768320 0.372124 0.764374 0.370320 0.759865 0.371673 0.756483 0.375733 0.740135 0.388363 0.732807 0.391069 0.723224 0.392873 0.716460 0.396933 0.702931 0.400090 0.701804 0.401894 0.701804 0.407307 0.703495 0.414073 0.706313 0.417682 0.711950 0.420839 0.719842 0.422192 0.745209 0.422643 0.750846 0.418133 0.763247 0.414524 0.769448 0.408660 0.771139 0.405052 0.773957 0.387461 0.773393 0.377988
0 0.819617 0.484889 0.807779 0.477673 0.801578 0.475868 0.790868 0.474966 0.786359 0.477221 0.782976 0.481281 0.780158 0.492558 0.782413 0.510600 0.786922 0.509698 0.789741 0.506540 0.797069 0.502030 0.809470 0.498872 0.817926 0.494813 0.820180 0.491655
0 0.540586 0.443392 0.536077 0.447452 0.534949 0.451962 0.544532 0.455571 0.552424 0.463239 0.556933 0.469553 0.568207 0.472711 0.574408 0.472260 0.578918 0.467298 0.578918 0.463690 0.577227 0.460983 0.571590 0.456473 0.565953 0.445647 0.559752 0.442039 0.547351 0.442039
0 0.534386 0.439332 0.528185 0.434371 0.512401 0.433018 0.502255 0.436626 0.498873 0.444745 0.497745 0.445647 0.494363 0.445647 0.487035 0.442039 0.482525 0.436626 0.476325 0.435724 0.470688 0.436175 0.466742 0.440686 0.461105 0.444294 0.455468 0.445647 0.450958 0.445196 0.445321 0.453766 0.439121 0.455571 0.434611 0.458277 0.424464 0.460532 0.422773 0.461885 0.422210 0.466396 0.427283 0.470456 0.442503 0.473162 0.450395 0.477221 0.469560 0.476319 0.478579 0.478575 0.482525 0.478124 0.487599 0.470005 0.497745 0.464141 0.501691 0.460532 0.512965 0.456022 0.518038 0.452864 0.529876 0.450158 0.533822 0.444294
1 0.625705 0.415426 0.625141 0.417682 0.626832 0.421741 0.632469 0.428507 0.638670 0.433469 0.640924 0.437528 0.645998 0.439332 0.650507 0.437528 0.652198 0.434822 0.652198 0.423545 0.649944 0.414975 0.647125 0.412720 0.641488 0.412269
0 0.593574 0.473162 0.587937 0.474966 0.585118 0.477673 0.585682 0.483085 0.590192 0.491204 0.588501 0.501579 0.595265 0.514208 0.598083 0.516464 0.601466 0.516464 0.604848 0.514208 0.609357 0.506540 0.609921 0.501579 0.612740 0.494813 0.612740 0.484438 0.610485 0.479477 0.605411 0.475417 0.599775 0.473162
0 0.625141 0.470005 0.625141 0.471358 0.627396 0.472711 0.638670 0.473162 0.653326 0.478575 0.662345 0.483085 0.674746 0.484438 0.680383 0.488498 0.688275 0.490753 0.692221 0.497519 0.696167 0.500226 0.701804 0.500226 0.705750 0.498421 0.715896 0.498872 0.719842 0.497970 0.724915 0.494813 0.719842 0.487145 0.716460 0.478575 0.705750 0.473162 0.702931 0.469102 0.696731 0.464592 0.690530 0.464592 0.677565 0.460532 0.661218 0.460983 0.652762 0.458728 0.646561 0.458728 0.635287 0.463239
0 0.158399 0.485341 0.145998 0.479026 0.140924 0.478575 0.130778 0.483536 0.126268 0.483536 0.118377 0.486243 0.111048 0.493460 0.112740 0.504736 0.116685 0.506540 0.127396 0.507442 0.132469 0.506089 0.142616 0.501128 0.147689 0.500226 0.156708 0.493460 0.158963 0.489851
0 0.354566 0.419035 0.350620 0.415877 0.332582 0.408209 0.321871 0.408209 0.312852 0.414975 0.310034 0.420839 0.307779 0.422643 0.297632 0.425350 0.293687 0.428056 0.281849 0.432115 0.277903 0.436175 0.275085 0.436626 0.273393 0.438430 0.274521 0.446098 0.279594 0.452864 0.286922 0.454668 0.294814 0.453315 0.306088 0.449256 0.320180 0.437528 0.328636 0.437077 0.337091 0.439332 0.341601 0.438881 0.346110 0.436626 0.354002 0.428958 0.355693 0.425350
0 0.298760 0.415426 0.294814 0.413171 0.286922 0.411367 0.278467 0.411367 0.262683 0.416779 0.254228 0.423094 0.254228 0.425350 0.256483 0.427605 0.263811 0.429409 0.269448 0.434371 0.271702 0.435273 0.274521 0.434822 0.295378 0.425801 0.300451 0.420839 0.300451 0.418133
0 0.505073 0.641858 0.498873 0.639152 0.489853 0.640505 0.476888 0.638701 0.470688 0.639152 0.462232 0.642309 0.457723 0.646369 0.454340 0.652233 0.453777 0.659450 0.457723 0.666667 0.462232 0.671177 0.469560 0.675237 0.475761 0.675237 0.480271 0.671628 0.484216 0.665765 0.504510 0.646820 0.505637 0.644114
0 0.420519 0.637799 0.409808 0.649526 0.408681 0.654488 0.423337 0.671177 0.432356 0.671177 0.440248 0.668020 0.444758 0.664411 0.445885 0.662607 0.445885 0.657645 0.443067 0.649977 0.438557 0.642309 0.435738 0.640054 0.426719 0.637799
0 0.702931 0.457826 0.700676 0.461434 0.702931 0.467749 0.717024 0.477221 0.719842 0.483987 0.726607 0.490753 0.729425 0.492106 0.733371 0.492106 0.740135 0.488949 0.741826 0.487145 0.741826 0.475417 0.735062 0.462336 0.726043 0.457826 0.717587 0.456022 0.710823 0.456022
0 0.488162 0.470907 0.485344 0.477673 0.484780 0.491655 0.489853 0.505187 0.493236 0.510600 0.498873 0.513757 0.502818 0.514208 0.509583 0.511502 0.513529 0.513757 0.511838 0.516915 0.512965 0.519170 0.518038 0.517817 0.526494 0.520072 0.537768 0.520974 0.551860 0.520523 0.559188 0.519170 0.564262 0.516915 0.568771 0.512855 0.572717 0.511953 0.576663 0.509247 0.588501 0.494362 0.585682 0.486694 0.576663 0.479026 0.568771 0.474515 0.556370 0.470005 0.548478 0.460532 0.543405 0.457375 0.533822 0.456473 0.526494 0.454217 0.519729 0.454668 0.501691 0.462336 0.497182 0.466396 0.492672 0.467749
0 0.772830 0.548038 0.764938 0.545783 0.760428 0.545783 0.754791 0.547136 0.735626 0.547136 0.728861 0.548940 0.724915 0.553000 0.722097 0.559765 0.715896 0.567885 0.715333 0.572846 0.719842 0.580063 0.728298 0.586829 0.738444 0.589535 0.748591 0.589084 0.756483 0.580965 0.758174 0.576455 0.764374 0.569238 0.766629 0.564276 0.770575 0.561570 0.772266 0.558863 0.773393 0.554353 0.775085 0.552548
0 0.282413 0.298602 0.281849 0.302661 0.282413 0.310329 0.290304 0.329274 0.295378 0.331980 0.311161 0.331980 0.318489 0.326116 0.321308 0.326567 0.322435 0.327921 0.321871 0.338746 0.322999 0.341001 0.328636 0.346865 0.348929 0.360397 0.352311 0.368065 0.357948 0.371222 0.363585 0.371222 0.372041 0.369418 0.373732 0.368065 0.375986 0.360848 0.379932 0.357691 0.382751 0.352278 0.379369 0.346865 0.369786 0.341001 0.368658 0.337393 0.370913 0.328823 0.368095 0.314840 0.360767 0.309878 0.359076 0.306721 0.339346 0.298602 0.332582 0.297249 0.321308 0.297249 0.315107 0.300857 0.312289 0.299955 0.307779 0.294542 0.302706 0.293640 0.290868 0.294091
0 0.776776 0.521425 0.776776 0.525936 0.781849 0.529093 0.793687 0.532251 0.799887 0.536310 0.816234 0.541723 0.819617 0.541723 0.829763 0.538115 0.839346 0.537664 0.851184 0.534957 0.856821 0.532251 0.860203 0.529093 0.859639 0.523681 0.851747 0.516915 0.842165 0.504736 0.835964 0.500226 0.825817 0.497068 0.819053 0.497068 0.798196 0.502030 0.786359 0.511502 0.781849 0.513757 0.778467 0.516915
0 0.772830 0.532702 0.770575 0.535859 0.771139 0.540821 0.776212 0.542625 0.785795 0.550744 0.787486 0.553451 0.786922 0.556157 0.789177 0.561570 0.797069 0.567433 0.813416 0.573748 0.824690 0.576455 0.832018 0.576455 0.839910 0.572846 0.844419 0.566982 0.845547 0.561119 0.844983 0.556608 0.842165 0.553451 0.809470 0.541272 0.798760 0.538566 0.788613 0.532702 0.780158 0.530898 0.775648 0.530898
0 0.775085 0.421741 0.771702 0.419486 0.764374 0.417230 0.759301 0.418133 0.751973 0.421290 0.749154 0.425350 0.740135 0.431213 0.740135 0.435724 0.736189 0.440235 0.732807 0.447000 0.733371 0.452864 0.749154 0.452413 0.754791 0.454217 0.759301 0.457375 0.763811 0.456473 0.765502 0.453766 0.766629 0.447000 0.776776 0.435724 0.776776 0.427605
0 0.273957 0.376184 0.267193 0.373929 0.263247 0.369869 0.259301 0.368967 0.247463 0.382499 0.217587 0.401443 0.214205 0.407758 0.216460 0.414524 0.217587 0.414975 0.224352 0.412720 0.228861 0.409562 0.235626 0.406856 0.238444 0.406856 0.247463 0.410014 0.251973 0.410014 0.257046 0.408209 0.256483 0.397835 0.258174 0.390618 0.261556 0.384754 0.267756 0.379341 0.272830 0.377988
0 0.618377 0.479928 0.616685 0.483085 0.616685 0.489851 0.618940 0.499323 0.625705 0.508796 0.629087 0.516464 0.637542 0.520974 0.647125 0.522327 0.667982 0.521425 0.673055 0.518719 0.679256 0.509698 0.683766 0.506540 0.686584 0.502481 0.687148 0.495715 0.686020 0.493009 0.678129 0.490753 0.670237 0.485792 0.665727 0.485341 0.657835 0.482634 0.647125 0.476770 0.634160 0.474064 0.628523 0.475417
0 0.399098 0.377537 0.394025 0.384303 0.392897 0.393324 0.394025 0.399639 0.400225 0.405954 0.413191 0.408660 0.422210 0.420388 0.435738 0.425801 0.439684 0.429860 0.446449 0.432567 0.452649 0.430762 0.466742 0.423094 0.468433 0.419035 0.468433 0.411818 0.462232 0.406856 0.457159 0.404601 0.453213 0.396933 0.445885 0.391520 0.440812 0.390167 0.436866 0.383852 0.423337 0.375733 0.419391 0.371673 0.410936 0.370320 0.408117 0.371222
0 0.451522 0.579612 0.443630 0.587280 0.435738 0.603518 0.435175 0.612539 0.436866 0.616599 0.441375 0.620659 0.446449 0.623365 0.463923 0.629680 0.471251 0.635544 0.484780 0.636446 0.490981 0.635544 0.492108 0.633288 0.498309 0.628778 0.500564 0.623816 0.499436 0.620207 0.500000 0.615246 0.498309 0.610284 0.493799 0.606225 0.490417 0.608029 0.483089 0.600361 0.472379 0.592242 0.463360 0.578259 0.458286 0.577357
0 0.670800 0.690122 0.666291 0.690122 0.657835 0.691926 0.645998 0.696888 0.640361 0.700496 0.635851 0.707262 0.630778 0.712224 0.627396 0.710871 0.622886 0.705458 0.616122 0.705458 0.609921 0.709517 0.609357 0.714479 0.611612 0.719892 0.626268 0.737032 0.636415 0.745602 0.640924 0.746955 0.645998 0.746955 0.651071 0.745151 0.653326 0.743347 0.655581 0.737483 0.657835 0.735679 0.678129 0.728462 0.689966 0.722147 0.694476 0.721245 0.695603 0.714930 0.693348 0.709517 0.689402 0.705909 0.686584 0.700947 0.678692 0.693279
0 0.678692 0.645918 0.677001 0.652233 0.677565 0.665765 0.678692 0.670726 0.682074 0.674335 0.688839 0.677492 0.693912 0.677041 0.703495 0.678394 0.709132 0.677492 0.715333 0.684258 0.723224 0.687415 0.741263 0.686513 0.748027 0.688318 0.751973 0.690573 0.756483 0.689220 0.757610 0.678394 0.755919 0.675237 0.751409 0.671628 0.748027 0.663509 0.728298 0.658097 0.716460 0.658097 0.706313 0.654037 0.701804 0.650429 0.689402 0.648624 0.686020 0.645467 0.680383 0.644565
0 0.626832 0.632386 0.624014 0.635092 0.618940 0.646369 0.619504 0.654037 0.625705 0.662156 0.632469 0.663960 0.643743 0.668922 0.654453 0.675237 0.665163 0.677492 0.671928 0.675237 0.674746 0.671628 0.674746 0.653135 0.671928 0.647271 0.649944 0.634190 0.636415 0.631033 0.630778 0.631033
0 0.419955 0.618403 0.416573 0.616148 0.400225 0.616148 0.395716 0.620207 0.387824 0.623816 0.379369 0.626071 0.365840 0.626522 0.353439 0.630582 0.350620 0.630582 0.339910 0.625620 0.326381 0.621561 0.314543 0.622914 0.307779 0.626071 0.303833 0.631033 0.304397 0.647271 0.299887 0.656743 0.302706 0.669824 0.302706 0.675688 0.304961 0.682003 0.312852 0.684258 0.330327 0.683807 0.334837 0.682454 0.338782 0.679747 0.349493 0.677943 0.358512 0.674335 0.368658 0.663509 0.373732 0.663509 0.377114 0.662156 0.388952 0.662607 0.397407 0.656743 0.399662 0.653135 0.406426 0.648624 0.408681 0.645016 0.414882 0.640054 0.419955 0.630582
0 0.354566 0.583221 0.360203 0.588182 0.368658 0.599459 0.376550 0.605323 0.382751 0.608029 0.388952 0.608029 0.399098 0.601714 0.403608 0.602616 0.408117 0.601263 0.419955 0.602165 0.423337 0.599459 0.436302 0.585476 0.436302 0.568336 0.433484 0.566531 0.426719 0.566531 0.416573 0.568336 0.414318 0.570140 0.412063 0.570140 0.408681 0.568787 0.404171 0.564727 0.395152 0.561119 0.385006 0.560217 0.377114 0.563825 0.372041 0.568336 0.365840 0.571493 0.360767 0.575553
0 0.294250 0.474966 0.293687 0.482634 0.295378 0.485792 0.295941 0.497970 0.298196 0.500677 0.304397 0.502030 0.315107 0.497519 0.326945 0.496166 0.331454 0.494362 0.335400 0.485341 0.335400 0.481281 0.333709 0.477221 0.329763 0.473162 0.322435 0.471809 0.305524 0.471809 0.296505 0.473613
0 0.718151 0.595850 0.709132 0.596752 0.705186 0.599459 0.702931 0.603969 0.702931 0.607578 0.695603 0.619756 0.693912 0.627876 0.697294 0.635092 0.702368 0.638250 0.707441 0.637799 0.710259 0.635995 0.719842 0.622914 0.725479 0.611186 0.725479 0.603067 0.724352 0.599910 0.721533 0.597203
0 0.469560 0.414975 0.468433 0.420839 0.469560 0.427605 0.476888 0.431664 0.485908 0.434371 0.490981 0.434371 0.514092 0.429860 0.516911 0.427605 0.518602 0.423545 0.514656 0.411818 0.511274 0.410014 0.497182 0.410916 0.478579 0.409111 0.472943 0.411367
0 0.449831 0.437077 0.448703 0.434371 0.444758 0.431213 0.432356 0.426703 0.429538 0.426703 0.422773 0.429860 0.420519 0.435724 0.412063 0.441588 0.407554 0.441588 0.404735 0.439332 0.375423 0.438881 0.363021 0.445647 0.363021 0.450609 0.380496 0.469553 0.389515 0.470456 0.404171 0.466847 0.411499 0.462788 0.417136 0.456924 0.421082 0.456924 0.423901 0.455571 0.430101 0.456022 0.444194 0.451962 0.449831 0.442490
0 0.193348 0.366261 0.186020 0.363103 0.171928 0.362652 0.157835 0.365810 0.154453 0.368516 0.154453 0.373929 0.157835 0.382499 0.160654 0.386107 0.165163 0.389265 0.170237 0.389716 0.177565 0.384303 0.195039 0.379341 0.197294 0.377537 0.197294 0.374380 0.195603 0.368516
0 0.195039 0.548038 0.196167 0.553451 0.204622 0.556157 0.222661 0.556608 0.231116 0.561119 0.245772 0.566531 0.250846 0.567433 0.256483 0.566982 0.264374 0.561119 0.263247 0.555255 0.259865 0.551646 0.252537 0.550744 0.247463 0.547587 0.236753 0.545332 0.231116 0.543076 0.213078 0.541272 0.204059 0.543527
0 0.202368 0.563825 0.200676 0.566982 0.200676 0.572846 0.204622 0.576906 0.226607 0.583221 0.235626 0.582318 0.239572 0.580514 0.241263 0.574650 0.240699 0.569689 0.234498 0.563374 0.224352 0.557961 0.215896 0.557059
0 0.315107 0.591791 0.307779 0.588633 0.301015 0.587731 0.282413 0.591340 0.275648 0.596301 0.270011 0.604871 0.260428 0.612088 0.259865 0.616599 0.260992 0.619305 0.267193 0.622914 0.271702 0.623365 0.282976 0.617501 0.303833 0.612088 0.313980 0.603969 0.315671 0.599459
1 0.134160 0.430762 0.126268 0.433469 0.122322 0.436626 0.114994 0.438881 0.111048 0.442941 0.109357 0.447903 0.111048 0.451060 0.114994 0.452413 0.121759 0.456924 0.134724 0.469102 0.138106 0.470907 0.140361 0.470907 0.145998 0.463239 0.155581 0.455571 0.155581 0.453315 0.147125 0.439332 0.138106 0.431664
1 0.341037 0.383852 0.341037 0.386107 0.343292 0.389716 0.367531 0.398737 0.384442 0.398737 0.387824 0.397384 0.391206 0.393324 0.390079 0.389716 0.386697 0.387009 0.378241 0.384754 0.366404 0.379793 0.356821 0.377537 0.346674 0.377988 0.343856 0.379793
1 0.219278 0.349120 0.215333 0.344610 0.203495 0.337393 0.197858 0.336040 0.188275 0.336491 0.181511 0.337844 0.179256 0.339648 0.169109 0.353631 0.168546 0.358142 0.171928 0.360397 0.183202 0.361299 0.197294 0.364456 0.202368 0.362201 0.217024 0.358593 0.219842 0.354533
1 0.264374 0.283266 0.259865 0.281010 0.246336 0.277853 0.242954 0.278304 0.231680 0.283717 0.219842 0.295444 0.218151 0.299053 0.218151 0.309878 0.219842 0.314389 0.224915 0.320704 0.233935 0.322057 0.268320 0.317997 0.272830 0.315291 0.276212 0.307623 0.275085 0.299955 0.271139 0.291385
1 0.359639 0.771764 0.348929 0.778078 0.337655 0.779883 0.332582 0.786649 0.332018 0.792061 0.333709 0.797925 0.337091 0.803338 0.340474 0.805593 0.343856 0.810104 0.344983 0.815065 0.351184 0.817321 0.361330 0.823184 0.369786 0.824538 0.375986 0.823184 0.381623 0.820027 0.388388 0.811006 0.390643 0.799729 0.390643 0.786649 0.388388 0.782138 0.380496 0.777176 0.365840 0.772215
1 0.881623 0.511953 0.877678 0.513306 0.872041 0.517817 0.864149 0.529995 0.858512 0.535408 0.857384 0.540821 0.861330 0.544429 0.872604 0.549391 0.877678 0.553451 0.883315 0.555255 0.888388 0.555255 0.893461 0.553902 0.898534 0.548940 0.898534 0.529995 0.896843 0.523681 0.892897 0.516915 0.887824 0.512404
1 0.773393 0.445196 0.771702 0.448354 0.771702 0.452864 0.773393 0.457375 0.784667 0.468200 0.797632 0.474064 0.809470 0.476770 0.815671 0.476770 0.822435 0.471809 0.823563 0.469102 0.822999 0.461885 0.818489 0.454668 0.811161 0.447452 0.795378 0.442490 0.775085 0.443843
0 0.174183 0.452413 0.165163 0.453315 0.157835 0.456022 0.147125 0.463239 0.143743 0.468200 0.143179 0.472711 0.144307 0.475868 0.150507 0.480379 0.157272 0.483536 0.167418 0.483536 0.175874 0.478575 0.175310 0.474515 0.172492 0.470005 0.172492 0.462336 0.174746 0.458728
0 0.320180 0.400992 0.319617 0.405503 0.321308 0.406405 0.332018 0.407307 0.345547 0.411818 0.348365 0.411818 0.352875 0.413622 0.357384 0.413622 0.363021 0.404150 0.364149 0.399639 0.361894 0.397384 0.345547 0.392873 0.335964 0.391971 0.328072 0.394677
0 0.143179 0.371673 0.135851 0.369869 0.130778 0.369869 0.125705 0.371222 0.123450 0.373027 0.120068 0.379793 0.115558 0.384754 0.114431 0.396482 0.110485 0.400992 0.109921 0.408209 0.113867 0.411818 0.118377 0.413171 0.120631 0.412720 0.124014 0.410014 0.128523 0.399639 0.134160 0.393324 0.152198 0.386107 0.151635 0.380695 0.147125 0.373929
0 0.768320 0.571042 0.768320 0.573297 0.770011 0.575553 0.778467 0.579612 0.789177 0.591791 0.797632 0.596301 0.812289 0.597654 0.826381 0.597203 0.835964 0.594497 0.844419 0.588182 0.843292 0.582770 0.838782 0.579612 0.830327 0.577808 0.826945 0.578259 0.817926 0.576906 0.806652 0.573748 0.785795 0.562021 0.782413 0.562021 0.774521 0.564727
0 0.299324 0.535859 0.297069 0.539017 0.294250 0.548940 0.294250 0.561119 0.293123 0.563374 0.294250 0.567885 0.297069 0.569238 0.310598 0.569689 0.325254 0.577357 0.332018 0.584574 0.338219 0.585025 0.342165 0.581416 0.342165 0.569689 0.340474 0.566080 0.333709 0.559314 0.320744 0.554804 0.311161 0.544880 0.306088 0.535408 0.302142 0.534957
0 0.267193 0.722598 0.264938 0.728011 0.266065 0.737032 0.279030 0.751917 0.291432 0.760938 0.301578 0.761840 0.310598 0.760036 0.326381 0.752819 0.335400 0.745151 0.337091 0.740641 0.336528 0.728011 0.334837 0.722598 0.330327 0.718539 0.322435 0.717185 0.312852 0.717185 0.302142 0.718990 0.283540 0.715381 0.279030 0.718088 0.275648 0.718088 0.269448 0.720343
0 0.313416 0.341452 0.306088 0.341452 0.298196 0.344610 0.290868 0.357691 0.288613 0.370320 0.282976 0.376635 0.281285 0.381597 0.274521 0.387912 0.274521 0.393324 0.275648 0.395129 0.283540 0.399188 0.290304 0.405503 0.294814 0.406405 0.298196 0.409562 0.303833 0.409111 0.305524 0.407307 0.311725 0.405052 0.320180 0.396482 0.335400 0.388363 0.346674 0.373027 0.348365 0.366712 0.347238 0.361750 0.339910 0.355435 0.331454 0.351376 0.322435 0.344159
0 0.261556 0.481732 0.251409 0.481732 0.247463 0.483536 0.227170 0.483536 0.219842 0.485792 0.213641 0.499323 0.213641 0.503383 0.217024 0.513306 0.218151 0.525034 0.223788 0.532251 0.229989 0.534506 0.235626 0.534506 0.236189 0.533604 0.240135 0.534506 0.244081 0.531349 0.248591 0.531800 0.253664 0.530447 0.260992 0.523681 0.265502 0.521876 0.269448 0.517366 0.272830 0.510600 0.272266 0.499323 0.270011 0.489851 0.266065 0.483987
0 0.259865 0.459630 0.254791 0.463239 0.251409 0.468651 0.253100 0.478575 0.255919 0.480379 0.263811 0.481281 0.268884 0.485792 0.271702 0.491204 0.272266 0.498421 0.275085 0.501579 0.291432 0.500226 0.294250 0.495715 0.294250 0.488047 0.286922 0.462336 0.282413 0.458728 0.276212 0.457375 0.270575 0.457375
