0 0.263889 0.472917 0.248611 0.468750 0.236111 0.468750 0.233333 0.465625 0.229167 0.467708 0.226389 0.464583 0.220833 0.467708 0.212500 0.461458 0.204167 0.467708 0.200000 0.466667 0.188889 0.470833 0.170833 0.482292 0.144444 0.453125 0.127778 0.439583 0.108333 0.437500 0.083333 0.450000 0.062500 0.456250 0.043056 0.466667 0.018056 0.475000 0.009722 0.481250 0.006944 0.490625 0.015278 0.507292 0.036111 0.530208 0.030556 0.534375 0.009722 0.539583 0.000000 0.544792 0.000000 0.632292 0.025000 0.647917 0.047222 0.656250 0.070833 0.660417 0.093056 0.660417 0.129167 0.631250 0.165278 0.580208 0.177778 0.571875 0.193056 0.569792 0.205556 0.576042 0.218056 0.577083 0.225000 0.576042 0.233333 0.570833 0.251389 0.569792 0.261111 0.577083 0.268056 0.575000 0.269444 0.577083 0.279167 0.577083 0.280556 0.568750 0.284722 0.565625 0.281944 0.551042 0.284722 0.546875 0.291667 0.546875 0.294444 0.537500 0.294444 0.517708 0.291667 0.512500 0.287500 0.512500 0.287500 0.518750 0.281944 0.514583 0.281944 0.507292 0.287500 0.507292 0.287500 0.504167 0.279167 0.493750 0.279167 0.487500 0.272222 0.487500 0.262500 0.478125 0.265278 0.476042
1 0.845833 0.501042 0.844444 0.506250 0.870833 0.518750 0.890278 0.534375 0.895833 0.548958 0.895833 0.565625 0.890278 0.582292 0.876389 0.609375 0.866667 0.617708 0.868056 0.628125 0.886111 0.644792 0.902778 0.655208 0.958333 0.657292 0.981944 0.652083 1.000000 0.634375 1.000000 0.509375 0.981944 0.495833 0.955556 0.491667 0.944444 0.486458 0.918056 0.487500 0.902778 0.491667 0.891667 0.491667 0.873611 0.497917 0.859722 0.497917
1 0.912500 0.686458 0.897222 0.688542 0.881944 0.698958 0.863889 0.706250 0.851389 0.714583 0.845833 0.722917 0.870833 0.763542 0.895833 0.781250 0.909722 0.779167 0.922222 0.758333 0.947222 0.743750 0.958333 0.732292 0.958333 0.726042 0.954167 0.719792 0.938889 0.708333 0.927778 0.692708
1 0.248611 0.763542 0.204167 0.769792 0.188889 0.775000 0.179167 0.782292 0.179167 0.802083 0.173611 0.821875 0.172222 0.847917 0.181944 0.857292 0.211111 0.865625 0.223611 0.864583 0.250000 0.836458 0.252778 0.827083 0.254167 0.768750
1 0.352778 0.759375 0.344444 0.767708 0.340278 0.781250 0.345833 0.831250 0.334722 0.860417 0.334722 0.889583 0.337500 0.895833 0.366667 0.905208 0.415278 0.911458 0.481944 0.915625 0.509722 0.915625 0.531944 0.912500 0.536111 0.906250 0.515278 0.888542 0.498611 0.864583 0.497222 0.845833 0.500000 0.829167 0.511111 0.811458 0.508333 0.796875 0.500000 0.793750 0.473611 0.792708 0.447222 0.787500 0.436111 0.781250 0.405556 0.772917 0.373611 0.756250 0.359722 0.756250
1 0.348611 0.660417 0.337500 0.660417 0.322222 0.665625 0.298611 0.678125 0.284722 0.689583 0.265278 0.721875 0.256944 0.742708 0.252778 0.832292 0.258333 0.855208 0.265278 0.872917 0.273611 0.882292 0.283333 0.886458 0.313889 0.892708 0.326389 0.892708 0.329167 0.890625 0.331944 0.858333 0.343056 0.830208 0.337500 0.783333 0.343056 0.768750 0.356944 0.750000 0.356944 0.727083 0.354167 0.719792 0.356944 0.670833 0.354167 0.663542
1 1.000000 0.314583 0.975000 0.305208 0.933333 0.297917 0.901389 0.297917 0.866667 0.304167 0.844444 0.312500 0.823611 0.323958 0.780556 0.357292 0.766667 0.388542 0.765278 0.403125 0.758333 0.415625 0.755556 0.436458 0.766667 0.455208 0.798611 0.483333 0.816667 0.488542 0.847222 0.492708 0.876389 0.491667 0.904167 0.487500 0.925000 0.482292 0.948611 0.469792 0.968056 0.465625 0.984722 0.454167 1.000000 0.438542
1 0.755556 0.451042 0.751389 0.451042 0.741667 0.463542 0.727778 0.473958 0.695833 0.488542 0.694444 0.496875 0.712500 0.514583 0.725000 0.514583 0.761111 0.500000 0.788889 0.493750 0.786111 0.491667 0.787500 0.486458 0.780556 0.483333 0.773611 0.467708
1 0.725000 0.327083 0.719444 0.332292 0.722222 0.351042 0.752778 0.428125 0.765278 0.398958 0.777778 0.357292 0.777778 0.348958 0.768056 0.332292 0.738889 0.327083
1 0.330556 0.498958 0.330556 0.507292 0.343056 0.530208 0.352778 0.537500 0.401389 0.547917 0.418056 0.546875 0.475000 0.550000 0.520833 0.560417 0.558333 0.563542 0.587500 0.571875 0.637500 0.575000 0.655556 0.565625 0.675000 0.544792 0.672222 0.532292 0.636111 0.501042 0.608333 0.490625 0.573611 0.458333 0.565278 0.442708 0.556944 0.416667 0.552778 0.383333 0.541667 0.371875 0.533333 0.371875 0.529167 0.375000 0.518056 0.377083 0.498611 0.391667 0.466667 0.398958 0.459722 0.423958 0.441667 0.441667 0.422222 0.452083 0.404167 0.458333 0.370833 0.464583 0.356944 0.469792 0.336111 0.488542
1 0.556944 0.567708 0.501389 0.567708 0.447222 0.581250 0.409722 0.597917 0.376389 0.626042 0.365278 0.642708 0.358333 0.661458 0.355556 0.693750 0.356944 0.718750 0.361111 0.732292 0.375000 0.748958 0.391667 0.763542 0.438889 0.781250 0.469444 0.788542 0.500000 0.791667 0.530556 0.788542 0.548611 0.782292 0.572222 0.779167 0.586111 0.772917 0.604167 0.761458 0.636111 0.733333 0.655556 0.700000 0.665278 0.670833 0.663889 0.650000 0.654167 0.621875 0.633333 0.603125 0.597222 0.586458 0.583333 0.575000
1 0.079167 0.429167 0.073611 0.442708 0.075000 0.450000 0.091667 0.445833 0.104167 0.437500 0.112500 0.435417 0.123611 0.436458 0.138889 0.445833 0.165278 0.473958 0.170833 0.473958 0.190278 0.460417 0.208333 0.455208 0.226389 0.454167 0.247222 0.457292 0.273611 0.473958 0.295833 0.504167 0.298611 0.514583 0.313889 0.513542 0.323611 0.507292 0.326389 0.488542 0.325000 0.466667 0.311111 0.455208 0.294444 0.456250 0.270833 0.452083 0.200000 0.406250 0.195833 0.401042 0.194444 0.388542 0.188889 0.386458 0.156944 0.386458 0.141667 0.391667 0.123611 0.402083 0.102778 0.406250 0.094444 0.411458
1 0.330556 0.251042 0.327778 0.263542 0.341667 0.266667 0.343056 0.272917 0.341667 0.279167 0.330556 0.286458 0.327778 0.294792 0.361111 0.306250 0.379167 0.316667 0.437500 0.360417 0.462500 0.390625 0.480556 0.391667 0.491667 0.389583 0.505556 0.378125 0.530556 0.367708 0.538889 0.347917 0.538889 0.327083 0.531944 0.302083 0.506944 0.275000 0.475000 0.254167 0.444444 0.243750 0.401389 0.236458 0.390278 0.236458 0.387500 0.238542 0.376389 0.237500 0.354167 0.243750 0.351389 0.248958 0.344444 0.247917
1 0.402778 0.223958 0.402778 0.233333 0.450000 0.242708 0.480556 0.253125 0.508333 0.272917 0.533333 0.297917 0.562500 0.296875 0.605556 0.268750 0.634722 0.260417 0.668056 0.257292 0.684722 0.244792 0.684722 0.238542 0.673611 0.231250 0.669444 0.220833 0.670833 0.205208 0.652778 0.186458 0.622222 0.175000 0.583333 0.169792 0.550000 0.160417 0.527778 0.158333 0.504167 0.159375 0.469444 0.167708 0.447222 0.183333 0.430556 0.188542 0.418056 0.196875
1 0.041667 0.270833 0.022222 0.314583 0.022222 0.341667 0.016667 0.352083 0.016667 0.363542 0.022222 0.373958 0.037500 0.389583 0.051389 0.397917 0.076389 0.398958 0.083333 0.402083 0.090278 0.402083 0.100000 0.398958 0.125000 0.398958 0.158333 0.383333 0.184722 0.382292 0.202778 0.385417 0.211111 0.382292 0.219444 0.373958 0.216667 0.330208 0.219444 0.319792 0.227778 0.307292 0.198611 0.295833 0.177778 0.272917 0.151389 0.259375 0.129167 0.254167 0.106944 0.256250 0.063889 0.253125
1 0.287500 0.596875 0.268056 0.590625 0.263889 0.586458 0.248611 0.580208 0.220833 0.583333 0.193056 0.576042 0.173611 0.579167 0.150000 0.608333 0.138889 0.630208 0.125000 0.642708 0.109722 0.650000 0.088889 0.669792 0.066667 0.675000 0.059722 0.679167 0.026389 0.683333 0.013889 0.689583 0.011111 0.701042 0.012500 0.725000 0.031944 0.748958 0.048611 0.761458 0.086111 0.780208 0.111111 0.787500 0.123611 0.788542 0.147222 0.787500 0.170833 0.783333 0.201389 0.770833 0.237500 0.764583 0.248611 0.759375 0.252778 0.739583 0.281944 0.690625 0.304167 0.672917 0.323611 0.662500 0.329167 0.656250 0.327778 0.641667 0.313889 0.632292 0.309722 0.618750
0 0.872222 0.519792 0.856944 0.511458 0.826389 0.502083 0.805556 0.500000 0.765278 0.502083 0.712500 0.522917 0.640278 0.579167 0.633333 0.589583 0.633333 0.600000 0.654167 0.618750 0.662500 0.635417 0.669444 0.661458 0.666667 0.686458 0.672222 0.692708 0.693056 0.698958 0.725000 0.698958 0.747222 0.693750 0.784722 0.676042 0.794444 0.675000 0.797222 0.677083 0.794444 0.682292 0.812500 0.697917 0.827778 0.701042 0.831944 0.697917 0.851389 0.695833 0.863889 0.690625 0.870833 0.690625 0.875000 0.686458 0.890278 0.682292 0.893056 0.675000 0.897222 0.675000 0.897222 0.662500 0.901389 0.658333 0.893056 0.658333 0.876389 0.645833 0.873611 0.635417 0.863889 0.632292 0.859722 0.628125 0.890278 0.583333 0.895833 0.566667 0.895833 0.548958 0.890278 0.534375
0 0.915278 0.660417 0.905556 0.668750 0.905556 0.672917 0.900000 0.677083 0.895833 0.686458 0.922222 0.689583 0.944444 0.714583 0.956944 0.722917 0.963889 0.722917 0.975000 0.710417 0.988889 0.685417 0.983333 0.657292 0.975000 0.655208
0 0.594444 0.471875 0.598611 0.482292 0.606944 0.485417 0.611111 0.491667 0.626389 0.498958 0.634722 0.500000 0.677778 0.539583 0.686111 0.539583 0.702778 0.528125 0.705556 0.517708 0.686111 0.490625 0.638889 0.488542 0.615278 0.482292 0.602778 0.473958
0 0.076389 0.401042 0.044444 0.400000 0.016667 0.407292 0.000000 0.414583 0.000000 0.544792 0.031944 0.529167 0.029167 0.518750 0.020833 0.513542 0.011111 0.497917 0.009722 0.482292 0.020833 0.473958 0.055556 0.460417 0.065278 0.452083 0.083333 0.416667 0.083333 0.407292
0 0.783333 0.742708 0.772222 0.734375 0.744444 0.723958 0.718056 0.722917 0.704167 0.725000 0.693056 0.735417 0.686111 0.757292 0.677778 0.762500 0.670833 0.760417 0.658333 0.762500 0.651389 0.757292 0.647222 0.761458 0.643056 0.761458 0.637500 0.755208 0.626389 0.754167 0.623611 0.776042 0.611111 0.777083 0.608333 0.771875 0.604167 0.771875 0.601389 0.775000 0.575000 0.785417 0.562500 0.795833 0.530556 0.803125 0.508333 0.813542 0.500000 0.829167 0.498611 0.852083 0.501389 0.866667 0.516667 0.888542 0.540278 0.905208 0.555556 0.909375 0.618056 0.906250 0.695833 0.888542 0.781944 0.858333 0.791667 0.850000 0.804167 0.828125 0.809722 0.804167 0.806944 0.782292 0.795833 0.757292
0 0.405556 0.178125 0.388889 0.165625 0.377778 0.161458 0.345833 0.159375 0.327778 0.162500 0.277778 0.186458 0.247222 0.197917 0.200000 0.205208 0.159722 0.220833 0.151389 0.235417 0.151389 0.248958 0.156944 0.257292 0.177778 0.268750 0.188889 0.280208 0.205556 0.291667 0.233333 0.296875 0.255556 0.294792 0.277778 0.282292 0.323611 0.250000 0.338889 0.242708 0.387500 0.233333 0.393056 0.230208 0.405556 0.214583 0.408333 0.206250
0 0.877778 0.202083 0.840278 0.194792 0.819444 0.194792 0.781944 0.200000 0.736111 0.217708 0.672222 0.258333 0.672222 0.264583 0.683333 0.269792 0.698611 0.284375 0.708333 0.311458 0.718056 0.326042 0.765278 0.330208 0.772222 0.336458 0.779167 0.350000 0.784722 0.352083 0.816667 0.327083 0.868056 0.297917 0.906944 0.271875 0.915278 0.262500 0.918056 0.254167 0.915278 0.233333 0.898611 0.214583
0 0.631944 0.263542 0.612500 0.267708 0.594444 0.276042 0.563889 0.297917 0.547222 0.326042 0.545833 0.362500 0.558333 0.381250 0.559722 0.409375 0.563889 0.415625 0.566667 0.433333 0.577778 0.451042 0.593056 0.466667 0.618056 0.481250 0.655556 0.489583 0.686111 0.488542 0.706944 0.482292 0.736111 0.467708 0.750000 0.450000 0.750000 0.422917 0.720833 0.350000 0.718056 0.330208 0.694444 0.279167 0.686111 0.270833 0.675000 0.265625 0.665278 0.263542
0 0.227778 0.316667 0.219444 0.328125 0.222222 0.364583 0.229167 0.373958 0.225000 0.379167 0.204167 0.389583 0.200000 0.394792 0.200000 0.402083 0.247222 0.434375 0.262500 0.439583 0.266667 0.444792 0.277778 0.447917 0.286111 0.443750 0.309722 0.438542 0.318056 0.451042 0.333333 0.459375 0.341667 0.461458 0.373611 0.461458 0.413889 0.453125 0.433333 0.444792 0.448611 0.434375 0.459722 0.411458 0.456944 0.385417 0.437500 0.361458 0.365278 0.309375 0.319444 0.295833 0.287500 0.295833 0.250000 0.305208 0.236111 0.310417
0 0.672222 0.706250 0.673611 0.717708 0.698611 0.719792 0.704167 0.722917 0.719444 0.720833 0.738889 0.721875 0.761111 0.729167 0.780556 0.739583 0.793056 0.752083 0.804167 0.775000 0.809722 0.797917 0.809722 0.823958 0.843056 0.825000 0.859722 0.817708 0.873611 0.807292 0.876389 0.803125 0.873611 0.772917 0.851389 0.736458 0.826389 0.709375 0.787500 0.682292 0.775000 0.682292 0.731944 0.700000 0.709722 0.703125 0.675000 0.704167
