2 0.294224 0.523772 0.279783 0.513471 0.273466 0.500000 0.258123 0.499208 0.240072 0.503170 0.229242 0.508716 0.190433 0.511094 0.177798 0.513471 0.173285 0.516640 0.170578 0.522187 0.168773 0.534073 0.172383 0.541997 0.176895 0.544374 0.207581 0.543582 0.247292 0.539620 0.265343 0.534865 0.290614 0.531696 0.294224 0.530111
0 0.552347 0.240887 0.546931 0.251189 0.546029 0.261490 0.547834 0.304279 0.558664 0.318542 0.570397 0.353407 0.578520 0.360539 0.616426 0.377971 0.623646 0.385895 0.641697 0.419968 0.648917 0.427892 0.669675 0.443740 0.744585 0.511094 0.770758 0.524564 0.777978 0.531696 0.787906 0.530903 0.805957 0.525357 0.816787 0.525357 0.829422 0.530111 0.841155 0.530903 0.848375 0.529319 0.876354 0.510301 0.888989 0.507132 0.905235 0.499208 0.910650 0.486529 0.906137 0.455626 0.875451 0.414422 0.870939 0.384311 0.861011 0.361331 0.805957 0.281300 0.774368 0.248019 0.757220 0.222662 0.747292 0.213154 0.735560 0.206815 0.724729 0.204437 0.686823 0.206022 0.652527 0.201268 0.639892 0.201268 0.609206 0.212361 0.582130 0.229794 0.560469 0.235341
1 0.474729 0.394612 0.470217 0.399366 0.468412 0.404913 0.452166 0.416799 0.433213 0.452456 0.434116 0.473851 0.438628 0.482567 0.451264 0.498415 0.453971 0.506339 0.466606 0.510301 0.480144 0.511094 0.488267 0.509509 0.498195 0.503170 0.506318 0.503170 0.510830 0.500000 0.533394 0.492868 0.554152 0.496038 0.562274 0.496038 0.567690 0.492868 0.575812 0.480190 0.574007 0.461965 0.568592 0.453249 0.561372 0.446910 0.549639 0.441363 0.538809 0.429477 0.534296 0.420761 0.534296 0.409667 0.528881 0.395404 0.521661 0.391442 0.500000 0.393027 0.481949 0.391442
1 0.296029 0.458003 0.282491 0.463550 0.276173 0.468304 0.269856 0.477813 0.271661 0.488906 0.277076 0.496038 0.277978 0.508716 0.281588 0.515055 0.298736 0.530903 0.301444 0.538827 0.301444 0.557845 0.306859 0.572108 0.316787 0.580032 0.322202 0.580824 0.336643 0.587956 0.346570 0.588748 0.360108 0.577655 0.394404 0.533281 0.411552 0.525357 0.425090 0.523772 0.439531 0.513471 0.443141 0.504754 0.442238 0.496830 0.435921 0.484152 0.430505 0.477813 0.420578 0.469889 0.408845 0.465927 0.396209 0.465135 0.389892 0.461173 0.376354 0.459588 0.348375 0.466719 0.333935 0.458003 0.327617 0.456418
2 0.207581 0.554675 0.207581 0.557052 0.212094 0.561014 0.242780 0.576070 0.285199 0.591918 0.292419 0.589540 0.301444 0.572900 0.301444 0.567353 0.297834 0.563391 0.284296 0.559429 0.280686 0.556260 0.249097 0.547544 0.220217 0.549128 0.211191 0.551506
2 0.699458 0.486529 0.686823 0.478605 0.666968 0.483360 0.594765 0.517433 0.581227 0.525357 0.576715 0.530111 0.564079 0.532488 0.561372 0.538827 0.555957 0.540412 0.555054 0.545959 0.560469 0.550713 0.575812 0.549921 0.579422 0.545166 0.583032 0.529319 0.588448 0.526941 0.598375 0.526941 0.628159 0.538827 0.640794 0.532488 0.648917 0.525357 0.657040 0.522979 0.665162 0.517433 0.672383 0.515055 0.681408 0.507924 0.696751 0.500792 0.701264 0.494453
2 0.326715 0.610143 0.330325 0.615689 0.344765 0.619651 0.398917 0.627575 0.415162 0.626783 0.411552 0.620444 0.398917 0.610935 0.370939 0.599049 0.345668 0.599842
2 0.697653 0.634707 0.694043 0.633122 0.681408 0.633122 0.668773 0.638669 0.666968 0.644216 0.669675 0.648177 0.669675 0.654517 0.660650 0.664025 0.649819 0.668780 0.645307 0.672742 0.632671 0.674326 0.592960 0.673534 0.581227 0.675119 0.544224 0.687005 0.544224 0.693344 0.555054 0.709192 0.560469 0.712361 0.572202 0.709984 0.591155 0.702853 0.602888 0.696513 0.631769 0.686212 0.646209 0.675911 0.670578 0.671157 0.686823 0.664818 0.694946 0.658479 0.698556 0.652139 0.699458 0.640254
1 0.307762 0.359746 0.297834 0.379556 0.293321 0.401743 0.296931 0.432647 0.290614 0.450079 0.291516 0.454834 0.294224 0.456418 0.314079 0.454041 0.327617 0.454834 0.335740 0.457211 0.344765 0.462758 0.353791 0.462758 0.374549 0.457211 0.381769 0.451664 0.381769 0.431854 0.366426 0.423138 0.346570 0.416006 0.340253 0.409667 0.334838 0.396197 0.334838 0.377179 0.332130 0.361331 0.326715 0.358162 0.316787 0.357369
2 0.600181 0.477021 0.593863 0.476228 0.585740 0.477813 0.583935 0.482567 0.579422 0.483360 0.572202 0.488906 0.569495 0.493661 0.560469 0.498415 0.549639 0.495246 0.532491 0.495246 0.518051 0.500000 0.454874 0.527734 0.426895 0.545166 0.404332 0.553090 0.399819 0.552298 0.396209 0.554675 0.391697 0.553883 0.380866 0.556260 0.345668 0.592710 0.351986 0.595087 0.365523 0.595087 0.410650 0.587956 0.425993 0.580032 0.443141 0.576070 0.448556 0.572108 0.459386 0.568938 0.465704 0.563391 0.472924 0.562599 0.498195 0.552298 0.502708 0.547544 0.508123 0.545959 0.517148 0.539620 0.530686 0.534865 0.543321 0.525357 0.560469 0.515848 0.586643 0.492076 0.592058 0.490491 0.600181 0.483360
2 0.267148 0.618067 0.268051 0.625990 0.277978 0.636292 0.284296 0.640254 0.306859 0.648177 0.350181 0.657686 0.401625 0.660856 0.427798 0.664818 0.439531 0.664025 0.449458 0.665610 0.455776 0.668780 0.480144 0.669572 0.488267 0.667195 0.505415 0.667195 0.528881 0.671949 0.631769 0.672742 0.649819 0.667987 0.662455 0.659271 0.664260 0.654517 0.662455 0.649762 0.654332 0.646593 0.624549 0.641046 0.604693 0.639461 0.566787 0.640254 0.555957 0.637084 0.552347 0.639461 0.542419 0.637876 0.537906 0.639461 0.525271 0.638669 0.520758 0.645008 0.516245 0.638669 0.510830 0.637084 0.496390 0.637084 0.490975 0.638669 0.477437 0.637084 0.472022 0.638669 0.456679 0.637084 0.452166 0.633914 0.444043 0.633914 0.431408 0.630745 0.400722 0.629160 0.379061 0.624406 0.346570 0.620444 0.340253 0.621236 0.319495 0.618859 0.294224 0.622821 0.276173 0.615689
2 0.390794 0.751981 0.396209 0.756735 0.403430 0.759113 0.418773 0.760697 0.436823 0.759905 0.460289 0.751981 0.466606 0.747227 0.467509 0.744057 0.428700 0.740095 0.407942 0.740095 0.394404 0.745642
2 0.231047 0.646593 0.233755 0.654517 0.241877 0.659271 0.303249 0.687005 0.323105 0.692552 0.394404 0.696513 0.481949 0.707607 0.495487 0.711569 0.502708 0.709984 0.506318 0.706022 0.495487 0.688590 0.487365 0.683835 0.481949 0.675911 0.474729 0.673534 0.427798 0.671949 0.398917 0.667987 0.388989 0.664818 0.374549 0.664025 0.307762 0.649762 0.295126 0.644216 0.275271 0.638669 0.237365 0.641838
2 0.208484 0.696513 0.212094 0.701268 0.224729 0.703645 0.237365 0.709984 0.314982 0.730586 0.390794 0.736926 0.427798 0.736133 0.434116 0.740095 0.436823 0.740095 0.440433 0.736926 0.448556 0.740887 0.453069 0.740887 0.453971 0.736926 0.456679 0.736133 0.462094 0.740887 0.468412 0.743265 0.476534 0.742472 0.483755 0.744057 0.499097 0.743265 0.507220 0.740887 0.510830 0.737718 0.506318 0.729002 0.501805 0.729794 0.500000 0.719493 0.482852 0.709984 0.418773 0.700475 0.357401 0.695721 0.303249 0.697306 0.249097 0.690967 0.220217 0.691759 0.212996 0.693344
2 0.632671 0.576862 0.632671 0.583201 0.642599 0.591125 0.665162 0.596672 0.675993 0.608558 0.685921 0.614105 0.696751 0.623613 0.727437 0.637876 0.759025 0.656101 0.829422 0.710777 0.834838 0.711569 0.839350 0.709192 0.842058 0.702853 0.842960 0.692552 0.837545 0.680666 0.817690 0.658479 0.777076 0.625990 0.752708 0.610935 0.725632 0.599842 0.720217 0.594295 0.711191 0.591918 0.702166 0.584786 0.670578 0.569731 0.664260 0.568146 0.652527 0.568938
2 0.750000 0.665610 0.740072 0.656894 0.733755 0.654517 0.725632 0.654517 0.699458 0.662441 0.688628 0.664025 0.586643 0.704437 0.567690 0.714739 0.564982 0.717908 0.564982 0.721870 0.578520 0.742472 0.584838 0.744849 0.601986 0.735341 0.637184 0.720285 0.709386 0.694929 0.735560 0.683835 0.749097 0.676704 0.750903 0.671157
2 0.695848 0.545166 0.692238 0.541204 0.675993 0.538827 0.657942 0.541204 0.654332 0.545166 0.623646 0.545959 0.611913 0.549128 0.586643 0.550713 0.576715 0.554675 0.558664 0.557845 0.542419 0.557845 0.516245 0.561807 0.472924 0.580032 0.470217 0.587956 0.475632 0.592710 0.488267 0.595087 0.515343 0.593502 0.554152 0.594295 0.592058 0.589540 0.596570 0.584786 0.613718 0.582409 0.643502 0.570523 0.669675 0.562599 0.679603 0.556260 0.687726 0.553883 0.694946 0.548336
2 0.265343 0.583994 0.259025 0.583994 0.252708 0.587163 0.240072 0.597464 0.240072 0.602219 0.243682 0.608558 0.258123 0.618859 0.261733 0.618859 0.268051 0.613312 0.278881 0.610935 0.282491 0.607765 0.285199 0.600634 0.285199 0.594295 0.283394 0.591918
2 0.473827 0.599842 0.477437 0.607765 0.497292 0.625198 0.525271 0.622029 0.533394 0.618859 0.601083 0.622821 0.623646 0.622029 0.650722 0.623613 0.659747 0.620444 0.668773 0.608558 0.668773 0.603011 0.666065 0.599842 0.653430 0.595880 0.635379 0.594295 0.516245 0.594295 0.477437 0.597464
2 0.412455 0.587956 0.412455 0.592710 0.453971 0.632330 0.466606 0.634707 0.494585 0.634707 0.494585 0.626783 0.488267 0.621236 0.481047 0.610143 0.470217 0.601426 0.463899 0.593502 0.455776 0.590333 0.452166 0.583201 0.445848 0.578447 0.441336 0.576862 0.432310 0.578447
1 0.413357 0.297940 0.400722 0.301902 0.396209 0.305071 0.376354 0.309033 0.361011 0.316957 0.356498 0.323296 0.345668 0.332013 0.339350 0.344691 0.336643 0.355784 0.336643 0.396197 0.339350 0.404913 0.345668 0.412837 0.354693 0.415214 0.369134 0.423930 0.384477 0.429477 0.399819 0.444532 0.407040 0.448494 0.421480 0.451664 0.428700 0.450872 0.432310 0.447702 0.444946 0.428685 0.448556 0.417591 0.459386 0.411252 0.472924 0.394612 0.490975 0.381141 0.497292 0.366086 0.497292 0.356577 0.492780 0.345483 0.485560 0.338352 0.482852 0.332013 0.470217 0.320919 0.465704 0.313788 0.440433 0.305071 0.428700 0.297940
2 0.487365 0.161648 0.472924 0.153724 0.466606 0.148177 0.454874 0.149762 0.446751 0.156894 0.436823 0.179081 0.429603 0.186212 0.423285 0.189382 0.392599 0.229794 0.379964 0.237718 0.360108 0.242472 0.346570 0.248019 0.336643 0.255151 0.313177 0.289223 0.290614 0.341521 0.280686 0.358954 0.267148 0.376387 0.262635 0.388273 0.259025 0.392235 0.259025 0.398574 0.261733 0.400951 0.278881 0.401743 0.287906 0.404913 0.290614 0.401743 0.295126 0.389857 0.296931 0.377971 0.305054 0.360539 0.314982 0.355784 0.333032 0.354992 0.334838 0.347068 0.343863 0.330428 0.360108 0.314580 0.377256 0.306656 0.389892 0.304279 0.407942 0.297147 0.426895 0.295563 0.447653 0.305864 0.466606 0.310618 0.469314 0.315372 0.483755 0.328843 0.491877 0.341521 0.498195 0.345483 0.500000 0.354992 0.499097 0.386688 0.505415 0.388273 0.518051 0.387480 0.528881 0.390650 0.537906 0.389065 0.544224 0.377971 0.540614 0.350238 0.540614 0.297940 0.537906 0.294770 0.537906 0.283677 0.534296 0.278922 0.529783 0.263074 0.528881 0.251189 0.524368 0.235341 0.500903 0.200475 0.495487 0.186212 0.492780 0.169572
2 0.771661 0.529319 0.755415 0.519810 0.749097 0.517433 0.743682 0.518225 0.717509 0.538035 0.671480 0.562599 0.669675 0.565769 0.673285 0.570523 0.688628 0.577655 0.698556 0.578447 0.705776 0.576862 0.728339 0.564184 0.737365 0.561014 0.756318 0.549128 0.769856 0.538035
1 0.290614 0.412837 0.278881 0.405705 0.255415 0.404913 0.247292 0.409667 0.227437 0.415214 0.199458 0.431062 0.180505 0.446910 0.168773 0.462758 0.166065 0.472266 0.166065 0.484152 0.171480 0.497623 0.175993 0.500792 0.187726 0.502377 0.206679 0.500792 0.222924 0.503962 0.231047 0.503962 0.238267 0.500000 0.250000 0.487322 0.257220 0.483360 0.263538 0.477813 0.267148 0.471474 0.273466 0.468304 0.281588 0.459588 0.295126 0.428685 0.295126 0.420761
