0 0.830600 0.618717 0.810150 0.614517 0.799675 0.595650 0.790238 0.580967 0.776088 0.575383 0.747250 0.563500 0.729950 0.548117 0.714750 0.517367 0.694313 0.541133 0.657613 0.548117 0.622500 0.558600 0.598900 0.537633 0.582137 0.490117 0.578987 0.455867 0.571125 0.413233 0.573225 0.405533 0.590000 0.405533 0.612537 0.411133 0.627737 0.429300 0.645037 0.442583 0.671762 0.458650 0.694313 0.455867 0.708988 0.455867 0.736762 0.461450 0.764025 0.494300 0.784463 0.514567 0.796000 0.532750 0.812250 0.532050 0.828500 0.547417 0.841075 0.564900 0.836888 0.573983 0.834262 0.585167 0.832175 0.592850 0.828500 0.597750 0.834788 0.607533
0 0.798625 0.469133 0.781325 0.467750 0.764550 0.452367 0.753538 0.434200 0.740438 0.414633 0.736762 0.400650 0.740962 0.388067 0.761925 0.388067 0.789712 0.392967 0.793375 0.381083 0.805438 0.370600 0.811725 0.367800 0.812250 0.379683 0.800200 0.399250 0.801238 0.418117 0.802288 0.436300 0.812250 0.460050 0.807538 0.469133
0 0.624062 0.419517 0.608862 0.407633 0.586325 0.405533 0.584225 0.395050 0.571650 0.385967 0.572700 0.378283 0.584750 0.371983 0.595762 0.358717 0.607812 0.360117 0.617250 0.369900 0.619350 0.376883 0.618825 0.391567 0.620925 0.408333
0 0.780913 0.735950 0.786975 0.703600 0.800325 0.694700 0.809425 0.658317 0.814875 0.650233 0.810025 0.614650 0.790613 0.585533 0.759687 0.575017 0.736637 0.558033 0.712987 0.532967 0.693575 0.545100 0.676600 0.559650 0.694188 0.578250 0.692362 0.591200 0.711775 0.602517 0.726325 0.621117 0.739675 0.651033 0.739675 0.678533 0.736038 0.714117 0.753625 0.714917 0.767575 0.731100
0 0.619588 0.583100 0.643238 0.567750 0.669925 0.556417 0.690550 0.575833 0.690550 0.592817 0.675987 0.587967 0.657800 0.587967 0.640200 0.595233 0.629287 0.606567 0.616550 0.623533 0.613525 0.607367
0 0.706412 0.805683 0.686038 0.788150 0.669275 0.760367 0.676513 0.757350 0.695550 0.755533 0.712313 0.749500 0.725900 0.733800 0.737675 0.715667 0.745375 0.738617 0.748100 0.757350 0.746287 0.762183 0.739038 0.759167 0.731338 0.754933 0.734050 0.767017 0.727262 0.777883 0.719562 0.772450 0.725450 0.782717 0.717288 0.791183 0.712313 0.791183 0.713213 0.800233
0 0.638550 0.319467 0.621337 0.313433 0.608650 0.344233 0.615900 0.365383 0.620425 0.367183 0.627225 0.338800 0.634925 0.329133
2 0.256250 0.450000 0.261250 0.476667 0.247500 0.506667 0.247500 0.526667 0.243750 0.540000 0.246250 0.570000 0.231250 0.596667 0.231250 0.605000 0.257500 0.620000 0.263750 0.636667 0.266250 0.660000 0.287500 0.703333 0.308750 0.720000 0.318750 0.733333 0.375000 0.765000 0.415000 0.773333 0.442500 0.773333 0.476250 0.786667 0.491250 0.783333 0.502500 0.768333 0.510000 0.771667 0.515000 0.780000 0.521250 0.780000 0.531250 0.770000 0.545000 0.773333 0.541250 0.751667 0.545000 0.741667 0.542500 0.718333 0.546250 0.708333 0.546250 0.690000 0.561250 0.670000 0.563750 0.643333 0.573750 0.633333 0.578750 0.596667 0.582500 0.586667 0.578750 0.548333 0.568750 0.526667 0.565000 0.506667 0.565000 0.495000 0.572500 0.483333 0.576250 0.466667 0.568750 0.441667 0.560000 0.430000 0.550000 0.421667 0.530000 0.418333 0.505000 0.393333 0.492500 0.388333 0.481250 0.378333 0.467500 0.376667 0.453750 0.395000 0.441250 0.388333 0.428750 0.368333 0.407500 0.363333 0.345000 0.380000 0.323750 0.398333 0.305000 0.408333 0.280000 0.435000 0.268750 0.438333
0 0.787150 0.391950 0.742300 0.384700 0.738675 0.336383 0.752725 0.331550 0.769875 0.340000 0.781262 0.348467
0 0.799837 0.315233 0.783975 0.283833 0.750000 0.257250 0.714213 0.254233 0.692000 0.263167 0.665000 0.293667 0.636737 0.300133 0.636288 0.311617 0.642175 0.315850 0.658937 0.302550 0.677063 0.294700 0.693375 0.301950 0.716875 0.312833 0.729613 0.329133 0.756350 0.330950 0.787600 0.329133
0 0.577863 0.654550 0.550488 0.703200 0.549787 0.753733 0.550488 0.781800 0.598250 0.817333 0.630500 0.852000 0.640125 0.878333 0.650000 0.864333 0.652800 0.827933 0.668238 0.835417 0.674562 0.814833 0.694200 0.831667 0.685787 0.791433 0.649300 0.748400 0.624738 0.718450 0.610700 0.679150 0.610700 0.631433 0.593150 0.635183
1 0.212500 0.111667 0.210000 0.123333 0.196250 0.140000 0.196250 0.155000 0.207500 0.176667 0.206250 0.188333 0.208750 0.195000 0.217500 0.196667 0.232500 0.220000 0.231250 0.233333 0.235000 0.240000 0.230000 0.250000 0.230000 0.258333 0.246250 0.330000 0.246250 0.341667 0.267500 0.376667 0.273750 0.383333 0.281250 0.385000 0.280000 0.396667 0.282500 0.405000 0.302500 0.406667 0.346250 0.375000 0.412500 0.356667 0.407500 0.350000 0.405000 0.330000 0.390000 0.318333 0.388750 0.305000 0.375000 0.305000 0.372500 0.311667 0.361250 0.313333 0.356250 0.326667 0.350000 0.328333 0.341250 0.343333 0.327500 0.353333 0.326250 0.361667 0.321250 0.363333 0.322500 0.370000 0.316250 0.375000 0.315000 0.381667 0.311250 0.370000 0.313750 0.355000 0.326250 0.340000 0.327500 0.328333 0.331250 0.326667 0.331250 0.321667 0.328750 0.321667 0.327500 0.328333 0.316250 0.330000 0.310000 0.336667 0.308750 0.343333 0.300000 0.343333 0.296250 0.335000 0.291250 0.335000 0.288750 0.330000 0.297500 0.326667 0.295000 0.316667 0.300000 0.295000 0.313750 0.295000 0.315000 0.303333 0.326250 0.303333 0.327500 0.298333 0.320000 0.295000 0.320000 0.285000 0.322500 0.281667 0.325000 0.293333 0.330000 0.291667 0.327500 0.286667 0.327500 0.266667 0.322500 0.266667 0.317500 0.275000 0.305000 0.276667 0.303750 0.268333 0.306250 0.261667 0.297500 0.255000 0.321250 0.208333 0.326250 0.205000 0.312500 0.158333 0.315000 0.153333 0.328750 0.160000 0.328750 0.143333 0.331250 0.141667 0.333750 0.148333 0.336250 0.140000 0.328750 0.133333 0.327500 0.108333 0.317500 0.093333 0.307500 0.086667 0.298750 0.088333 0.292500 0.080000 0.287500 0.080000 0.267500 0.093333 0.255000 0.071667 0.250000 0.075000 0.233750 0.106667 0.220000 0.101667
1 0.456250 0.118333 0.442500 0.116667 0.418750 0.095000 0.398750 0.085000 0.390000 0.085000 0.390000 0.091667 0.385000 0.098333 0.378750 0.098333 0.382500 0.105000 0.365000 0.100000 0.346250 0.088333 0.332500 0.085000 0.321250 0.088333 0.327500 0.096667 0.328750 0.136667 0.317500 0.148333 0.308750 0.146667 0.313750 0.166667 0.313750 0.185000 0.302500 0.193333 0.305000 0.208333 0.311250 0.213333 0.311250 0.220000 0.290000 0.243333 0.273750 0.278333 0.266250 0.286667 0.265000 0.295000 0.258750 0.301667 0.258750 0.310000 0.265000 0.311667 0.267500 0.300000 0.271250 0.300000 0.281250 0.288333 0.283750 0.313333 0.282500 0.333333 0.297500 0.345000 0.301250 0.353333 0.293750 0.368333 0.275000 0.381667 0.276250 0.388333 0.288750 0.386667 0.293750 0.376667 0.306250 0.368333 0.317500 0.383333 0.321250 0.375000 0.327500 0.373333 0.327500 0.363333 0.330000 0.360000 0.342500 0.358333 0.338750 0.353333 0.345000 0.343333 0.357500 0.341667 0.355000 0.338333 0.358750 0.328333 0.357500 0.323333 0.362500 0.313333 0.380000 0.313333 0.381250 0.316667 0.376250 0.320000 0.376250 0.326667 0.397500 0.326667 0.407500 0.341667 0.422500 0.351667 0.426250 0.350000 0.421250 0.343333 0.420000 0.335000 0.423750 0.315000 0.425000 0.333333 0.431250 0.346667 0.430000 0.356667 0.431250 0.360000 0.437500 0.360000 0.436250 0.230000 0.450000 0.183333 0.460000 0.170000 0.462500 0.161667 0.470000 0.156667 0.467500 0.146667 0.455000 0.131667
1 0.671250 0.298333 0.646250 0.313333 0.626250 0.346667 0.620000 0.370000 0.622500 0.408333 0.627500 0.421667 0.653750 0.448333 0.672500 0.455000 0.691250 0.455000 0.702500 0.450000 0.717500 0.436667 0.733750 0.413333 0.740000 0.375000 0.737500 0.348333 0.733750 0.335000 0.713750 0.313333 0.700000 0.305000
0 0.792850 0.519467 0.765075 0.492900 0.750400 0.474733 0.729425 0.455867 0.707412 0.455167 0.721037 0.434200 0.742537 0.422317 0.770837 0.458650 0.788137 0.482417 0.799675 0.482417 0.803337 0.501983
1 0.642500 0.596667 0.625000 0.618333 0.617500 0.641667 0.616250 0.673333 0.618750 0.701667 0.632500 0.723333 0.640000 0.741667 0.650000 0.750000 0.672500 0.756667 0.696250 0.753333 0.711250 0.746667 0.735000 0.715000 0.735000 0.691667 0.738750 0.668333 0.733750 0.645000 0.718750 0.615000 0.696250 0.595000 0.676250 0.590000 0.657500 0.590000
