0 0.240000 0.396667 0.238750 0.408333 0.250000 0.430000 0.283750 0.465000 0.308750 0.480000 0.330000 0.500000 0.348750 0.501667 0.341250 0.473333 0.322500 0.450000 0.303750 0.411667 0.291250 0.395000 0.275000 0.391667 0.263750 0.398333 0.248750 0.393333
1 0.706250 0.395000 0.687500 0.398333 0.661250 0.395000 0.653750 0.400000 0.635000 0.403333 0.633750 0.411667 0.640000 0.416667 0.641250 0.428333 0.612500 0.475000 0.590000 0.493333 0.531250 0.493333 0.516250 0.511667 0.517500 0.536667 0.521250 0.541667 0.535000 0.543333 0.548750 0.563333 0.552500 0.575000 0.568750 0.591667 0.583750 0.598333 0.600000 0.590000 0.616250 0.593333 0.621250 0.613333 0.617500 0.633333 0.618750 0.653333 0.633750 0.666667 0.638750 0.668333 0.650000 0.650000 0.656250 0.653333 0.657500 0.661667 0.662500 0.661667 0.671250 0.653333 0.682500 0.651667 0.686250 0.645000 0.677500 0.641667 0.671250 0.633333 0.672500 0.621667 0.681250 0.615000 0.695000 0.620000 0.702500 0.611667 0.716250 0.615000 0.716250 0.598333 0.721250 0.585000 0.733750 0.578333 0.737500 0.558333 0.747500 0.558333 0.745000 0.535000 0.730000 0.506667 0.736250 0.485000 0.717500 0.456667 0.723750 0.443333 0.718750 0.433333 0.722500 0.423333 0.721250 0.416667
0 0.637500 0.298333 0.627500 0.300000 0.606250 0.295000 0.603750 0.301667 0.600000 0.345000 0.608750 0.371667 0.611250 0.406667 0.607500 0.430000 0.592500 0.461667 0.592500 0.480000 0.601250 0.480000 0.611250 0.468333 0.625000 0.415000 0.636250 0.388333 0.641250 0.345000 0.640000 0.328333 0.646250 0.318333 0.646250 0.311667
0 0.250000 0.455000 0.251250 0.470000 0.270000 0.503333 0.297500 0.581667 0.307500 0.593333 0.318750 0.593333 0.332500 0.568333 0.345000 0.560000 0.346250 0.548333 0.342500 0.536667 0.322500 0.498333 0.308750 0.481667 0.285000 0.468333 0.271250 0.453333
2 0.350000 0.563333 0.352500 0.568333 0.358750 0.570000 0.376250 0.560000 0.420000 0.560000 0.425000 0.555000 0.438750 0.553333 0.471250 0.578333 0.500000 0.588333 0.545000 0.618333 0.570000 0.653333 0.561250 0.656667 0.556250 0.663333 0.542500 0.663333 0.536250 0.683333 0.521250 0.696667 0.535000 0.721667 0.530000 0.753333 0.523750 0.763333 0.525000 0.778333 0.532500 0.783333 0.542500 0.783333 0.546250 0.795000 0.551250 0.800000 0.555000 0.815000 0.563750 0.808333 0.577500 0.788333 0.588750 0.755000 0.592500 0.751667 0.595000 0.720000 0.601250 0.703333 0.601250 0.656667 0.590000 0.606667 0.565000 0.593333 0.548750 0.573333 0.546250 0.563333 0.531250 0.548333 0.516250 0.541667 0.513750 0.508333 0.511250 0.505000 0.490000 0.498333 0.445000 0.498333 0.431250 0.501667 0.400000 0.518333 0.387500 0.531667 0.383750 0.531667 0.371250 0.548333 0.360000 0.555000 0.357500 0.561667
1 0.318750 0.681667 0.313750 0.678333 0.292500 0.696667 0.271250 0.703333 0.231250 0.698333 0.230000 0.710000 0.233750 0.738333 0.238750 0.745000 0.237500 0.760000 0.246250 0.775000 0.255000 0.775000 0.261250 0.783333 0.270000 0.780000 0.273750 0.785000 0.278750 0.785000 0.287500 0.771667 0.295000 0.771667 0.306250 0.755000 0.313750 0.751667 0.317500 0.745000 0.320000 0.726667
1 0.323750 0.616667 0.317500 0.606667 0.305000 0.601667 0.288750 0.601667 0.261250 0.610000 0.220000 0.633333 0.212500 0.655000 0.212500 0.676667 0.220000 0.690000 0.236250 0.700000 0.263750 0.705000 0.296250 0.695000 0.311250 0.683333 0.316250 0.673333 0.322500 0.641667
0 0.367500 0.563333 0.345000 0.581667 0.328750 0.603333 0.326250 0.638333 0.320000 0.661667 0.323750 0.755000 0.331250 0.780000 0.338750 0.793333 0.357500 0.805000 0.407500 0.858333 0.420000 0.865000 0.423750 0.863333 0.428750 0.868333 0.426250 0.880000 0.383750 0.896667 0.383750 0.910000 0.397500 0.918333 0.400000 0.925000 0.422500 0.938333 0.466250 0.940000 0.493750 0.903333 0.500000 0.880000 0.500000 0.866667 0.506250 0.853333 0.517500 0.843333 0.530000 0.825000 0.545000 0.821667 0.551250 0.815000 0.551250 0.808333 0.542500 0.788333 0.530000 0.786667 0.517500 0.775000 0.520000 0.761667 0.531250 0.736667 0.531250 0.718333 0.523750 0.708333 0.518750 0.693333 0.535000 0.678333 0.536250 0.666667 0.542500 0.653333 0.562500 0.655000 0.566250 0.645000 0.545000 0.616667 0.525000 0.606667 0.500000 0.586667 0.473750 0.578333 0.442500 0.553333 0.431250 0.551667 0.418750 0.560000 0.383750 0.558333
0 0.283750 0.355000 0.280000 0.361667 0.281250 0.371667 0.300000 0.395000 0.312500 0.435000 0.340000 0.471667 0.343750 0.500000 0.366250 0.518333 0.378750 0.523333 0.392500 0.521667 0.400000 0.491667 0.399375 0.445833 0.390000 0.430833 0.376250 0.426167 0.382500 0.466667 0.383750 0.475000 0.365000 0.491667 0.360000 0.490000 0.351250 0.473333 0.351250 0.446667 0.346250 0.440000 0.352500 0.436667 0.343750 0.408333 0.346250 0.403333 0.342500 0.393333 0.346250 0.388333 0.341250 0.371667 0.330000 0.361667 0.313750 0.360000 0.300000 0.353333
0 0.370000 0.238333 0.360000 0.236667 0.352500 0.240000 0.350000 0.245000 0.351250 0.275000 0.345000 0.281667 0.338750 0.355500 0.346625 0.395167 0.368125 0.490833 0.381875 0.372167 0.387500 0.278333 0.382500 0.258333
0 0.407500 0.233333 0.397500 0.258333 0.396250 0.286667 0.401250 0.293333 0.417500 0.296667 0.421250 0.291667 0.421250 0.270000 0.412500 0.238333
0 0.433750 0.258333 0.430000 0.270000 0.431250 0.286667 0.441250 0.300000 0.465000 0.355000 0.462500 0.366667 0.453750 0.371667 0.450000 0.381667 0.436250 0.383333 0.441250 0.416667 0.458750 0.443333 0.460000 0.491667 0.467500 0.495000 0.497500 0.450000 0.503750 0.425000 0.500000 0.418333 0.498750 0.400000 0.487500 0.385000 0.475000 0.333333 0.468750 0.321667 0.467500 0.308333 0.458750 0.286667 0.446250 0.265000
0 0.462500 0.240000 0.453750 0.253333 0.452500 0.276667 0.465000 0.303333 0.471250 0.305000 0.478750 0.271667 0.478750 0.251667 0.473750 0.241667
0 0.488750 0.240000 0.481250 0.251667 0.485000 0.330000 0.493750 0.361667 0.492500 0.378333 0.505000 0.421667 0.510000 0.421667 0.520000 0.388333 0.517500 0.343333 0.525000 0.306667 0.525000 0.275000 0.521250 0.265000 0.508750 0.256667 0.497500 0.240000
0 0.547500 0.251833 0.531875 0.257167 0.508750 0.426667 0.506250 0.468333 0.510000 0.486667 0.528750 0.481667 0.560000 0.445000 0.565000 0.435000 0.561250 0.400000
0 0.554375 0.305333 0.562500 0.403333 0.570000 0.443333 0.570000 0.465000 0.583750 0.483333 0.590000 0.483333 0.596250 0.478333 0.593750 0.473333 0.595000 0.463333 0.613750 0.408333 0.611250 0.370000 0.586625 0.265833 0.582500 0.253167 0.555625 0.269833
