1 0.602500 0.213333 0.601250 0.231667 0.608750 0.238333 0.611250 0.233333 0.608750 0.216667
1 0.657500 0.188333 0.653750 0.201667 0.665000 0.210000 0.671250 0.210000 0.675000 0.201667 0.675000 0.193333 0.670000 0.188333
1 0.711250 0.358333 0.711250 0.378333 0.718750 0.390000 0.730000 0.393333 0.737500 0.385000 0.738750 0.376667 0.725000 0.356667 0.718750 0.355000
1 0.560000 0.435000 0.558750 0.446667 0.562500 0.448333 0.563750 0.438333
1 0.780000 0.360000 0.777500 0.366667 0.782500 0.388333 0.791250 0.396667 0.798750 0.395000 0.800000 0.383333 0.792500 0.358333 0.786250 0.356667
0 0.472500 0.528333 0.466250 0.531667 0.453750 0.576667 0.445000 0.588333 0.453750 0.635000 0.458750 0.641667 0.467500 0.638333 0.476250 0.620000 0.476250 0.538333
0 0.466250 0.373333 0.456250 0.375000 0.451250 0.388333 0.445000 0.395000 0.436250 0.445000 0.423750 0.555000 0.432500 0.583333 0.438750 0.591667 0.446250 0.590000 0.453750 0.578333 0.472500 0.511667 0.473750 0.483333 0.471250 0.466667 0.466250 0.463333 0.470000 0.451667 0.470000 0.398333 0.472500 0.383333
1 0.693750 0.446667 0.695000 0.456667 0.703750 0.463333 0.718750 0.463333 0.723750 0.456667 0.718750 0.450000 0.717500 0.438333 0.710000 0.431667 0.703750 0.431667
1 0.795000 0.636667 0.790000 0.650000 0.790000 0.661667 0.793750 0.666667 0.800000 0.666667 0.808750 0.658333 0.807500 0.645000 0.803750 0.638333
0 0.390000 0.240000 0.387500 0.248333 0.391250 0.266667 0.383750 0.290000 0.382500 0.323333 0.385000 0.355000 0.390000 0.378333 0.393750 0.383333 0.407500 0.385000 0.422500 0.366667 0.437500 0.326667 0.443750 0.298333 0.437500 0.273333 0.417500 0.250000
0 0.391250 0.255000 0.386250 0.248333 0.375000 0.248333 0.366250 0.258333 0.337500 0.265000 0.326250 0.281667 0.313750 0.288333 0.296250 0.318333 0.290000 0.340000 0.282500 0.350000 0.282500 0.360000 0.300000 0.373333 0.321250 0.375000 0.333750 0.370000 0.346250 0.350000 0.356250 0.360000 0.373750 0.355000 0.381250 0.356667 0.377500 0.346667 0.382500 0.321667 0.382500 0.288333 0.390000 0.271667
0 0.452500 0.271667 0.445000 0.273333 0.445000 0.306667 0.441250 0.318333 0.441250 0.333333 0.446250 0.350000 0.438750 0.380000 0.441250 0.393333 0.447500 0.391667 0.452500 0.385000 0.453750 0.376667 0.467500 0.356667 0.472500 0.330000 0.472500 0.313333 0.460000 0.281667
1 0.693750 0.368333 0.685000 0.370000 0.685000 0.378333 0.681250 0.383333 0.680000 0.401667 0.685000 0.408333 0.707500 0.400000 0.706250 0.383333 0.695000 0.373333
1 0.600000 0.291667 0.600000 0.298333 0.603750 0.303333 0.620000 0.306667 0.626250 0.313333 0.635000 0.308333 0.635000 0.300000 0.630000 0.293333 0.617500 0.293333 0.610000 0.288333
1 0.623750 0.323333 0.617500 0.331667 0.615000 0.343333 0.625000 0.360000 0.628750 0.360000 0.637500 0.351667 0.638750 0.336667 0.630000 0.323333
1 0.511250 0.468333 0.511250 0.498333 0.513750 0.506667 0.521250 0.516667 0.530000 0.516667 0.532500 0.503333 0.531250 0.478333 0.521250 0.470000
1 0.518750 0.365000 0.513750 0.373333 0.515000 0.401667 0.517500 0.406667 0.523750 0.406667 0.530000 0.400000 0.530000 0.381667 0.526250 0.366667
1 0.528750 0.328333 0.518750 0.331667 0.513750 0.340000 0.517500 0.361667 0.523750 0.363333 0.535000 0.358333 0.533750 0.336667
1 0.701250 0.421667 0.696250 0.423333 0.685000 0.441667 0.687500 0.450000 0.692500 0.450000 0.703750 0.430000
1 0.652500 0.460000 0.648750 0.463333 0.647500 0.473333 0.655000 0.478333 0.660000 0.473333 0.661250 0.466667
1 0.726250 0.525000 0.721250 0.525000 0.711250 0.536667 0.710000 0.541667 0.712500 0.546667 0.720000 0.545000 0.726250 0.536667
1 0.701250 0.466667 0.687500 0.473333 0.683750 0.483333 0.688750 0.490000 0.700000 0.488333 0.703750 0.481667
1 0.741250 0.613333 0.742500 0.630000 0.751250 0.643333 0.756250 0.643333 0.770000 0.625000 0.768750 0.618333 0.761250 0.610000 0.752500 0.613333 0.743750 0.610000
1 0.528750 0.751667 0.528750 0.756667 0.538750 0.768333 0.555000 0.766667 0.563750 0.758333 0.563750 0.751667 0.552500 0.736667 0.543750 0.736667
1 0.582500 0.491667 0.572500 0.495000 0.560000 0.510000 0.560000 0.518333 0.575000 0.533333 0.582500 0.531667 0.590000 0.515000 0.591250 0.501667
1 0.637500 0.485000 0.627500 0.490000 0.622500 0.500000 0.622500 0.511667 0.630000 0.531667 0.638750 0.528333 0.645000 0.518333 0.645000 0.510000
1 0.650000 0.500000 0.646250 0.511667 0.647500 0.530000 0.657500 0.535000 0.668750 0.533333 0.672500 0.523333 0.671250 0.503333
1 0.693750 0.511667 0.682500 0.506667 0.677500 0.508333 0.670000 0.540000 0.671250 0.546667 0.682500 0.545000 0.691250 0.536667 0.695000 0.525000
1 0.678750 0.448333 0.675000 0.451667 0.672500 0.463333 0.675000 0.475000 0.682500 0.476667 0.693750 0.466667 0.693750 0.460000 0.685000 0.448333
1 0.606250 0.563333 0.600000 0.570000 0.598750 0.600000 0.601250 0.605000 0.616250 0.605000 0.620000 0.598333 0.620000 0.571667 0.615000 0.563333
1 0.625000 0.360000 0.613750 0.343333 0.603750 0.345000 0.593750 0.353333 0.593750 0.366667 0.601250 0.373333 0.615000 0.371667
0 0.386250 0.371667 0.368750 0.373333 0.363750 0.380000 0.367500 0.386667 0.366250 0.395000 0.367500 0.398333 0.373750 0.398333 0.375000 0.410000 0.366250 0.430000 0.365000 0.448333 0.351250 0.485000 0.350000 0.508333 0.336250 0.553333 0.335000 0.578333 0.328750 0.605000 0.330000 0.615000 0.337500 0.628333 0.360000 0.631667 0.368750 0.625000 0.377500 0.558333 0.403750 0.465000 0.406250 0.438333 0.413750 0.411667 0.415000 0.388333 0.412500 0.385000 0.403750 0.388333 0.393750 0.383333
1 0.645000 0.331667 0.640000 0.338333 0.637500 0.355000 0.647500 0.370000 0.653750 0.370000 0.662500 0.356667 0.662500 0.346667 0.651250 0.333333
0 0.373750 0.375000 0.367500 0.375000 0.358750 0.381667 0.343750 0.381667 0.333750 0.390000 0.322500 0.411667 0.313750 0.438333 0.308750 0.465000 0.312500 0.506667 0.310000 0.546667 0.306250 0.563333 0.308750 0.596667 0.313750 0.605000 0.321250 0.606667 0.328750 0.595000 0.332500 0.556667 0.347500 0.510000 0.362500 0.440000 0.375000 0.410000 0.376250 0.391667
1 0.652500 0.563333 0.651250 0.578333 0.653750 0.591667 0.656250 0.595000 0.670000 0.595000 0.672500 0.591667 0.671250 0.566667 0.665000 0.561667
0 0.432500 0.385000 0.428750 0.385000 0.427500 0.390000 0.425000 0.385000 0.418750 0.385000 0.416250 0.391667 0.413750 0.421667 0.405000 0.455000 0.403750 0.501667 0.397500 0.531667 0.381250 0.580000 0.373750 0.590000 0.370000 0.603333 0.372500 0.618333 0.395000 0.633333 0.400000 0.631667 0.403750 0.625000 0.402500 0.596667 0.413750 0.568333 0.430000 0.501667 0.435000 0.441667 0.441250 0.415000 0.441250 0.400000
1 0.558750 0.400000 0.557500 0.405000 0.560000 0.408333 0.565000 0.406667 0.563750 0.400000
1 0.615000 0.268333 0.610000 0.273333 0.608750 0.281667 0.612500 0.286667 0.620000 0.286667 0.622500 0.283333 0.621250 0.270000
1 0.603750 0.533333 0.601250 0.545000 0.608750 0.550000 0.611250 0.540000 0.607500 0.533333
1 0.648750 0.535000 0.645000 0.538333 0.645000 0.546667 0.652500 0.555000 0.656250 0.551667 0.657500 0.540000 0.655000 0.535000
1 0.687500 0.595000 0.682500 0.593333 0.678750 0.600000 0.683750 0.601667
1 0.662500 0.726667 0.657500 0.728333 0.653750 0.736667 0.656250 0.748333 0.663750 0.748333 0.667500 0.741667 0.667500 0.733333
2 0.570000 0.205000 0.561250 0.218333 0.550000 0.215000 0.541250 0.220000 0.540000 0.230000 0.531250 0.233333 0.528750 0.243333 0.516250 0.253333 0.515000 0.311667 0.517500 0.330000 0.513750 0.340000 0.513750 0.350000 0.517500 0.361667 0.513750 0.371667 0.513750 0.383333 0.516250 0.385000 0.515000 0.396667 0.517500 0.401667 0.517500 0.456667 0.512500 0.471667 0.511250 0.500000 0.517500 0.513333 0.513750 0.533333 0.512500 0.565000 0.508750 0.570000 0.511250 0.616667 0.516250 0.635000 0.512500 0.655000 0.522500 0.675000 0.523750 0.718333 0.531250 0.735000 0.540000 0.738333 0.537500 0.746667 0.540000 0.750000 0.552500 0.748333 0.563750 0.753333 0.587500 0.751667 0.611250 0.765000 0.617500 0.765000 0.622500 0.760000 0.625000 0.766667 0.631250 0.766667 0.637500 0.771667 0.651250 0.771667 0.660000 0.776667 0.670000 0.775000 0.676250 0.788333 0.682500 0.788333 0.691250 0.775000 0.697500 0.771667 0.698750 0.751667 0.748750 0.746667 0.766250 0.728333 0.781250 0.720000 0.791250 0.696667 0.791250 0.658333 0.796250 0.656667 0.793750 0.628333 0.797500 0.608333 0.796250 0.578333 0.798750 0.555000 0.796250 0.551667 0.797500 0.543333 0.791250 0.533333 0.793750 0.528333 0.790000 0.523333 0.792500 0.493333 0.788750 0.480000 0.792500 0.466667 0.790000 0.410000 0.798750 0.390000 0.795000 0.368333 0.796250 0.338333 0.790000 0.328333 0.780000 0.235000 0.760000 0.226667 0.745000 0.211667 0.727500 0.213333 0.725000 0.205000 0.713750 0.190000 0.663750 0.190000 0.650000 0.196667 0.638750 0.195000 0.631250 0.201667 0.625000 0.198333 0.605000 0.200000 0.592500 0.210000 0.582500 0.203333
1 0.562500 0.266667 0.556250 0.273333 0.556250 0.283333 0.563750 0.301667 0.573750 0.301667 0.580000 0.293333 0.577500 0.273333 0.573750 0.266667
