1 0.972663 0.509177 1.000000 0.509177 1.000000 0.533978 0.972663 0.533978
1 0.415344 0.578373 0.436949 0.578373 0.436949 0.620288 0.415344 0.620288
1 0.275573 0.484623 0.334656 0.484623 0.334656 0.511409 0.275573 0.511409
1 0.092593 0.446925 0.171517 0.446925 0.171517 0.468750 0.092593 0.468750
0 0.679894 0.684276 0.831570 0.684276 0.831570 0.778274 0.679894 0.778274
0 0.502205 0.655506 0.694004 0.655506 0.694004 0.735367 0.502205 0.735367
0 0.358907 0.481151 0.692240 0.481151 0.692240 0.644593 0.358907 0.644593
0 0.191358 0.538690 0.394621 0.538690 0.394621 0.644841 0.191358 0.644841
0 0.000000 0.438988 0.294974 0.438988 0.294974 0.713790 0.000000 0.713790
0 0.014991 0.666667 0.170635 0.666667 0.170635 0.777530 0.014991 0.777530
0 0.109347 0.763145 0.264991 0.763145 0.264991 0.824901 0.109347 0.824901
0 0.279101 0.812748 0.384039 0.812748 0.384039 0.870040 0.279101 0.870040
0 0.497354 0.684772 0.831129 0.684772 0.831129 0.838046 0.497354 0.838046
0 0.263668 0.621776 0.533951 0.621776 0.533951 0.774306 0.263668 0.774306
1 0.000000 0.745040 0.068783 0.745040 0.068783 0.766369 0.000000 0.766369
1 0.094797 0.712302 0.172399 0.712302 0.172399 0.753224 0.094797 0.753224
1 0.205467 0.646577 0.280423 0.646577 0.280423 0.748512 0.205467 0.748512
1 0.287478 0.768105 0.371693 0.768105 0.371693 0.812004 0.287478 0.812004
1 0.398589 0.777530 0.426808 0.777530 0.426808 0.799107 0.398589 0.799107
1 0.563492 0.453621 1.000000 0.453621 1.000000 0.641617 0.563492 0.641617
2 0.127425 0.179067 0.888007 0.179067 0.888007 0.557540 0.127425 0.557540
