0 0.484780 0.454217 0.588501 0.454217 0.588501 0.520974 0.484780 0.520974
0 0.715333 0.545783 0.775085 0.545783 0.775085 0.589535 0.715333 0.589535
0 0.677001 0.644565 0.757610 0.644565 0.757610 0.690573 0.677001 0.690573
0 0.768320 0.562021 0.844419 0.562021 0.844419 0.597654 0.768320 0.597654
0 0.293123 0.534957 0.342165 0.534957 0.342165 0.585025 0.293123 0.585025
0 0.354566 0.560217 0.436302 0.560217 0.436302 0.608029 0.354566 0.608029
0 0.281849 0.293640 0.382751 0.293640 0.382751 0.371222 0.281849 0.371222
0 0.693912 0.595850 0.725479 0.595850 0.725479 0.638250 0.693912 0.638250
0 0.735626 0.454217 0.782413 0.454217 0.782413 0.507894 0.735626 0.507894
0 0.264938 0.715381 0.337091 0.715381 0.337091 0.761840 0.264938 0.761840
0 0.344419 0.231394 0.417136 0.231394 0.417136 0.290934 0.344419 0.290934
0 0.274521 0.341452 0.348365 0.341452 0.348365 0.409562 0.274521 0.409562
0 0.213641 0.481732 0.272830 0.481732 0.272830 0.534506 0.213641 0.534506
0 0.251409 0.457375 0.294250 0.457375 0.294250 0.501579 0.251409 0.501579
0 0.174183 0.428958 0.273957 0.428958 0.273957 0.476319 0.174183 0.476319
0 0.176437 0.419937 0.232244 0.419937 0.232244 0.458277 0.176437 0.458277
0 0.098647 0.317095 0.175310 0.317095 0.175310 0.370320 0.098647 0.370320
0 0.279030 0.680650 0.385006 0.680650 0.385006 0.720794 0.279030 0.720794
0 0.155581 0.696888 0.241263 0.696888 0.241263 0.764096 0.155581 0.764096
0 0.238444 0.643212 0.301578 0.643212 0.301578 0.690573 0.238444 0.690573
0 0.161781 0.662156 0.233371 0.662156 0.233371 0.700496 0.161781 0.700496
0 0.095829 0.653135 0.165163 0.653135 0.165163 0.705458 0.095829 0.705458
0 0.036640 0.592693 0.110485 0.592693 0.110485 0.657645 0.036640 0.657645
0 0.179820 0.585927 0.242390 0.585927 0.242390 0.645016 0.179820 0.645016
0 0.036640 0.500677 0.122886 0.500677 0.122886 0.546685 0.036640 0.546685
0 0.000000 0.435724 0.051297 0.435724 0.051297 0.516464 0.000000 0.516464
0 0.125141 0.499774 0.203495 0.499774 0.203495 0.541272 0.125141 0.541272
0 0.302142 0.497068 0.364713 0.497068 0.364713 0.555706 0.302142 0.555706
0 0.430101 0.357240 0.490981 0.357240 0.490981 0.399188 0.430101 0.399188
0 0.211950 0.321155 0.280158 0.321155 0.280158 0.394226 0.211950 0.394226
0 0.133033 0.395129 0.208568 0.395129 0.208568 0.438881 0.133033 0.438881
0 0.067080 0.443843 0.135287 0.443843 0.135287 0.490753 0.067080 0.490753
0 0.391206 0.497519 0.436866 0.497519 0.436866 0.559765 0.391206 0.559765
0 0.430665 0.480379 0.487035 0.480379 0.487035 0.534506 0.430665 0.534506
0 0.616122 0.526387 0.697294 0.526387 0.697294 0.608480 0.616122 0.608480
0 0.695039 0.499774 0.772830 0.499774 0.772830 0.544880 0.695039 0.544880
0 0.790868 0.637348 0.872041 0.637348 0.872041 0.695083 0.790868 0.695083
0 0.718715 0.690122 0.771139 0.690122 0.771139 0.737483 0.718715 0.737483
0 0.711387 0.592693 0.863585 0.592693 0.863585 0.657645 0.711387 0.657645
0 0.653326 0.412269 0.703495 0.412269 0.703495 0.458277 0.653326 0.458277
0 0.568771 0.426252 0.613867 0.426252 0.613867 0.465043 0.568771 0.465043
0 0.522548 0.405954 0.573844 0.405954 0.573844 0.438430 0.522548 0.438430
0 0.320180 0.586829 0.361330 0.586829 0.361330 0.627876 0.320180 0.627876
0 0.263811 0.505638 0.295941 0.505638 0.295941 0.580965 0.263811 0.580965
0 0.332018 0.445647 0.380496 0.445647 0.380496 0.497068 0.332018 0.497068
0 0.358512 0.400090 0.422210 0.400090 0.422210 0.438881 0.358512 0.438881
0 0.126832 0.555706 0.187711 0.555706 0.187711 0.608931 0.126832 0.608931
0 0.067644 0.539017 0.153890 0.539017 0.153890 0.572846 0.067644 0.572846
0 0.776776 0.497068 0.860203 0.497068 0.860203 0.541723 0.776776 0.541723
0 0.770575 0.530898 0.845547 0.530898 0.845547 0.576455 0.770575 0.576455
0 0.702368 0.388814 0.750282 0.388814 0.750282 0.421290 0.702368 0.421290
0 0.732807 0.417230 0.776776 0.417230 0.776776 0.457375 0.732807 0.457375
0 0.616685 0.474064 0.687148 0.474064 0.687148 0.522327 0.616685 0.522327
0 0.392897 0.370320 0.468433 0.370320 0.468433 0.432567 0.392897 0.432567
0 0.435175 0.577357 0.500564 0.577357 0.500564 0.636446 0.435175 0.636446
0 0.609357 0.690122 0.695603 0.690122 0.695603 0.746955 0.609357 0.746955
0 0.618940 0.631033 0.674746 0.631033 0.674746 0.677492 0.618940 0.677492
0 0.299887 0.616148 0.419955 0.616148 0.419955 0.684258 0.299887 0.684258
0 0.293687 0.471809 0.335400 0.471809 0.335400 0.502030 0.293687 0.502030
0 0.468433 0.409111 0.518602 0.409111 0.518602 0.434371 0.468433 0.434371
0 0.363021 0.426703 0.449831 0.426703 0.449831 0.470456 0.363021 0.470456
0 0.154453 0.362652 0.197294 0.362652 0.197294 0.389716 0.154453 0.389716
0 0.195039 0.541272 0.264374 0.541272 0.264374 0.567433 0.195039 0.567433
0 0.200676 0.557059 0.241263 0.557059 0.241263 0.583221 0.200676 0.583221
0 0.259865 0.587731 0.315671 0.587731 0.315671 0.623365 0.259865 0.623365
0 0.273393 0.408209 0.355693 0.408209 0.355693 0.454668 0.273393 0.454668
0 0.254228 0.411367 0.300451 0.411367 0.300451 0.435273 0.254228 0.435273
0 0.453777 0.638701 0.505637 0.638701 0.505637 0.675237 0.453777 0.675237
0 0.408681 0.637799 0.445885 0.637799 0.445885 0.671177 0.408681 0.671177
0 0.700676 0.456022 0.741826 0.456022 0.741826 0.492106 0.700676 0.492106
