0 0.466250 0.280833 0.122500 0.125000
0 0.425625 0.468333 0.046250 0.053333
0 0.348125 0.509167 0.058750 0.071667
0 0.388750 0.627500 0.040000 0.141667
2 0.586250 0.575833 0.357500 0.565000
1 0.305625 0.318333 0.041250 0.036667
1 0.386250 0.313333 0.075000 0.096667
1 0.517500 0.339167 0.025000 0.101667
1 0.510625 0.302500 0.076250 0.031667
0 0.464375 0.353333 0.083750 0.100000
1 0.276875 0.360000 0.066250 0.056667
1 0.291875 0.291667 0.033750 0.026667
1 0.325625 0.450000 0.033750 0.053333
0 0.438750 0.415000 0.110000 0.100000
0 0.572500 0.345000 0.085000 0.076667
0 0.337500 0.330833 0.055000 0.115000
0 0.450625 0.160833 0.096250 0.105000
0 0.305000 0.251667 0.080000 0.056667
0 0.358750 0.450000 0.102500 0.156667
0 0.270625 0.425000 0.086250 0.096667
0 0.283750 0.538333 0.065000 0.100000
0 0.330625 0.645833 0.066250 0.115000
0 0.396250 0.229167 0.087500 0.075000
