0 0.534375 0.521667 0.031250 0.073333
0 0.573750 0.585000 0.052500 0.103333
0 0.533125 0.304167 0.126250 0.131667
0 0.619375 0.268333 0.063750 0.090000
0 0.538750 0.755833 0.112500 0.088333
0 0.562500 0.686667 0.100000 0.100000
0 0.626875 0.740000 0.051250 0.076667
0 0.428125 0.335000 0.098750 0.106667
0 0.651250 0.558333 0.137500 0.146667
0 0.613750 0.641667 0.082500 0.120000
0 0.502500 0.790833 0.087500 0.085000
0 0.446250 0.759167 0.070000 0.085000
0 0.303125 0.543333 0.048750 0.070000
0 0.294375 0.454167 0.058750 0.101667
0 0.466250 0.433333 0.040000 0.056667
0 0.684375 0.528333 0.058750 0.100000
0 0.653125 0.348333 0.076250 0.166667
0 0.585625 0.448333 0.043750 0.046667
0 0.377500 0.680000 0.025000 0.036667
0 0.281250 0.375000 0.027500 0.043333
0 0.543125 0.211667 0.038750 0.050000
0 0.670000 0.429167 0.022500 0.035000
0 0.650625 0.470833 0.048750 0.051667
0 0.318125 0.404167 0.058750 0.065000
0 0.456250 0.238333 0.037500 0.093333
0 0.335625 0.308333 0.093750 0.160000
0 0.408750 0.255833 0.080000 0.085000
0 0.486875 0.223333 0.063750 0.083333
0 0.481875 0.287500 0.041250 0.065000
0 0.415000 0.420833 0.047500 0.075000
0 0.522500 0.444167 0.075000 0.088333
0 0.380625 0.448333 0.051250 0.183333
0 0.363750 0.447500 0.027500 0.065000
1 0.408125 0.578333 0.288750 0.273333
2 0.553125 0.410000 0.146250 0.113333
