1 0.631875 0.531667 0.231250 0.273333
1 0.275000 0.731667 0.090000 0.106667
2 0.475625 0.656667 0.251250 0.316667
0 0.298125 0.523333 0.096250 0.140000
0 0.293750 0.446667 0.110000 0.110000
0 0.619375 0.387500 0.053750 0.185000
0 0.584063 0.368250 0.059375 0.230167
0 0.535625 0.369250 0.058750 0.234833
0 0.503125 0.330833 0.043750 0.181667
0 0.465625 0.272500 0.026250 0.065000
0 0.466875 0.376667 0.073750 0.236667
0 0.408750 0.265000 0.025000 0.063333
0 0.363125 0.363750 0.048750 0.254167
0 0.340000 0.438333 0.120000 0.170000
0 0.443125 0.745833 0.246250 0.388333
1 0.268125 0.653333 0.111250 0.103333
