1 0.687500 0.510000 0.057500 0.026667
1 0.543125 0.197500 0.053750 0.095000
1 0.533125 0.235833 0.018750 0.031667
1 0.393750 0.351667 0.050000 0.050000
1 0.501875 0.302500 0.093750 0.125000
1 0.436250 0.306667 0.037500 0.080000
1 0.552500 0.252500 0.017500 0.081667
0 0.348125 0.484167 0.118750 0.148333
0 0.388750 0.608333 0.075000 0.096667
0 0.447500 0.458333 0.065000 0.223333
0 0.746250 0.698333 0.135000 0.163333
1 0.453750 0.600000 0.057500 0.036667
1 0.503125 0.498333 0.041250 0.043333
1 0.437500 0.525000 0.062500 0.130000
1 0.506250 0.385000 0.050000 0.090000
1 0.469375 0.490000 0.023750 0.010000
0 0.515625 0.779167 0.146250 0.131667
0 0.622500 0.755833 0.047500 0.095000
0 0.659375 0.574167 0.133750 0.108333
0 0.545000 0.564167 0.080000 0.091667
0 0.741875 0.544167 0.136250 0.148333
0 0.620625 0.472500 0.103750 0.111667
0 0.325625 0.383333 0.101250 0.066667
0 0.506875 0.448333 0.058750 0.126667
1 0.712500 0.390833 0.170000 0.148333
1 0.734375 0.246667 0.216250 0.196667
1 0.781875 0.395833 0.141250 0.211667
1 0.605000 0.300833 0.100000 0.171667
1 0.639375 0.615833 0.086250 0.098333
1 0.538750 0.648333 0.085000 0.100000
1 0.483750 0.690000 0.065000 0.096667
1 0.458750 0.710833 0.065000 0.071667
1 0.513750 0.579167 0.027500 0.038333
1 0.562500 0.530000 0.055000 0.053333
1 0.625000 0.545000 0.047500 0.033333
1 0.548125 0.435000 0.046250 0.063333
1 0.555000 0.479167 0.075000 0.038333
1 0.535625 0.371667 0.023750 0.046667
1 0.520000 0.312500 0.040000 0.038333
1 0.450000 0.293333 0.037500 0.086667
1 0.417500 0.211667 0.060000 0.083333
1 0.396875 0.308333 0.041250 0.053333
1 0.406875 0.415833 0.013750 0.031667
1 0.406875 0.690833 0.021250 0.048333
1 0.429375 0.644167 0.078750 0.041667
1 0.455000 0.616667 0.057500 0.043333
1 0.578125 0.625833 0.036250 0.028333
1 0.656875 0.749167 0.041250 0.075000
1 0.688750 0.772500 0.030000 0.018333
0 0.596250 0.670000 0.047500 0.076667
1 0.413125 0.580833 0.011250 0.045000
1 0.773750 0.549167 0.020000 0.025000
