1 0.070850 0.285132 0.157895 0.285132 0.157895 0.441955 0.070850 0.441955
1 0.593117 0.120163 0.686235 0.120163 0.686235 0.221996 0.593117 0.221996
1 0.534413 0.885947 0.682186 0.885947 0.682186 0.940937 0.534413 0.940937
1 0.661943 0.158859 0.785425 0.158859 0.785425 0.276986 0.661943 0.276986
1 0.797571 0.413442 0.919028 0.413442 0.919028 0.517312 0.797571 0.517312
0 0.198381 0.128310 0.423077 0.128310 0.423077 0.262729 0.198381 0.262729
0 0.155870 0.248473 0.289474 0.248473 0.289474 0.429735 0.155870 0.429735
0 0.042510 0.476578 0.204453 0.476578 0.204453 0.637475 0.042510 0.637475
0 0.184211 0.448065 0.388664 0.448065 0.388664 0.615071 0.184211 0.615071
0 0.147773 0.574338 0.305668 0.574338 0.305668 0.737271 0.147773 0.737271
0 0.295547 0.403259 0.593117 0.403259 0.593117 0.606925 0.295547 0.606925
0 0.267206 0.246436 0.514170 0.246436 0.514170 0.372709 0.267206 0.372709
0 0.366397 0.323829 0.554656 0.323829 0.554656 0.450102 0.366397 0.450102
0 0.487854 0.073320 0.585020 0.073320 0.585020 0.299389 0.487854 0.299389
0 0.568826 0.266802 0.720648 0.266802 0.720648 0.464358 0.568826 0.464358
0 0.694332 0.195519 0.850202 0.195519 0.850202 0.331976 0.694332 0.331976
0 0.712551 0.323829 0.866397 0.323829 0.866397 0.470468 0.712551 0.470468
0 0.566802 0.437882 0.728745 0.437882 0.728745 0.545825 0.566802 0.545825
0 0.720648 0.448065 0.823887 0.448065 0.823887 0.623218 0.720648 0.623218
0 0.823887 0.352342 0.912955 0.352342 0.912955 0.458248 0.823887 0.458248
0 0.522267 0.560081 0.718623 0.560081 0.718623 0.716904 0.522267 0.716904
0 0.305668 0.558045 0.451417 0.558045 0.451417 0.753564 0.305668 0.753564
0 0.259109 0.747454 0.364372 0.747454 0.364372 0.926680 0.259109 0.926680
0 0.329960 0.737271 0.433198 0.737271 0.433198 0.945010 0.329960 0.945010
0 0.412955 0.735234 0.508097 0.735234 0.508097 0.951120 0.412955 0.951120
0 0.398785 0.674134 0.633603 0.674134 0.633603 0.910387 0.398785 0.910387
0 0.603239 0.625255 0.815789 0.625255 0.815789 0.755601 0.603239 0.755601
0 0.663968 0.541752 0.718623 0.541752 0.718623 0.572301 0.663968 0.572301
0 0.815789 0.517312 0.904858 0.517312 0.904858 0.739308 0.815789 0.739308
0 0.633603 0.727088 0.860324 0.727088 0.860324 0.885947 0.633603 0.885947
1 0.115385 0.714868 0.301619 0.714868 0.301619 0.865580 0.115385 0.865580
1 0.026316 0.301426 0.109312 0.301426 0.109312 0.484725 0.026316 0.484725
1 0.072874 0.623218 0.145749 0.623218 0.145749 0.696538 0.072874 0.696538
1 0.101215 0.397149 0.212551 0.397149 0.212551 0.515275 0.101215 0.515275
1 0.244939 0.370672 0.370445 0.370672 0.370445 0.462322 0.244939 0.462322
1 0.327935 0.173116 0.502024 0.173116 0.502024 0.268839 0.327935 0.268839
1 0.336032 0.097760 0.414980 0.097760 0.414980 0.140530 0.336032 0.140530
1 0.453441 0.572301 0.508097 0.572301 0.508097 0.647658 0.453441 0.647658
1 0.491903 0.407332 0.585020 0.407332 0.585020 0.505092 0.491903 0.505092
1 0.546559 0.350305 0.613360 0.350305 0.613360 0.435845 0.546559 0.435845
1 0.504049 0.283096 0.593117 0.283096 0.593117 0.338086 0.504049 0.338086
1 0.578947 0.189409 0.668016 0.189409 0.668016 0.268839 0.578947 0.268839
1 0.336032 0.091650 0.479757 0.091650 0.479757 0.171079 0.336032 0.171079
1 0.204453 0.232179 0.267206 0.232179 0.267206 0.274949 0.204453 0.274949
1 0.463563 0.079430 0.497976 0.079430 0.497976 0.120163 0.463563 0.120163
1 0.908907 0.395112 0.937247 0.395112 0.937247 0.429735 0.908907 0.429735
1 0.437247 0.627291 0.514170 0.627291 0.514170 0.684318 0.437247 0.684318
1 0.508097 0.832994 0.546559 0.832994 0.546559 0.932790 0.508097 0.932790
1 0.878543 0.533605 0.949393 0.533605 0.949393 0.619145 0.878543 0.619145
