0 0.441667 0.607308 0.477083 0.607308 0.477083 0.644773 0.441667 0.644773
0 0.324306 0.491674 0.348958 0.491674 0.348958 0.547179 0.324306 0.547179
0 0.410764 0.353377 0.625694 0.353377 0.625694 0.585106 0.410764 0.585106
0 0.516319 0.482886 0.694097 0.482886 0.694097 0.674838 0.516319 0.674838
0 0.293750 0.321462 0.361806 0.321462 0.361806 0.444958 0.293750 0.444958
0 0.258333 0.413043 0.325000 0.413043 0.325000 0.563830 0.258333 0.563830
0 0.279861 0.567993 0.354514 0.567993 0.354514 0.694265 0.279861 0.694265
0 0.595486 0.668363 0.634375 0.668363 0.634375 0.726179 0.595486 0.726179
0 0.449653 0.580481 0.478125 0.580481 0.478125 0.614246 0.449653 0.614246
0 0.367014 0.582331 0.469444 0.582331 0.469444 0.701203 0.367014 0.701203
0 0.353819 0.715079 0.456250 0.715079 0.456250 0.780296 0.353819 0.780296
0 0.443750 0.640611 0.492708 0.640611 0.492708 0.722479 0.443750 0.722479
0 0.515278 0.673913 0.577083 0.673913 0.577083 0.756707 0.515278 0.756707
0 0.498264 0.662350 0.520139 0.662350 0.520139 0.694265 0.498264 0.694265
0 0.461111 0.767808 0.498611 0.767808 0.498611 0.823774 0.461111 0.823774
0 0.321875 0.172988 0.742708 0.172988 0.742708 0.648011 0.321875 0.648011
0 0.351042 0.346901 0.415278 0.346901 0.415278 0.482886 0.351042 0.482886
0 0.328472 0.431082 0.376042 0.431082 0.376042 0.516189 0.328472 0.516189
0 0.365972 0.509713 0.409028 0.509713 0.409028 0.556429 0.365972 0.556429
0 0.469792 0.580019 0.516319 0.580019 0.516319 0.639223 0.469792 0.639223
0 0.386806 0.570768 0.409028 0.570768 0.409028 0.602220 0.386806 0.602220
0 0.410069 0.546253 0.428472 0.546253 0.428472 0.572155 0.410069 0.572155
0 0.349306 0.518501 0.366667 0.518501 0.366667 0.543941 0.349306 0.543941
0 0.320833 0.551804 0.367361 0.551804 0.367361 0.624422 0.320833 0.624422
0 0.402431 0.578631 0.453819 0.578631 0.453819 0.632747 0.402431 0.632747
0 0.648264 0.685476 0.677778 0.685476 0.677778 0.722942 0.648264 0.722942
0 0.621181 0.699352 0.652431 0.699352 0.652431 0.731730 0.621181 0.731730
0 0.601736 0.725717 0.645833 0.725717 0.645833 0.781221 0.601736 0.781221
0 0.562153 0.748381 0.596528 0.748381 0.596528 0.785384 0.562153 0.785384
0 0.555208 0.772895 0.570139 0.772895 0.570139 0.800185 0.555208 0.800185
0 0.526389 0.756244 0.558681 0.756244 0.558681 0.801573 0.526389 0.801573
0 0.495833 0.799260 0.524306 0.799260 0.524306 0.823312 0.495833 0.823312
0 0.482292 0.758094 0.528472 0.758094 0.528472 0.800648 0.482292 0.800648
0 0.573611 0.706753 0.601736 0.706753 0.601736 0.756244 0.573611 0.756244
0 0.567014 0.666975 0.604167 0.666975 0.604167 0.706753 0.567014 0.706753
0 0.623611 0.647549 0.655556 0.647549 0.655556 0.686401 0.623611 0.686401
0 0.657292 0.651711 0.682986 0.651711 0.682986 0.685476 0.657292 0.685476
0 0.367708 0.551804 0.407292 0.551804 0.407292 0.581406 0.367708 0.581406
0 0.486111 0.625347 0.518056 0.625347 0.518056 0.686401 0.486111 0.686401
0 0.469444 0.687789 0.511458 0.687789 0.511458 0.737280 0.469444 0.737280
0 0.441667 0.719704 0.497569 0.719704 0.497569 0.767808 0.441667 0.767808
0 0.498611 0.734968 0.530556 0.734968 0.530556 0.758557 0.498611 0.758557
0 0.355208 0.671138 0.439583 0.671138 0.439583 0.746068 0.355208 0.746068
0 0.323611 0.611933 0.373264 0.611933 0.373264 0.662812 0.323611 0.662812
0 0.320833 0.551804 0.349653 0.551804 0.349653 0.582794 0.320833 0.582794
0 0.387153 0.485661 0.407639 0.485661 0.407639 0.512026 0.387153 0.512026
0 0.299306 0.511563 0.328819 0.511563 0.328819 0.567068 0.299306 0.567068
0 0.277778 0.563830 0.298611 0.563830 0.298611 0.596670 0.277778 0.596670
0 0.341319 0.406568 0.357292 0.406568 0.357292 0.432932 0.341319 0.432932
0 0.413889 0.384366 0.443056 0.384366 0.443056 0.429232 0.413889 0.429232
