0 0.455882 0.893137 0.554902 0.893137 0.554902 1.000000 0.455882 1.000000
2 0.000000 0.038235 0.985294 0.038235 0.985294 0.909804 0.000000 0.909804
0 0.291176 0.000000 0.532353 0.000000 0.532353 0.197059 0.291176 0.197059
0 0.534314 0.000000 0.774510 0.000000 0.774510 0.187255 0.534314 0.187255
0 0.434314 0.135294 0.719608 0.135294 0.719608 0.426471 0.434314 0.426471
0 0.725490 0.123529 0.980392 0.123529 0.980392 0.310784 0.725490 0.310784
0 0.277451 0.577451 0.418627 0.577451 0.418627 0.713725 0.277451 0.713725
0 0.823529 0.797059 0.957843 0.797059 0.957843 0.977451 0.823529 0.977451
0 0.313725 0.759804 0.475490 0.759804 0.475490 1.000000 0.313725 1.000000
0 0.000000 0.822549 0.094118 0.822549 0.094118 0.921569 0.000000 0.921569
0 0.689216 0.795098 0.834314 0.795098 0.834314 0.998039 0.689216 0.998039
0 0.558824 0.846078 0.667647 0.846078 0.667647 1.000000 0.558824 1.000000
0 0.482353 0.753922 0.605882 0.753922 0.605882 0.840196 0.482353 0.840196
0 0.091176 0.889216 0.286275 0.889216 0.286275 1.000000 0.091176 1.000000
0 0.000000 0.697059 0.083333 0.697059 0.083333 0.846078 0.000000 0.846078
