0 0.533125 0.199167 0.061250 0.075000
0 0.653125 0.283333 0.086250 0.090000
0 0.679375 0.399167 0.111250 0.118333
0 0.669375 0.543333 0.118750 0.060000
0 0.686250 0.490000 0.037500 0.060000
0 0.572500 0.371667 0.092500 0.223333
0 0.462500 0.280000 0.037500 0.043333
0 0.446250 0.215833 0.047500 0.055000
0 0.485625 0.256667 0.048750 0.080000
1 0.607500 0.659167 0.217500 0.235000
2 0.423750 0.420833 0.285000 0.468333
1 0.406875 0.641667 0.281250 0.326667
1 0.698750 0.285833 0.045000 0.108333
1 0.553750 0.451667 0.037500 0.040000
1 0.643125 0.486667 0.051250 0.050000
