0 0.166065 0.111036 0.373646 0.111036 0.373646 0.236290 0.166065 0.236290
0 0.117329 0.174678 0.296931 0.174678 0.296931 0.410968 0.117329 0.410968
0 0.425090 0.094787 0.746390 0.094787 0.746390 0.334462 0.425090 0.334462
0 0.158845 0.398781 0.486462 0.398781 0.486462 0.597156 0.158845 0.597156
0 0.159747 0.289777 0.352888 0.289777 0.352888 0.499661 0.159747 0.499661
0 0.453971 0.390657 0.639892 0.390657 0.639892 0.633040 0.453971 0.633040
0 0.500903 0.423155 0.751805 0.423155 0.751805 0.653351 0.500903 0.653351
0 0.155235 0.668246 0.555957 0.668246 0.555957 0.858497 0.155235 0.858497
0 0.125451 0.528775 0.419675 0.528775 0.419675 0.677725 0.125451 0.677725
0 0.437726 0.555179 0.719314 0.555179 0.719314 0.836154 0.437726 0.836154
0 0.621841 0.505078 0.808664 0.505078 0.808664 0.841571 0.621841 0.841571
0 0.554152 0.273527 0.732852 0.273527 0.732852 0.429926 0.554152 0.429926
0 0.332130 0.108328 0.572202 0.108328 0.572202 0.366283 0.332130 0.366283
