1 0.458484 0.061892 0.589350 0.061892 0.589350 0.190097 0.458484 0.190097
1 0.656137 0.107869 0.765343 0.107869 0.765343 0.205128 0.656137 0.205128
1 0.397112 0.100796 0.475632 0.100796 0.475632 0.249337 0.397112 0.249337
1 0.624549 0.500442 0.670578 0.500442 0.670578 0.538462 0.624549 0.538462
0 0.531588 0.479222 0.728339 0.479222 0.728339 0.595049 0.531588 0.595049
0 0.554152 0.633952 0.774368 0.633952 0.774368 0.804598 0.554152 0.804598
0 0.749097 0.684350 0.879964 0.684350 0.879964 0.835544 0.749097 0.835544
0 0.688628 0.499558 0.886282 0.499558 0.886282 0.705570 0.688628 0.705570
1 0.538809 0.556145 0.736462 0.556145 0.736462 0.726790 0.538809 0.726790
1 0.541516 0.092838 0.698556 0.092838 0.698556 0.180371 0.541516 0.180371
