0 0.433750 0.773333 0.027500 0.033333
0 0.622500 0.187500 0.097500 0.105000
0 0.540000 0.164167 0.045000 0.095000
0 0.305625 0.587500 0.043750 0.085000
0 0.488750 0.463333 0.302500 0.390000
1 0.510625 0.214167 0.148750 0.118333
1 0.372500 0.236667 0.167500 0.163333
1 0.637500 0.365000 0.117500 0.223333
1 0.503125 0.679167 0.091250 0.111667
1 0.524375 0.403333 0.098750 0.193333
1 0.586250 0.425000 0.055000 0.110000
1 0.438750 0.404167 0.097500 0.111667
1 0.313125 0.696667 0.031250 0.060000
1 0.361250 0.689167 0.052500 0.025000
1 0.386875 0.601667 0.021250 0.050000
1 0.355000 0.685000 0.052500 0.190000
1 0.505625 0.138333 0.058750 0.036667
1 0.507500 0.162500 0.027500 0.028333
1 0.725000 0.642500 0.052500 0.031667
1 0.741250 0.663333 0.030000 0.043333
1 0.626250 0.585833 0.022500 0.031667
0 0.706875 0.382500 0.158750 0.318333
1 0.513750 0.494167 0.017500 0.028333
0 0.413125 0.667500 0.138750 0.238333
0 0.460625 0.500833 0.036250 0.055000
0 0.540000 0.504167 0.030000 0.025000
1 0.483125 0.406667 0.076250 0.066667
