1 0.197972 0.663194 0.257937 0.663194 0.257937 0.699653 0.197972 0.699653
0 0.272046 0.738591 0.343474 0.738591 0.343474 0.788194 0.272046 0.788194
0 0.742504 0.588046 0.873898 0.588046 0.873898 0.687748 0.742504 0.687748
0 0.291887 0.334325 0.805556 0.334325 0.805556 0.620784 0.291887 0.620784
0 0.308201 0.632937 0.497795 0.632937 0.497795 0.794891 0.308201 0.794891
0 0.418871 0.766617 0.599206 0.766617 0.599206 0.868304 0.418871 0.868304
2 0.235009 0.299107 0.507496 0.299107 0.507496 0.406994 0.235009 0.406994
0 0.183862 0.588294 0.380952 0.588294 0.380952 0.714286 0.183862 0.714286
0 0.616843 0.590278 0.712522 0.590278 0.712522 0.658234 0.616843 0.658234
2 0.540123 0.309028 0.981922 0.309028 0.981922 0.621032 0.540123 0.621032
1 0.834215 0.678323 0.914021 0.678323 0.914021 0.735367 0.834215 0.735367
1 0.543651 0.629960 0.580247 0.629960 0.580247 0.666419 0.543651 0.666419
2 0.228395 0.438244 0.377866 0.438244 0.377866 0.604167 0.228395 0.604167
0 0.179012 0.671627 0.305115 0.671627 0.305115 0.745288 0.179012 0.745288
0 0.608907 0.653274 0.752205 0.653274 0.752205 0.715030 0.608907 0.715030
0 0.228836 0.736855 0.341270 0.736855 0.341270 0.787450 0.228836 0.787450
0 0.428131 0.659970 0.637566 0.659970 0.637566 0.758681 0.428131 0.758681
