1 0.524691 0.219494 0.786596 0.219494 0.786596 0.281994 0.524691 0.281994
1 0.686949 0.247272 0.850088 0.247272 0.850088 0.377232 0.686949 0.377232
1 0.104056 0.092262 0.705026 0.092262 0.705026 0.309276 0.104056 0.309276
1 0.156526 0.606895 0.352734 0.606895 0.352734 0.761161 0.156526 0.761161
1 0.305115 0.707341 0.602734 0.707341 0.602734 0.823413 0.305115 0.823413
1 0.665785 0.165427 0.830688 0.165427 0.830688 0.266121 0.665785 0.266121
1 0.039683 0.320685 0.186508 0.320685 0.186508 0.363839 0.039683 0.363839
1 0.040564 0.321429 0.312610 0.321429 0.312610 0.432540 0.040564 0.432540
1 0.223104 0.429812 0.328042 0.429812 0.328042 0.478423 0.223104 0.478423
1 0.597443 0.272817 0.647707 0.272817 0.647707 0.377976 0.597443 0.377976
1 0.332892 0.358879 0.466490 0.358879 0.466490 0.388889 0.332892 0.388889
1 0.626102 0.321429 0.694885 0.321429 0.694885 0.380952 0.626102 0.380952
1 0.629189 0.354415 0.709436 0.354415 0.709436 0.455605 0.629189 0.455605
1 0.669312 0.368304 0.736772 0.368304 0.736772 0.422123 0.669312 0.422123
1 0.246914 0.196677 0.348765 0.196677 0.348765 0.265377 0.246914 0.265377
1 0.109788 0.310516 0.217372 0.310516 0.217372 0.372024 0.109788 0.372024
2 0.108025 0.425595 0.233245 0.425595 0.233245 0.615327 0.108025 0.615327
0 0.236772 0.262649 0.499118 0.262649 0.499118 0.376240 0.236772 0.376240
0 0.326279 0.196677 0.470459 0.196677 0.470459 0.267609 0.326279 0.267609
0 0.413580 0.221478 0.607584 0.221478 0.607584 0.407490 0.413580 0.407490
0 0.344797 0.223214 0.447531 0.223214 0.447531 0.281002 0.344797 0.281002
0 0.214727 0.312252 0.360229 0.312252 0.360229 0.413690 0.214727 0.413690
0 0.373898 0.388393 0.497795 0.388393 0.497795 0.436508 0.373898 0.436508
0 0.562610 0.385169 0.647707 0.385169 0.647707 0.431052 0.562610 0.431052
0 0.635802 0.262897 0.731041 0.262897 0.731041 0.350942 0.635802 0.350942
1 0.558642 0.251240 0.619048 0.251240 0.619048 0.281002 0.558642 0.281002
2 0.221340 0.425099 0.751764 0.425099 0.751764 0.709325 0.221340 0.709325
