1 0.360240 0.427089 0.410978 0.427089 0.410978 0.453295 0.360240 0.453295
1 0.371310 0.625584 0.397140 0.625584 0.397140 0.643228 0.371310 0.643228
1 0.438192 0.631552 0.466328 0.631552 0.466328 0.650234 0.438192 0.650234
1 0.607934 0.539180 0.638838 0.539180 0.638838 0.577841 0.607934 0.577841
1 0.411900 0.479242 0.484317 0.479242 0.484317 0.512714 0.411900 0.512714
1 0.359317 0.483134 0.384686 0.483134 0.384686 0.498184 0.359317 0.498184
1 0.393911 0.531136 0.434963 0.531136 0.434963 0.562792 0.393911 0.562792
1 0.381919 0.448365 0.431734 0.448365 0.431734 0.475869 0.381919 0.475869
1 0.335793 0.640893 0.378229 0.640893 0.378229 0.665283 0.335793 0.665283
1 0.457103 0.407888 0.492620 0.407888 0.492620 0.439803 0.457103 0.439803
1 0.449262 0.439803 0.518450 0.439803 0.518450 0.466788 0.449262 0.466788
1 0.338100 0.548262 0.393450 0.548262 0.393450 0.560457 0.338100 0.560457
1 0.416052 0.372081 0.481550 0.372081 0.481550 0.394136 0.416052 0.394136
1 0.472786 0.385054 0.496310 0.385054 0.496310 0.407628 0.472786 0.407628
1 0.435424 0.406850 0.467251 0.406850 0.467251 0.441619 0.435424 0.441619
1 0.397140 0.457966 0.461255 0.457966 0.461255 0.479242 0.397140 0.479242
1 0.306273 0.485989 0.338561 0.485989 0.338561 0.526985 0.306273 0.526985
1 0.144834 0.384536 0.189114 0.384536 0.189114 0.411002 0.144834 0.411002
1 0.106089 0.415672 0.142528 0.415672 0.142528 0.438246 0.106089 0.438246
1 0.074262 0.428386 0.124077 0.428386 0.124077 0.450441 0.074262 0.450441
1 0.052583 0.448625 0.097786 0.448625 0.097786 0.467826 0.052583 0.467826
1 0.113930 0.392060 0.149446 0.392060 0.149446 0.416191 0.113930 0.416191
1 0.220941 0.344318 0.264299 0.344318 0.264299 0.364037 0.220941 0.364037
1 0.193727 0.363518 0.245387 0.363518 0.245387 0.379606 0.193727 0.379606
1 0.202952 0.389984 0.247694 0.389984 0.247694 0.407369 0.202952 0.407369
1 0.202491 0.377270 0.243081 0.377270 0.243081 0.388947 0.202491 0.388947
1 0.213100 0.522833 0.259686 0.522833 0.259686 0.546186 0.213100 0.546186
1 0.195111 0.483394 0.241236 0.483394 0.241236 0.503633 0.195111 0.503633
1 0.290590 0.500519 0.326107 0.500519 0.326107 0.534250 0.290590 0.534250
1 0.275830 0.532434 0.328413 0.532434 0.328413 0.553970 0.275830 0.553970
1 0.343173 0.519979 0.394373 0.519979 0.394373 0.539958 0.343173 0.539958
1 0.331642 0.477945 0.361624 0.477945 0.361624 0.510898 0.331642 0.510898
1 0.360701 0.496886 0.412362 0.496886 0.412362 0.534510 0.360701 0.534510
1 0.329336 0.599377 0.370387 0.599377 0.370387 0.632330 0.329336 0.632330
1 0.387454 0.621951 0.422970 0.621951 0.422970 0.645823 0.387454 0.645823
1 0.253229 0.307213 0.311808 0.307213 0.311808 0.324338 0.253229 0.324338
1 0.450646 0.309030 0.474631 0.309030 0.474631 0.330825 0.450646 0.330825
1 0.507380 0.281266 0.562731 0.281266 0.562731 0.295537 0.507380 0.295537
1 0.296125 0.449922 0.373616 0.449922 0.373616 0.472756 0.296125 0.472756
1 0.417897 0.565387 0.481550 0.565387 0.481550 0.586923 0.417897 0.586923
1 0.497694 0.473534 0.568266 0.473534 0.568266 0.507006 0.497694 0.507006
1 0.531827 0.515049 0.565959 0.515049 0.565959 0.541775 0.531827 0.541775
1 0.434041 0.515828 0.478782 0.515828 0.478782 0.543332 0.434041 0.543332
1 0.436808 0.535547 0.474170 0.535547 0.474170 0.564349 0.436808 0.564349
1 0.480166 0.506746 0.519373 0.506746 0.519373 0.527504 0.480166 0.527504
1 0.543358 0.394395 0.589945 0.394395 0.589945 0.422678 0.543358 0.422678
1 0.585793 0.413337 0.653137 0.413337 0.653137 0.449922 0.585793 0.449922
1 0.611624 0.439543 0.668358 0.439543 0.668358 0.461339 0.611624 0.461339
1 0.583026 0.462636 0.646679 0.462636 0.646679 0.496367 0.583026 0.496367
1 0.545203 0.487026 0.601015 0.487026 0.601015 0.512974 0.545203 0.512974
1 0.639760 0.485470 0.711716 0.485470 0.711716 0.508044 0.639760 0.508044
1 0.701107 0.453555 0.739391 0.453555 0.739391 0.484691 0.701107 0.484691
1 0.726476 0.472237 0.764299 0.472237 0.764299 0.497924 0.726476 0.497924
1 0.767989 0.456928 0.795203 0.456928 0.795203 0.490919 0.767989 0.490919
1 0.702952 0.408407 0.731089 0.408407 0.731089 0.421899 0.702952 0.421899
1 0.692804 0.339388 0.744004 0.339388 0.744004 0.355994 0.692804 0.355994
1 0.535517 0.574728 0.593173 0.574728 0.593173 0.600415 0.535517 0.600415
1 0.501384 0.574209 0.535978 0.574209 0.535978 0.609237 0.501384 0.609237
1 0.470018 0.598080 0.499077 0.598080 0.499077 0.624546 0.470018 0.624546
1 0.484317 0.622211 0.532749 0.622211 0.532749 0.650752 0.484317 0.650752
1 0.522601 0.610016 0.561347 0.610016 0.561347 0.635703 0.522601 0.635703
1 0.512454 0.641930 0.547509 0.641930 0.547509 0.671510 0.512454 0.671510
1 0.560424 0.613648 0.596863 0.613648 0.596863 0.642449 0.560424 0.642449
1 0.552583 0.673067 0.593173 0.673067 0.593173 0.693565 0.552583 0.693565
1 0.721402 0.499481 0.761070 0.499481 0.761070 0.522314 0.721402 0.522314
1 0.509686 0.601972 0.551199 0.601972 0.551199 0.621692 0.509686 0.621692
1 0.532288 0.561495 0.563653 0.561495 0.563653 0.581214 0.532288 0.581214
1 0.188192 0.407109 0.240775 0.407109 0.240775 0.425272 0.188192 0.425272
1 0.570111 0.589517 0.604244 0.589517 0.604244 0.608978 0.570111 0.608978
1 0.003690 0.499222 0.266144 0.499222 0.266144 0.584587 0.003690 0.584587
1 0.063653 0.503633 0.136070 0.503633 0.136070 0.544888 0.063653 0.544888
1 0.117620 0.565127 0.247694 0.565127 0.247694 0.677478 0.117620 0.677478
1 0.201107 0.560976 0.414207 0.560976 0.414207 0.588998 0.201107 0.588998
1 0.755535 0.341982 0.790590 0.341982 0.790590 0.391541 0.755535 0.391541
1 0.226476 0.622989 0.350554 0.622989 0.350554 0.698495 0.226476 0.698495
1 0.196033 0.299429 0.230166 0.299429 0.230166 0.365594 0.196033 0.365594
1 0.330720 0.311884 0.428967 0.311884 0.428967 0.341463 0.330720 0.341463
1 0.151292 0.446809 0.328413 0.446809 0.328413 0.486248 0.151292 0.486248
1 0.613007 0.389984 0.875000 0.389984 0.875000 0.408407 0.613007 0.408407
1 0.667435 0.409445 0.702491 0.409445 0.702491 0.454074 0.667435 0.454074
1 0.515683 0.328490 0.726937 0.328490 0.726937 0.373638 0.515683 0.373638
1 0.476937 0.333420 0.710793 0.333420 0.710793 0.381681 0.476937 0.381681
1 0.562269 0.511157 0.656827 0.511157 0.656827 0.542034 0.562269 0.542034
1 0.707565 0.298391 0.834871 0.298391 0.834871 0.395174 0.707565 0.395174
1 0.868542 0.364816 0.916513 0.364816 0.916513 0.400623 0.868542 0.400623
1 0.334871 0.630254 0.515683 0.630254 0.515683 0.780228 0.334871 0.780228
1 0.508764 0.682667 0.669280 0.682667 0.669280 0.710171 0.508764 0.710171
1 0.483856 0.713544 0.607011 0.713544 0.607011 0.792423 0.483856 0.792423
1 0.436808 0.718993 0.467251 0.718993 0.467251 0.740010 0.436808 0.740010
1 0.694649 0.561235 0.838561 0.561235 0.838561 0.765179 0.694649 0.765179
1 0.631458 0.665283 0.720018 0.665283 0.720018 0.697198 0.631458 0.697198
1 0.598708 0.536845 0.772140 0.536845 0.772140 0.683446 0.598708 0.683446
1 0.596402 0.603529 0.628690 0.603529 0.628690 0.651790 0.596402 0.651790
1 0.797048 0.409445 0.875923 0.409445 0.875923 0.484691 0.797048 0.484691
1 0.737546 0.408147 0.787823 0.408147 0.787823 0.468085 0.737546 0.468085
1 0.773063 0.484172 0.818266 0.484172 0.818266 0.560976 0.773063 0.560976
1 0.688653 0.499741 0.789668 0.499741 0.789668 0.592891 0.688653 0.592891
1 0.475092 0.521536 0.531365 0.521536 0.531365 0.540218 0.475092 0.540218
1 0.000000 0.533472 0.098247 0.533472 0.098247 0.574987 0.000000 0.574987
1 0.000000 0.532693 0.097786 0.532693 0.097786 0.572133 0.000000 0.572133
1 0.355166 0.409964 0.425738 0.409964 0.425738 0.446549 0.355166 0.446549
1 0.351015 0.364556 0.468635 0.364556 0.468635 0.413077 0.351015 0.413077
0 0.481089 0.532693 0.600092 0.532693 0.600092 0.574468 0.481089 0.574468
1 0.292435 0.421640 0.359317 0.421640 0.359317 0.438505 0.292435 0.438505
1 0.219557 0.393358 0.318727 0.393358 0.318727 0.431500 0.219557 0.431500
