1 0.475000 0.614167 0.025000 0.021667
1 0.723750 0.502500 0.020000 0.068333
1 0.578750 0.645833 0.060000 0.055000
1 0.660625 0.588333 0.063750 0.073333
1 0.720625 0.463333 0.058750 0.046667
0 0.395625 0.691667 0.073750 0.130000
0 0.508125 0.707500 0.098750 0.111667
0 0.645625 0.740000 0.176250 0.223333
0 0.456875 0.787500 0.151250 0.071667
1 0.622500 0.350833 0.087500 0.111667
2 0.449375 0.433333 0.253750 0.353333
1 0.573750 0.291667 0.085000 0.180000
1 0.622500 0.226667 0.172500 0.246667
1 0.697500 0.399167 0.035000 0.051667
1 0.710625 0.424167 0.043750 0.068333
1 0.608750 0.414167 0.050000 0.025000
1 0.540000 0.527500 0.035000 0.055000
1 0.509375 0.602500 0.028750 0.028333
1 0.438750 0.654167 0.035000 0.068333
1 0.717500 0.593333 0.082500 0.116667
1 0.604375 0.537500 0.086250 0.138333
1 0.549375 0.715000 0.081250 0.146667
1 0.471250 0.838333 0.045000 0.036667
1 0.516875 0.830000 0.046250 0.033333
1 0.470625 0.766667 0.023750 0.056667
1 0.462500 0.727500 0.077500 0.065000
1 0.616875 0.669167 0.031250 0.045000
1 0.510000 0.625000 0.102500 0.050000
1 0.688750 0.502500 0.070000 0.085000
