0 0.356215 0.823529 0.419295 0.823529 0.419295 0.866667 0.356215 0.866667
0 0.454545 0.756863 0.530612 0.756863 0.530612 0.800000 0.454545 0.800000
0 0.513915 0.794118 0.582560 0.794118 0.582560 0.847059 0.513915 0.847059
1 0.053803 0.639216 0.226345 0.639216 0.226345 0.880392 0.053803 0.880392
1 0.222635 0.862745 0.395176 0.862745 0.395176 0.952941 0.222635 0.952941
1 0.152134 0.149020 0.317254 0.149020 0.317254 0.417647 0.152134 0.417647
2 0.530612 0.135294 0.858998 0.135294 0.858998 0.462745 0.530612 0.462745
0 0.397032 0.362745 0.528757 0.362745 0.528757 0.578431 0.397032 0.578431
0 0.532468 0.447059 0.621521 0.447059 0.621521 0.584314 0.532468 0.584314
0 0.397032 0.798039 0.512059 0.798039 0.512059 0.939216 0.397032 0.939216
0 0.198516 0.833333 0.263451 0.833333 0.263451 0.903922 0.198516 0.903922
0 0.150278 0.421569 0.578850 0.421569 0.578850 0.876471 0.150278 0.876471
