1 0.670588 0.165686 0.800980 0.165686 0.800980 0.221569 0.670588 0.221569
1 0.754902 0.608824 0.833333 0.608824 0.833333 0.796078 0.754902 0.796078
1 0.571569 0.820588 0.799020 0.820588 0.799020 0.975490 0.571569 0.975490
1 0.351961 0.000000 0.627451 0.000000 0.627451 0.204902 0.351961 0.204902
1 0.792157 0.547059 0.931373 0.547059 0.931373 0.810784 0.792157 0.810784
1 0.703922 0.340196 0.776471 0.340196 0.776471 0.461765 0.703922 0.461765
1 0.726471 0.213725 0.784314 0.213725 0.784314 0.294118 0.726471 0.294118
1 0.584314 0.530392 0.834314 0.530392 0.834314 0.693137 0.584314 0.693137
2 0.296078 0.215686 0.811765 0.215686 0.811765 0.832353 0.296078 0.832353
1 0.783333 0.193137 0.923529 0.193137 0.923529 0.250980 0.783333 0.250980
1 0.661765 0.128431 0.776471 0.128431 0.776471 0.186275 0.661765 0.186275
1 0.861765 0.515686 0.994118 0.515686 0.994118 0.700000 0.861765 0.700000
1 0.096078 0.108824 0.604902 0.108824 0.604902 0.335294 0.096078 0.335294
0 0.044118 0.260784 0.373529 0.260784 0.373529 0.425490 0.044118 0.425490
1 0.586275 0.177451 0.693137 0.177451 0.693137 0.254902 0.586275 0.254902
1 0.610784 0.103922 0.739216 0.103922 0.739216 0.175490 0.610784 0.175490
1 0.739216 0.235294 1.000000 0.235294 1.000000 0.399020 0.739216 0.399020
1 0.624510 0.663725 0.751961 0.663725 0.751961 0.775490 0.624510 0.775490
1 0.501961 0.819608 0.608824 0.819608 0.608824 0.904902 0.501961 0.904902
0 0.177451 0.762745 0.520588 0.762745 0.520588 0.995098 0.177451 0.995098
0 0.063725 0.593137 0.354902 0.593137 0.354902 0.810784 0.063725 0.810784
1 0.773529 0.363725 0.954902 0.363725 0.954902 0.523529 0.773529 0.523529
0 0.055882 0.400980 0.373529 0.400980 0.373529 0.602941 0.055882 0.602941
1 0.033333 0.107843 0.342157 0.107843 0.342157 0.227451 0.033333 0.227451
1 0.650000 0.738235 0.765686 0.738235 0.765686 0.827451 0.650000 0.827451
