0 0.639598 0.348824 0.739324 0.348824 0.739324 0.591265 0.639598 0.591265
0 0.105882 0.399020 0.288235 0.399020 0.288235 0.609804 0.105882 0.609804
0 0.190196 0.444118 0.355882 0.444118 0.355882 0.731373 0.190196 0.731373
0 0.732353 0.672549 0.936275 0.672549 0.936275 0.854902 0.732353 0.854902
0 0.669608 0.585294 0.908824 0.585294 0.908824 0.875490 0.669608 0.875490
0 0.613755 0.227324 0.675676 0.227324 0.675676 0.287363 0.613755 0.287363
0 0.235294 0.285294 0.388235 0.285294 0.388235 0.438235 0.235294 0.438235
0 0.464706 0.221569 0.597059 0.221569 0.597059 0.483333 0.464706 0.483333
1 0.032353 0.194118 0.218627 0.194118 0.218627 0.390196 0.032353 0.390196
1 0.175490 0.103922 0.424510 0.103922 0.424510 0.336275 0.175490 0.336275
0 0.308824 0.192157 0.514706 0.192157 0.514706 0.444118 0.308824 0.444118
0 0.332353 0.365686 0.469608 0.365686 0.469608 0.630392 0.332353 0.630392
0 0.566667 0.293137 0.698039 0.293137 0.698039 0.572549 0.566667 0.572549
0 0.318627 0.514706 0.514706 0.514706 0.514706 0.801961 0.318627 0.801961
0 0.437255 0.570588 0.572549 0.570588 0.572549 0.853922 0.437255 0.853922
0 0.570588 0.567647 0.673529 0.567647 0.673529 0.883333 0.570588 0.883333
0 0.842157 0.414706 0.982353 0.414706 0.982353 0.691176 0.842157 0.691176
0 0.667167 0.384500 0.796088 0.384500 0.796088 0.662618 0.667167 0.662618
0 0.763863 0.339902 0.842667 0.339902 0.842667 0.440284 0.763863 0.440284
0 0.067647 0.355882 0.231373 0.355882 0.231373 0.556863 0.067647 0.556863
0 0.742157 0.430392 0.849020 0.430392 0.849020 0.734314 0.742157 0.734314
1 0.091176 0.110784 0.261765 0.110784 0.261765 0.260784 0.091176 0.260784
0 0.483098 0.252333 0.653382 0.252333 0.653382 0.559647 0.483098 0.559647
0 0.662539 0.247961 0.730088 0.247961 0.730088 0.344588 0.662539 0.344588
0 0.706637 0.293931 0.785441 0.293931 0.785441 0.383059 0.706637 0.383059
