0 0.531250 0.296667 0.642500 0.296667 0.642500 0.611667 0.531250 0.611667
1 0.277500 0.546667 0.373750 0.546667 0.373750 0.685000 0.277500 0.685000
0 0.387500 0.265000 0.456250 0.265000 0.456250 0.331667 0.387500 0.331667
0 0.361250 0.395000 0.431250 0.395000 0.431250 0.563333 0.361250 0.563333
2 0.542500 0.250000 0.650000 0.250000 0.650000 0.456667 0.542500 0.456667
0 0.491250 0.628333 0.548750 0.628333 0.548750 0.728333 0.491250 0.728333
1 0.326250 0.498333 0.406250 0.498333 0.406250 0.598333 0.326250 0.598333
1 0.181250 0.330000 0.385000 0.330000 0.385000 0.596667 0.181250 0.596667
1 0.471250 0.556667 0.528750 0.556667 0.528750 0.628333 0.471250 0.628333
0 0.410000 0.638333 0.485000 0.638333 0.485000 0.820000 0.410000 0.820000
0 0.468750 0.733333 0.543750 0.733333 0.543750 0.848333 0.468750 0.848333
1 0.558750 0.713333 0.583750 0.713333 0.583750 0.816667 0.558750 0.816667
0 0.376250 0.240000 0.601250 0.240000 0.601250 0.556667 0.376250 0.556667
