1 0.624374 0.497462 0.637730 0.497462 0.637730 0.524535 0.624374 0.524535
1 0.505843 0.402707 0.529215 0.402707 0.529215 0.424704 0.505843 0.424704
1 0.437396 0.522843 0.564274 0.522843 0.564274 0.597293 0.437396 0.597293
2 0.504174 0.081218 0.826377 0.081218 0.826377 0.407783 0.504174 0.407783
1 0.095159 0.822335 0.203673 0.822335 0.203673 0.879865 0.095159 0.879865
1 0.180301 0.035533 0.360601 0.035533 0.360601 0.331641 0.180301 0.331641
1 0.362270 0.785110 0.499165 0.785110 0.499165 0.934010 0.362270 0.934010
1 0.337229 0.653130 0.444073 0.653130 0.444073 0.761421 0.337229 0.761421
1 0.058431 0.561760 0.163606 0.561760 0.163606 0.654822 0.058431 0.654822
0 0.011686 0.554992 0.302170 0.554992 0.302170 0.842640 0.011686 0.842640
0 0.126878 0.670051 0.519199 0.670051 0.519199 0.840948 0.126878 0.840948
0 0.195326 0.822335 0.385643 0.822335 0.385643 1.000000 0.195326 1.000000
0 0.280467 0.632826 0.340568 0.632826 0.340568 0.702200 0.280467 0.702200
1 0.345576 0.529611 0.385643 0.529611 0.385643 0.571912 0.345576 0.571912
1 0.480801 0.306261 0.522538 0.306261 0.522538 0.324873 0.480801 0.324873
1 0.517529 0.343486 0.550918 0.343486 0.550918 0.372250 0.517529 0.372250
1 0.405676 0.299492 0.467446 0.299492 0.467446 0.314721 0.405676 0.314721
2 0.606010 0.174281 0.737896 0.174281 0.737896 0.291032 0.606010 0.291032
