0 0.726902 0.153533 1.000000 0.153533 1.000000 0.375000 0.726902 0.375000
0 0.480978 0.479620 0.658967 0.479620 0.658967 0.885870 0.480978 0.885870
0 0.323370 0.494565 0.502717 0.494565 0.502717 0.872283 0.323370 0.872283
0 0.695652 0.063859 1.000000 0.063859 1.000000 0.254076 0.695652 0.254076
0 0.650815 0.406250 0.961957 0.406250 0.961957 0.751359 0.650815 0.751359
0 0.705163 0.250000 1.000000 0.250000 1.000000 0.493207 0.705163 0.493207
2 0.123641 0.186141 0.653533 0.186141 0.653533 0.733696 0.123641 0.733696
1 0.500000 0.078804 0.713315 0.078804 0.713315 0.334239 0.500000 0.334239
0 0.686141 0.315217 1.000000 0.315217 1.000000 0.618207 0.686141 0.618207
0 0.577446 0.451087 0.872283 0.451087 0.872283 0.841033 0.577446 0.841033
