1 0.528117 0.696581 0.674817 0.696581 0.674817 0.854701 0.528117 0.854701
1 0.650367 0.235043 0.750611 0.235043 0.750611 0.326923 0.650367 0.326923
1 0.486553 0.341880 0.608802 0.341880 0.608802 0.373932 0.486553 0.373932
1 0.312958 0.356838 0.393643 0.356838 0.393643 0.457265 0.312958 0.457265
1 0.408313 0.196581 0.535452 0.196581 0.535452 0.262821 0.408313 0.262821
1 0.359413 0.260684 0.547677 0.260684 0.547677 0.344017 0.359413 0.344017
1 0.682152 0.344017 0.755501 0.344017 0.755501 0.420940 0.682152 0.420940
1 0.799511 0.264957 0.880196 0.264957 0.880196 0.358974 0.799511 0.358974
1 0.559902 0.235043 0.613692 0.235043 0.613692 0.309829 0.559902 0.309829
2 0.388753 0.305556 0.643032 0.305556 0.643032 0.388889 0.388753 0.388889
2 0.767726 0.367521 0.887531 0.367521 0.887531 0.529915 0.767726 0.529915
2 0.577017 0.482906 0.843521 0.482906 0.843521 0.664530 0.577017 0.664530
0 0.246944 0.517094 0.540342 0.517094 0.540342 0.728632 0.246944 0.728632
2 0.004890 0.074786 0.511002 0.074786 0.511002 0.732906 0.004890 0.732906
1 0.356968 0.786325 0.464548 0.786325 0.464548 0.918803 0.356968 0.918803
1 0.237164 0.762821 0.352078 0.762821 0.352078 0.873932 0.237164 0.873932
0 0.337408 0.365385 0.677262 0.365385 0.677262 0.579060 0.337408 0.579060
2 0.356968 0.544872 0.904645 0.544872 0.904645 0.918803 0.356968 0.918803
