0 0.520531 0.424318 0.632850 0.424318 0.632850 0.523573 0.520531 0.523573
1 0.082126 0.090984 0.108696 0.090984 0.108696 0.105045 0.082126 0.105045
1 0.091787 0.110008 0.112319 0.110008 0.112319 0.124897 0.091787 0.124897
1 0.012077 0.228288 0.037440 0.228288 0.037440 0.263854 0.012077 0.263854
1 0.292271 0.095120 0.347826 0.095120 0.347826 0.170389 0.292271 0.170389
1 0.242754 0.277089 0.533816 0.277089 0.533816 0.380480 0.242754 0.380480
0 0.458937 0.401158 0.577295 0.401158 0.577295 0.500414 0.458937 0.500414
0 0.571256 0.453267 0.713768 0.453267 0.713768 0.562448 0.571256 0.562448
0 0.328502 0.368073 0.443237 0.368073 0.443237 0.487179 0.328502 0.487179
1 0.291063 0.227461 0.317633 0.227461 0.317633 0.250620 0.291063 0.250620
2 0.153382 0.396195 0.237923 0.396195 0.237923 0.464020 0.153382 0.464020
2 0.868357 0.618693 0.967391 0.618693 0.967391 0.780811 0.868357 0.780811
0 0.655797 0.482217 0.791063 0.482217 0.791063 0.588916 0.655797 0.588916
0 0.739130 0.563275 0.880435 0.563275 0.880435 0.669975 0.739130 0.669975
0 0.397343 0.369727 0.513285 0.369727 0.513285 0.484698 0.397343 0.484698
0 0.699275 0.521092 0.833333 0.521092 0.833333 0.638544 0.699275 0.638544
1 0.336957 0.727047 0.380435 0.727047 0.380435 0.756824 0.336957 0.756824
1 0.373188 0.754342 0.404589 0.754342 0.404589 0.783292 0.373188 0.783292
1 0.335749 0.786600 0.359903 0.786600 0.359903 0.810587 0.335749 0.810587
1 0.144928 0.703888 0.214976 0.703888 0.214976 0.728701 0.144928 0.728701
1 0.362319 0.617039 0.390097 0.617039 0.390097 0.635236 0.362319 0.635236
1 0.199275 0.681555 0.217391 0.681555 0.217391 0.698098 0.199275 0.698098
1 0.362319 0.823821 0.435990 0.823821 0.435990 0.842845 0.362319 0.842845
0 0.263285 0.376344 0.376812 0.376344 0.376812 0.480562 0.263285 0.480562
0 0.172705 0.376344 0.935990 0.376344 0.935990 0.780811 0.172705 0.780811
1 0.506039 0.288668 0.780193 0.288668 0.780193 0.396195 0.506039 0.396195
