0 0.661538 0.436813 0.835385 0.436813 0.835385 0.642857 0.661538 0.642857
1 0.412308 0.269231 0.460000 0.269231 0.460000 0.357143 0.412308 0.357143
2 0.444615 0.788462 0.592308 0.788462 0.592308 0.998626 0.444615 0.998626
1 0.109231 0.115385 0.576923 0.115385 0.576923 0.381868 0.109231 0.381868
2 0.329231 0.604396 0.649231 0.604396 0.649231 0.851648 0.329231 0.851648
1 0.598462 0.196429 0.764615 0.196429 0.764615 0.353022 0.598462 0.353022
0 0.515385 0.388736 0.609231 0.388736 0.609231 0.616758 0.515385 0.616758
0 0.556923 0.453297 0.693846 0.453297 0.693846 0.663462 0.556923 0.663462
2 0.176923 0.493132 0.289231 0.493132 0.289231 0.598901 0.176923 0.598901
2 0.229231 0.646978 0.444615 0.646978 0.444615 0.824176 0.229231 0.824176
2 0.586154 0.708791 0.644615 0.708791 0.644615 0.778846 0.586154 0.778846
0 0.224615 0.364011 0.487692 0.364011 0.487692 0.550824 0.224615 0.550824
1 0.764615 0.270604 0.795385 0.270604 0.795385 0.299451 0.764615 0.299451
1 0.524615 0.226648 0.584615 0.226648 0.584615 0.314560 0.524615 0.314560
1 0.521538 0.289835 0.555385 0.289835 0.555385 0.315934 0.521538 0.315934
