1 0.000000 0.415935 0.092577 0.415935 0.092577 0.484944 0.000000 0.484944
0 0.200167 0.262233 0.303586 0.262233 0.303586 0.292974 0.200167 0.292974
0 0.136781 0.249059 0.219349 0.249059 0.219349 0.274780 0.136781 0.274780
1 0.605505 0.631744 0.748123 0.631744 0.748123 0.731493 0.605505 0.731493
1 0.466222 0.670013 0.689741 0.670013 0.689741 0.776662 0.466222 0.776662
1 0.405338 0.462359 0.687239 0.462359 0.687239 0.656838 0.405338 0.656838
1 0.240200 0.272898 0.369475 0.272898 0.369475 0.350690 0.240200 0.350690
1 0.349458 0.343789 0.441201 0.343789 0.441201 0.402760 0.349458 0.402760
1 0.256047 0.349435 0.419516 0.349435 0.419516 0.453576 0.256047 0.453576
1 0.087573 0.395232 0.191827 0.395232 0.191827 0.494354 0.087573 0.494354
1 0.661384 0.558344 0.802335 0.558344 0.802335 0.696989 0.661384 0.696989
0 0.345288 0.293601 0.432027 0.293601 0.432027 0.355082 0.345288 0.355082
1 0.170142 0.388959 0.296914 0.388959 0.296914 0.489335 0.170142 0.489335
0 0.418682 0.651819 0.601334 0.651819 0.601334 0.712673 0.418682 0.712673
0 0.170976 0.655583 0.333611 0.655583 0.333611 0.754705 0.170976 0.754705
0 0.154295 0.318068 0.296080 0.318068 0.296080 0.398996 0.154295 0.398996
0 0.000000 0.318695 0.115096 0.318695 0.115096 0.431619 0.000000 0.431619
0 0.000000 0.265370 0.081735 0.265370 0.081735 0.336888 0.000000 0.336888
0 0.070892 0.268507 0.220183 0.268507 0.220183 0.350063 0.070892 0.350063
0 0.319433 0.688206 0.474562 0.688206 0.474562 0.777290 0.319433 0.777290
0 0.270225 0.538896 0.447873 0.538896 0.447873 0.676913 0.270225 0.676913
2 0.578816 0.158720 1.000000 0.158720 1.000000 0.385194 0.578816 0.385194
