1 0.352734 0.385417 0.390212 0.385417 0.390212 0.429067 0.352734 0.429067
1 0.555996 0.581597 0.593034 0.581597 0.593034 0.601190 0.555996 0.601190
1 0.242945 0.424355 0.296296 0.424355 0.296296 0.460069 0.242945 0.460069
1 0.391534 0.348958 0.439594 0.348958 0.439594 0.370040 0.391534 0.370040
1 0.344797 0.421875 0.464286 0.421875 0.464286 0.487847 0.344797 0.487847
0 0.297178 0.340030 0.788360 0.340030 0.788360 0.547619 0.297178 0.547619
2 0.079365 0.437004 0.308201 0.437004 0.308201 0.718006 0.079365 0.718006
1 0.435185 0.425347 0.692681 0.425347 0.692681 0.565228 0.435185 0.565228
0 0.319224 0.529762 0.718695 0.529762 0.718695 0.684028 0.319224 0.684028
2 0.034392 0.366319 0.315697 0.366319 0.315697 0.548115 0.034392 0.548115
0 0.291005 0.343750 0.390653 0.343750 0.390653 0.429067 0.291005 0.429067
