0 0.375000 0.554167 0.455556 0.554167 0.455556 0.618056 0.375000 0.618056
0 0.484259 0.380556 0.577778 0.380556 0.577778 0.406944 0.484259 0.406944
0 0.405556 0.494444 0.497222 0.494444 0.497222 0.530556 0.405556 0.530556
0 0.382407 0.515972 0.462037 0.515972 0.462037 0.563889 0.382407 0.563889
0 0.550000 0.400694 0.640741 0.400694 0.640741 0.478472 0.550000 0.478472
0 0.248148 0.460417 0.381481 0.460417 0.381481 0.541667 0.248148 0.541667
0 0.311111 0.400694 0.423148 0.400694 0.423148 0.457639 0.311111 0.457639
0 0.619444 0.404167 0.708333 0.404167 0.708333 0.474306 0.619444 0.474306
2 0.450926 0.472222 0.793519 0.472222 0.793519 0.685417 0.450926 0.685417
1 0.165741 0.611806 0.797222 0.611806 0.797222 0.874306 0.165741 0.874306
0 0.414815 0.382639 0.550926 0.382639 0.550926 0.461806 0.414815 0.461806
0 0.294444 0.490278 0.392593 0.490278 0.392593 0.570139 0.294444 0.570139
0 0.170370 0.543750 0.226852 0.543750 0.226852 0.595833 0.170370 0.595833
0 0.218519 0.552778 0.303704 0.552778 0.303704 0.628472 0.218519 0.628472
0 0.383333 0.425000 0.481481 0.425000 0.481481 0.502083 0.383333 0.502083
0 0.489815 0.455556 0.539815 0.455556 0.539815 0.503472 0.489815 0.503472
0 0.532407 0.439583 0.583333 0.439583 0.583333 0.480556 0.532407 0.480556
0 0.297222 0.563889 0.367593 0.563889 0.367593 0.614583 0.297222 0.614583
0 0.226852 0.454861 0.316667 0.454861 0.316667 0.554167 0.226852 0.554167
