1 0.090755 0.458122 0.251409 0.458122 0.251409 0.699662 0.090755 0.699662
0 0.813980 0.536379 0.977452 0.536379 0.977452 0.734772 0.813980 0.734772
1 0.094701 0.437817 0.279030 0.437817 0.279030 0.565990 0.094701 0.565990
0 0.571026 0.399323 0.702368 0.399323 0.702368 0.521574 0.571026 0.521574
1 0.005073 0.000000 0.758174 0.000000 0.758174 0.297377 0.005073 0.297377
1 0.348365 0.310491 0.629651 0.310491 0.629651 0.466582 0.348365 0.466582
2 0.233935 0.374365 0.774521 0.374365 0.774521 0.874365 0.233935 0.874365
0 0.717024 0.508460 0.861330 0.508460 0.861330 0.706007 0.717024 0.706007
0 0.617249 0.231387 0.920519 0.231387 0.920519 0.532149 0.617249 0.532149
0 0.369222 0.285533 0.516347 0.285533 0.516347 0.393824 0.369222 0.393824
1 0.100338 0.289763 0.310598 0.289763 0.310598 0.443739 0.100338 0.443739
