0 0.900000 0.525040 1.000000 0.525040 1.000000 0.659128 0.900000 0.659128
0 0.685417 0.490307 0.891667 0.490307 0.891667 0.797254 0.685417 0.797254
2 0.008333 0.109855 0.492708 0.109855 0.492708 0.442649 0.008333 0.442649
0 0.477083 0.479806 0.627083 0.479806 0.627083 0.784330 0.477083 0.784330
0 0.582292 0.471729 0.771875 0.471729 0.771875 0.793215 0.582292 0.793215
0 0.109375 0.646204 0.407292 0.646204 0.407292 0.760097 0.109375 0.760097
0 0.077083 0.408724 0.456250 0.408724 0.456250 0.596931 0.077083 0.596931
0 0.779167 0.504039 1.000000 0.504039 1.000000 0.777868 0.779167 0.777868
1 0.467708 0.160743 0.663542 0.160743 0.663542 0.449111 0.467708 0.449111
0 0.334375 0.470921 0.485417 0.470921 0.485417 0.758481 0.334375 0.758481
0 0.159375 0.567851 0.341667 0.567851 0.341667 0.665590 0.159375 0.665590
