0 0.628750 0.388333 0.741250 0.388333 0.741250 0.445000 0.628750 0.445000
1 0.212500 0.136667 0.611250 0.136667 0.611250 0.500000 0.212500 0.500000
1 0.258750 0.405000 0.461250 0.405000 0.461250 0.771667 0.258750 0.771667
0 0.695000 0.533333 0.741250 0.533333 0.741250 0.621667 0.695000 0.621667
0 0.556250 0.313333 0.612500 0.313333 0.612500 0.423333 0.556250 0.423333
0 0.685000 0.400000 0.741250 0.400000 0.741250 0.480000 0.685000 0.480000
0 0.680000 0.476667 0.747500 0.476667 0.747500 0.551667 0.680000 0.551667
0 0.655000 0.448333 0.685000 0.448333 0.685000 0.491667 0.655000 0.491667
0 0.601250 0.270000 0.671250 0.270000 0.671250 0.345000 0.601250 0.345000
0 0.555000 0.190000 0.651250 0.190000 0.651250 0.325000 0.555000 0.325000
2 0.407500 0.395000 0.716250 0.395000 0.716250 0.813333 0.407500 0.813333
1 0.482500 0.536667 0.490000 0.536667 0.490000 0.628333 0.482500 0.628333
0 0.606250 0.343333 0.698750 0.343333 0.698750 0.425000 0.606250 0.425000
0 0.685000 0.311667 0.730000 0.311667 0.730000 0.400000 0.685000 0.400000
0 0.662500 0.246667 0.707500 0.246667 0.707500 0.351667 0.662500 0.351667
