1 0.688750 0.835000 0.718750 0.835000 0.718750 0.868333 0.688750 0.868333
0 0.463750 0.641667 0.623750 0.641667 0.623750 0.908333 0.463750 0.908333
1 0.683750 0.811667 0.705000 0.811667 0.705000 0.836667 0.683750 0.836667
1 0.625000 0.710000 0.637500 0.710000 0.637500 0.736667 0.625000 0.736667
1 0.622500 0.738333 0.636250 0.738333 0.636250 0.768333 0.622500 0.768333
1 0.647500 0.688333 0.678750 0.688333 0.678750 0.730000 0.647500 0.730000
1 0.658750 0.731667 0.686250 0.731667 0.686250 0.771667 0.658750 0.771667
1 0.653750 0.773333 0.686250 0.773333 0.686250 0.805000 0.653750 0.805000
1 0.493750 0.075000 0.603750 0.075000 0.603750 0.250000 0.493750 0.250000
1 0.406250 0.100000 0.492500 0.100000 0.492500 0.288333 0.406250 0.288333
1 0.635000 0.706667 0.656250 0.706667 0.656250 0.740000 0.635000 0.740000
0 0.267500 0.371667 0.457500 0.371667 0.457500 0.511667 0.267500 0.511667
0 0.268750 0.235000 0.445000 0.235000 0.445000 0.426667 0.268750 0.426667
2 0.465000 0.198333 0.782500 0.198333 0.782500 0.593333 0.465000 0.593333
1 0.606250 0.530000 0.787500 0.530000 0.787500 0.625000 0.606250 0.625000
1 0.613750 0.740000 0.658750 0.740000 0.658750 0.820000 0.613750 0.820000
1 0.582500 0.593333 0.605000 0.593333 0.605000 0.620000 0.582500 0.620000
1 0.737500 0.648333 0.758750 0.648333 0.758750 0.681667 0.737500 0.681667
1 0.726250 0.620000 0.750000 0.620000 0.750000 0.640000 0.726250 0.640000
1 0.653750 0.640000 0.680000 0.640000 0.680000 0.675000 0.653750 0.675000
1 0.676250 0.775000 0.693750 0.775000 0.693750 0.803333 0.676250 0.803333
0 0.286000 0.443367 0.481088 0.443367 0.481088 0.664183 0.286000 0.664183
1 0.695000 0.590000 0.730000 0.590000 0.730000 0.628333 0.695000 0.628333
1 0.728750 0.590000 0.752500 0.590000 0.752500 0.620000 0.728750 0.620000
1 0.780000 0.580000 0.810000 0.580000 0.810000 0.603333 0.780000 0.603333
0 0.333725 0.515417 0.515475 0.515417 0.515475 0.748400 0.333725 0.748400
0 0.287400 0.490150 0.485300 0.490150 0.485300 0.738100 0.287400 0.738100
0 0.413013 0.549100 0.548450 0.549100 0.548450 0.785817 0.413013 0.785817
0 0.281087 0.414367 0.469862 0.414367 0.469862 0.581850 0.281087 0.581850
0 0.463750 0.621667 0.563750 0.621667 0.563750 0.765000 0.463750 0.765000
1 0.760000 0.650000 0.783750 0.650000 0.783750 0.688333 0.760000 0.688333
1 0.723750 0.781667 0.742500 0.781667 0.742500 0.820000 0.723750 0.820000
1 0.702500 0.795000 0.730000 0.795000 0.730000 0.831667 0.702500 0.831667
