1 0.326250 0.343333 0.347500 0.343333 0.347500 0.390000 0.326250 0.390000
0 0.221250 0.340000 0.262500 0.340000 0.262500 0.378333 0.221250 0.378333
0 0.194750 0.311667 0.229875 0.311667 0.229875 0.335000 0.194750 0.335000
1 0.152500 0.210000 0.192500 0.210000 0.192500 0.241667 0.152500 0.241667
0 0.110000 0.583333 0.188750 0.583333 0.188750 0.721667 0.110000 0.721667
1 0.252500 0.350000 0.276250 0.350000 0.276250 0.371667 0.252500 0.371667
0 0.221000 0.315000 0.282500 0.315000 0.282500 0.351667 0.221000 0.351667
1 0.207500 0.183333 0.233750 0.183333 0.233750 0.196667 0.207500 0.196667
1 0.297500 0.241667 0.310000 0.241667 0.310000 0.288333 0.297500 0.288333
1 0.347500 0.203333 0.366250 0.203333 0.366250 0.226667 0.347500 0.226667
1 0.171250 0.248333 0.198750 0.248333 0.198750 0.326667 0.171250 0.326667
0 0.186250 0.345000 0.241250 0.345000 0.241250 0.413333 0.186250 0.413333
1 0.283750 0.296667 0.295000 0.296667 0.295000 0.310000 0.283750 0.310000
0 0.188750 0.326667 0.198750 0.326667 0.198750 0.341667 0.188750 0.341667
0 0.291250 0.296667 0.336250 0.296667 0.336250 0.345000 0.291250 0.345000
0 0.308750 0.268333 0.321250 0.268333 0.321250 0.286667 0.308750 0.286667
0 0.221250 0.221667 0.296250 0.221667 0.296250 0.326667 0.221250 0.326667
0 0.177500 0.336667 0.196250 0.336667 0.196250 0.360000 0.177500 0.360000
0 0.278750 0.343333 0.315000 0.343333 0.315000 0.380000 0.278750 0.380000
0 0.273750 0.368333 0.291250 0.368333 0.291250 0.386667 0.273750 0.386667
0 0.236250 0.385000 0.261250 0.385000 0.261250 0.418333 0.236250 0.418333
0 0.333750 0.268333 0.360000 0.268333 0.360000 0.313333 0.333750 0.313333
0 0.305000 0.220000 0.346250 0.220000 0.346250 0.285000 0.305000 0.285000
0 0.190000 0.253333 0.220000 0.253333 0.220000 0.321667 0.190000 0.321667
0 0.195000 0.196667 0.263750 0.196667 0.263750 0.258333 0.195000 0.258333
0 0.285000 0.180000 0.317500 0.180000 0.317500 0.221667 0.285000 0.221667
0 0.171250 0.155000 0.216250 0.155000 0.216250 0.193333 0.171250 0.193333
0 0.172500 0.691667 0.240750 0.691667 0.240750 0.816667 0.172500 0.816667
0 0.095000 0.718333 0.177500 0.718333 0.177500 0.845000 0.095000 0.845000
0 0.202500 0.571667 0.288750 0.571667 0.288750 0.671667 0.202500 0.671667
0 0.208750 0.661667 0.328750 0.661667 0.328750 0.898333 0.208750 0.898333
0 0.163750 0.643333 0.227500 0.643333 0.227500 0.731667 0.163750 0.731667
2 0.515000 0.501667 0.785000 0.501667 0.785000 0.830000 0.515000 0.830000
1 0.282500 0.323333 0.295000 0.323333 0.295000 0.335000 0.282500 0.335000
1 0.227500 0.168333 0.272500 0.168333 0.272500 0.193333 0.227500 0.193333
0 0.316250 0.158333 0.352500 0.158333 0.352500 0.210000 0.316250 0.210000
0 0.295000 0.136667 0.331250 0.136667 0.331250 0.176667 0.295000 0.176667
0 0.225000 0.123333 0.290000 0.123333 0.290000 0.176667 0.225000 0.176667
0 0.206250 0.118333 0.231250 0.118333 0.231250 0.161667 0.206250 0.161667
