0 0.465000 0.436667 0.627500 0.436667 0.627500 0.788333 0.465000 0.788333
1 0.358750 0.440000 0.393750 0.440000 0.393750 0.473333 0.358750 0.473333
1 0.427500 0.423333 0.476250 0.423333 0.476250 0.485000 0.427500 0.485000
1 0.343750 0.515000 0.375000 0.515000 0.375000 0.565000 0.343750 0.565000
1 0.547500 0.271667 0.577500 0.271667 0.577500 0.293333 0.547500 0.293333
1 0.583750 0.711667 0.600000 0.711667 0.600000 0.738333 0.583750 0.738333
1 0.477500 0.191667 0.547500 0.191667 0.547500 0.291667 0.477500 0.291667
1 0.566250 0.511667 0.727500 0.511667 0.727500 0.755000 0.566250 0.755000
1 0.400000 0.488333 0.493750 0.488333 0.493750 0.660000 0.400000 0.660000
1 0.336250 0.648333 0.416250 0.648333 0.416250 0.733333 0.336250 0.733333
1 0.390000 0.191667 0.513750 0.191667 0.513750 0.275000 0.390000 0.275000
2 0.303750 0.378333 0.641250 0.378333 0.641250 0.613333 0.303750 0.613333
1 0.278750 0.385000 0.375000 0.385000 0.375000 0.603333 0.278750 0.603333
1 0.595000 0.615000 0.631250 0.615000 0.631250 0.660000 0.595000 0.660000
0 0.617500 0.285000 0.688750 0.285000 0.688750 0.403333 0.617500 0.403333
0 0.408750 0.641667 0.488750 0.641667 0.488750 0.743333 0.408750 0.743333
0 0.340000 0.546667 0.427500 0.546667 0.427500 0.663333 0.340000 0.663333
0 0.320000 0.253333 0.587500 0.253333 0.587500 0.448333 0.320000 0.448333
0 0.587500 0.280000 0.738750 0.280000 0.738750 0.578333 0.587500 0.578333
1 0.308750 0.401667 0.357500 0.401667 0.357500 0.475000 0.308750 0.475000
