1 0.376471 0.560784 0.396078 0.560784 0.396078 0.579412 0.376471 0.579412
1 0.305882 0.643137 0.441176 0.643137 0.441176 0.789216 0.305882 0.789216
0 0.279412 0.579412 0.500980 0.579412 0.500980 0.770588 0.279412 0.770588
0 0.648039 0.500000 0.881373 0.500000 0.881373 0.751961 0.648039 0.751961
1 0.808824 0.488235 0.827451 0.488235 0.827451 0.506863 0.808824 0.506863
0 0.407843 0.488235 0.534314 0.488235 0.534314 0.612745 0.407843 0.612745
0 0.459804 0.387255 0.703922 0.387255 0.703922 0.538235 0.459804 0.538235
1 0.499020 0.252941 0.600980 0.252941 0.600980 0.305882 0.499020 0.305882
1 0.661765 0.133333 0.820588 0.133333 0.820588 0.178431 0.661765 0.178431
1 0.527451 0.154902 0.547059 0.154902 0.547059 0.175490 0.527451 0.175490
1 0.680392 0.059804 0.722549 0.059804 0.722549 0.088235 0.680392 0.088235
1 0.743137 0.079412 0.767647 0.079412 0.767647 0.094118 0.743137 0.094118
1 0.780392 0.062745 0.796078 0.062745 0.796078 0.094118 0.780392 0.094118
1 0.753922 0.316667 0.780392 0.316667 0.780392 0.350000 0.753922 0.350000
1 0.869608 0.413725 0.900980 0.413725 0.900980 0.435294 0.869608 0.435294
1 0.892157 0.353922 0.904902 0.353922 0.904902 0.370588 0.892157 0.370588
1 0.309804 0.605882 0.336275 0.605882 0.336275 0.639216 0.309804 0.639216
1 0.438235 0.293137 0.471569 0.293137 0.471569 0.317647 0.438235 0.317647
1 0.651961 0.255882 0.670588 0.255882 0.670588 0.279412 0.651961 0.279412
0 0.689216 0.351961 0.871569 0.351961 0.871569 0.574510 0.689216 0.574510
0 0.394118 0.201961 0.815686 0.201961 0.815686 0.420588 0.394118 0.420588
0 0.601961 0.000000 0.874510 0.000000 0.874510 0.245098 0.601961 0.245098
1 0.557843 0.446078 0.726471 0.446078 0.726471 0.578431 0.557843 0.578431
1 0.472549 0.334314 0.656863 0.334314 0.656863 0.374510 0.472549 0.374510
1 0.360784 0.427451 0.422549 0.427451 0.422549 0.578431 0.360784 0.578431
1 0.245098 0.480392 0.262745 0.480392 0.262745 0.503922 0.245098 0.503922
1 0.298039 0.423529 0.339216 0.423529 0.339216 0.450980 0.298039 0.450980
1 0.527451 0.459804 0.547059 0.459804 0.547059 0.493137 0.527451 0.493137
0 0.034314 0.395098 0.380392 0.395098 0.380392 0.738235 0.034314 0.738235
0 0.073529 0.641176 0.328431 0.641176 0.328431 0.921569 0.073529 0.921569
0 0.164706 0.767647 0.577451 0.767647 0.577451 0.946078 0.164706 0.946078
0 0.503922 0.500980 0.683333 0.500980 0.683333 0.792157 0.503922 0.792157
1 0.295098 0.769608 0.321569 0.769608 0.321569 0.807843 0.295098 0.807843
1 0.564706 0.593137 0.594118 0.593137 0.594118 0.610784 0.564706 0.610784
1 0.784314 0.502941 0.805882 0.502941 0.805882 0.522549 0.784314 0.522549
1 0.522549 0.601961 0.547059 0.601961 0.547059 0.621569 0.522549 0.621569
1 0.432353 0.409804 0.456863 0.409804 0.456863 0.436275 0.432353 0.436275
1 0.709804 0.400000 0.733333 0.400000 0.733333 0.417647 0.709804 0.417647
1 0.517647 0.370588 0.538235 0.370588 0.538235 0.389216 0.517647 0.389216
1 0.715686 0.373529 0.738235 0.373529 0.738235 0.393137 0.715686 0.393137
1 0.388235 0.258824 0.425490 0.258824 0.425490 0.282353 0.388235 0.282353
1 0.331373 0.784314 0.352941 0.784314 0.352941 0.799020 0.331373 0.799020
1 0.240196 0.616667 0.304902 0.616667 0.304902 0.658824 0.240196 0.658824
1 0.424510 0.462745 0.442157 0.462745 0.442157 0.478431 0.424510 0.478431
