1 0.595411 0.393694 0.657005 0.393694 0.657005 0.426839 0.595411 0.426839
0 0.158213 0.215845 0.288647 0.215845 0.288647 0.303153 0.158213 0.303153
0 0.543478 0.233630 0.705314 0.233630 0.705314 0.319321 0.543478 0.319321
0 0.108696 0.305578 0.346618 0.305578 0.346618 0.360550 0.108696 0.360550
0 0.807971 0.478577 1.000000 0.478577 1.000000 0.643492 0.807971 0.643492
0 0.701691 0.582053 0.882850 0.582053 0.882850 0.731609 0.701691 0.731609
0 0.199275 0.520614 0.501208 0.520614 0.501208 0.669361 0.199275 0.669361
0 0.557971 0.595796 0.717391 0.595796 0.717391 0.776071 0.557971 0.776071
0 0.165459 0.412288 0.236715 0.412288 0.236715 0.518189 0.165459 0.518189
0 0.153382 0.096200 0.342995 0.096200 0.342995 0.219887 0.153382 0.219887
0 0.481884 0.172191 0.584541 0.172191 0.584541 0.266774 0.481884 0.266774
1 0.463768 0.340340 0.497585 0.340340 0.497585 0.379143 0.463768 0.379143
1 0.346618 0.346807 0.386473 0.346807 0.386473 0.356508 0.346618 0.356508
0 0.742754 0.346807 0.809179 0.346807 0.809179 0.413096 0.742754 0.413096
1 0.570048 0.403395 0.596618 0.403395 0.596618 0.421180 0.570048 0.421180
1 0.635266 0.464026 0.655797 0.464026 0.655797 0.471302 0.635266 0.471302
0 0.794686 0.414713 0.894928 0.414713 0.894928 0.465643 0.794686 0.465643
0 0.264493 0.126112 0.516908 0.126112 0.516908 0.304770 0.264493 0.304770
0 0.723430 0.489086 0.850242 0.489086 0.850242 0.632175 0.723430 0.632175
1 0.364734 0.371059 0.422705 0.371059 0.422705 0.432498 0.364734 0.432498
