0 0.467500 0.126667 0.511250 0.126667 0.511250 0.233333 0.467500 0.233333
0 0.280000 0.250000 0.442500 0.250000 0.442500 0.350000 0.280000 0.350000
1 0.687500 0.655000 0.702500 0.655000 0.702500 0.678333 0.687500 0.678333
2 0.266250 0.228333 0.733750 0.228333 0.733750 0.735000 0.266250 0.735000
0 0.547500 0.253333 0.585000 0.253333 0.585000 0.316667 0.547500 0.316667
0 0.321250 0.338333 0.432500 0.338333 0.432500 0.426667 0.321250 0.426667
0 0.300000 0.161667 0.490000 0.161667 0.490000 0.281667 0.300000 0.281667
1 0.696250 0.348333 0.715000 0.348333 0.715000 0.386667 0.696250 0.386667
1 0.718750 0.491667 0.738750 0.491667 0.738750 0.541667 0.718750 0.541667
0 0.511250 0.180000 0.560000 0.180000 0.560000 0.291667 0.511250 0.291667
0 0.486250 0.231667 0.531250 0.231667 0.531250 0.303333 0.486250 0.303333
1 0.658750 0.293333 0.693750 0.293333 0.693750 0.330000 0.658750 0.330000
1 0.306250 0.550000 0.668750 0.550000 0.668750 0.858333 0.306250 0.858333
1 0.577500 0.195000 0.627500 0.195000 0.627500 0.230000 0.577500 0.230000
1 0.703750 0.398333 0.727500 0.398333 0.727500 0.425000 0.703750 0.425000
