0 0.672222 0.682292 0.876389 0.682292 0.876389 0.825000 0.672222 0.825000
1 0.719444 0.327083 0.777778 0.327083 0.777778 0.428125 0.719444 0.428125
1 0.694444 0.451042 0.788889 0.451042 0.788889 0.514583 0.694444 0.514583
1 0.330556 0.371875 0.675000 0.371875 0.675000 0.575000 0.330556 0.575000
1 0.073611 0.386458 0.326389 0.386458 0.326389 0.514583 0.073611 0.514583
1 0.327778 0.236458 0.538889 0.236458 0.538889 0.391667 0.327778 0.391667
1 0.402778 0.158333 0.684722 0.158333 0.684722 0.297917 0.402778 0.297917
1 0.016667 0.253125 0.227778 0.253125 0.227778 0.402083 0.016667 0.402083
1 0.011111 0.576042 0.329167 0.576042 0.329167 0.788542 0.011111 0.788542
0 0.633333 0.500000 0.901389 0.500000 0.901389 0.701042 0.633333 0.701042
0 0.895833 0.655208 0.988889 0.655208 0.988889 0.722917 0.895833 0.722917
0 0.594444 0.471875 0.705556 0.471875 0.705556 0.539583 0.594444 0.539583
0 0.000000 0.400000 0.083333 0.400000 0.083333 0.544792 0.000000 0.544792
0 0.498611 0.722917 0.809722 0.722917 0.809722 0.909375 0.498611 0.909375
0 0.151389 0.159375 0.408333 0.159375 0.408333 0.296875 0.151389 0.296875
0 0.672222 0.194792 0.918056 0.194792 0.918056 0.352083 0.672222 0.352083
0 0.545833 0.263542 0.750000 0.263542 0.750000 0.489583 0.545833 0.489583
0 0.200000 0.295833 0.459722 0.295833 0.459722 0.461458 0.200000 0.461458
1 0.755556 0.297917 1.000000 0.297917 1.000000 0.492708 0.755556 0.492708
0 0.000000 0.437500 0.294444 0.437500 0.294444 0.660417 0.000000 0.660417
1 0.844444 0.486458 1.000000 0.486458 1.000000 0.657292 0.844444 0.657292
1 0.845833 0.686458 0.958333 0.686458 0.958333 0.781250 0.845833 0.781250
1 0.172222 0.763542 0.254167 0.763542 0.254167 0.865625 0.172222 0.865625
1 0.334722 0.756250 0.536111 0.756250 0.536111 0.915625 0.334722 0.915625
1 0.252778 0.660417 0.356944 0.660417 0.356944 0.892708 0.252778 0.892708
1 0.355556 0.567708 0.665278 0.567708 0.665278 0.791667 0.355556 0.791667
