1 0.636207 0.325195 0.731034 0.325195 0.731034 0.380371 0.636207 0.380371
2 0.210920 0.473145 0.289080 0.473145 0.289080 0.593262 0.210920 0.593262
2 0.258046 0.323242 0.579885 0.323242 0.579885 0.490234 0.258046 0.490234
0 0.569540 0.316406 0.782184 0.316406 0.782184 0.585449 0.569540 0.585449
0 0.565517 0.386719 0.714943 0.386719 0.714943 0.586426 0.565517 0.586426
0 0.342529 0.387207 0.651149 0.387207 0.651149 0.597656 0.342529 0.597656
1 0.826437 0.540527 0.886207 0.540527 0.886207 0.635742 0.826437 0.635742
2 0.273563 0.588867 0.731034 0.588867 0.731034 0.723633 0.273563 0.723633
0 0.241379 0.443848 0.312069 0.443848 0.312069 0.534668 0.241379 0.534668
2 0.614368 0.411133 0.686782 0.411133 0.686782 0.496094 0.614368 0.496094
0 0.412069 0.357910 0.662069 0.357910 0.662069 0.587402 0.412069 0.587402
0 0.289655 0.534668 0.604023 0.534668 0.604023 0.674805 0.289655 0.674805
0 0.266092 0.540039 0.393678 0.540039 0.393678 0.671875 0.266092 0.671875
0 0.216092 0.585938 0.294253 0.585938 0.294253 0.658691 0.216092 0.658691
0 0.314943 0.470215 0.604023 0.470215 0.604023 0.666992 0.314943 0.666992
0 0.321264 0.435547 0.605172 0.435547 0.605172 0.593262 0.321264 0.593262
2 0.684483 0.500977 0.759770 0.500977 0.759770 0.601562 0.684483 0.601562
