0 0.752415 0.764266 1.000000 0.764266 1.000000 0.914402 0.752415 0.914402
1 0.892512 0.625679 0.913043 0.625679 0.913043 0.643342 0.892512 0.643342
1 0.969807 0.620924 0.989130 0.620924 0.989130 0.644701 0.969807 0.644701
2 0.000000 0.675951 0.155797 0.675951 0.155797 0.853261 0.000000 0.853261
0 0.154589 0.610734 0.299517 0.610734 0.299517 0.703125 0.154589 0.703125
0 0.020531 0.607337 0.457729 0.607337 0.457729 0.879076 0.020531 0.879076
0 0.640097 0.617527 0.781401 0.617527 0.781401 0.801630 0.640097 0.801630
1 0.919082 0.550951 1.000000 0.550951 1.000000 0.612092 0.919082 0.612092
2 0.719807 0.540761 1.000000 0.540761 1.000000 0.796875 0.719807 0.796875
2 0.288647 0.137908 0.484300 0.137908 0.484300 0.250000 0.288647 0.250000
1 0.844203 0.664402 0.925121 0.664402 0.925121 0.686141 0.844203 0.686141
2 0.293478 0.164402 0.871981 0.164402 0.871981 0.442255 0.293478 0.442255
