2 0.617329 0.325146 0.791516 0.325146 0.791516 0.438596 0.617329 0.438596
2 0.642599 0.463158 0.747292 0.463158 0.747292 0.527485 0.642599 0.527485
2 0.581227 0.763743 0.644404 0.763743 0.644404 0.809357 0.581227 0.809357
2 0.603791 0.501754 0.842960 0.501754 0.842960 0.871345 0.603791 0.871345
2 0.538809 0.684211 0.592960 0.684211 0.592960 0.966082 0.538809 0.966082
2 0.520758 0.808187 0.545126 0.808187 0.545126 0.907602 0.520758 0.907602
2 0.492780 0.625731 0.538809 0.625731 0.538809 0.770760 0.492780 0.770760
2 0.532491 0.645614 0.569495 0.645614 0.569495 0.721637 0.532491 0.721637
2 0.484657 0.584795 0.638087 0.584795 0.638087 0.748538 0.484657 0.748538
2 0.505415 0.444444 0.620036 0.444444 0.620036 0.673684 0.505415 0.673684
2 0.469314 0.391813 0.536101 0.391813 0.536101 0.592982 0.469314 0.592982
2 0.496390 0.298246 0.553249 0.298246 0.553249 0.437427 0.496390 0.437427
2 0.458484 0.264327 0.615523 0.264327 0.615523 0.561404 0.458484 0.561404
2 0.429603 0.400000 0.505415 0.400000 0.505415 0.598830 0.429603 0.598830
0 0.042419 0.327485 0.484657 0.327485 0.484657 1.000000 0.042419 1.000000
1 0.459386 0.054971 0.752708 0.054971 0.752708 0.381287 0.459386 0.381287
1 0.563177 0.132164 0.628159 0.132164 0.628159 0.231579 0.563177 0.231579
2 0.726534 0.594152 0.750903 0.594152 0.750903 0.643275 0.726534 0.643275
2 0.656137 0.512281 0.699458 0.512281 0.699458 0.562573 0.656137 0.562573
2 0.636282 0.630409 0.673285 0.630409 0.673285 0.698246 0.636282 0.698246
2 0.618231 0.590643 0.653430 0.590643 0.653430 0.680702 0.618231 0.680702
2 0.629061 0.449123 0.676895 0.449123 0.676895 0.484211 0.629061 0.484211
2 0.555054 0.376608 0.598375 0.376608 0.598375 0.461988 0.555054 0.461988
2 0.671480 0.505263 0.720217 0.505263 0.720217 0.610526 0.671480 0.610526
2 0.671480 0.505263 0.722022 0.505263 0.722022 0.617544 0.671480 0.617544
2 0.582130 0.380117 0.682310 0.380117 0.682310 0.639766 0.582130 0.639766
2 0.669675 0.466667 0.761733 0.466667 0.761733 0.718129 0.669675 0.718129
2 0.640794 0.701754 0.670578 0.701754 0.670578 0.777778 0.640794 0.777778
2 0.645307 0.824561 0.675090 0.824561 0.675090 0.902924 0.645307 0.902924
2 0.600181 0.864327 0.641697 0.864327 0.641697 1.000000 0.600181 1.000000
2 0.682310 0.764912 0.784296 0.764912 0.784296 0.812865 0.682310 0.812865
2 0.738267 0.690058 0.816787 0.690058 0.816787 0.791813 0.738267 0.791813
2 0.769856 0.629240 0.822202 0.629240 0.822202 0.702924 0.769856 0.702924
2 0.794224 0.497076 0.821300 0.497076 0.821300 0.543860 0.794224 0.543860
2 0.767148 0.347368 0.796931 0.347368 0.796931 0.445614 0.767148 0.445614
2 0.611011 0.291228 0.769856 0.291228 0.769856 0.405848 0.611011 0.405848
2 0.672383 0.278363 0.763538 0.278363 0.763538 0.350877 0.672383 0.350877
2 0.633574 0.424561 0.796931 0.424561 0.796931 0.461988 0.633574 0.461988
2 0.747292 0.464327 0.777076 0.464327 0.777076 0.582456 0.747292 0.582456
2 0.436823 0.764912 0.553249 0.764912 0.553249 0.835088 0.436823 0.835088
