0 0.330891 0.453046 0.408681 0.453046 0.408681 0.500846 0.330891 0.500846
1 0.318489 0.398477 0.361330 0.398477 0.361330 0.414129 0.318489 0.414129
0 0.758174 0.441624 0.841037 0.441624 0.841037 0.508037 0.758174 0.508037
1 0.275648 0.500423 0.354566 0.500423 0.354566 0.526650 0.275648 0.526650
1 0.643179 0.197124 0.675310 0.197124 0.675310 0.214044 0.643179 0.214044
1 0.689966 0.218697 0.734498 0.218697 0.734498 0.243655 0.689966 0.243655
1 0.780722 0.419205 0.895152 0.419205 0.895152 0.498308 0.780722 0.498308
1 0.485344 0.230118 0.503382 0.230118 0.503382 0.240694 0.485344 0.240694
1 0.675310 0.328680 0.711387 0.328680 0.711387 0.346024 0.675310 0.346024
1 0.359639 0.441201 0.453213 0.441201 0.453213 0.481810 0.359639 0.481810
1 0.176437 0.322335 0.198985 0.322335 0.198985 0.347716 0.176437 0.347716
1 0.297632 0.258037 0.322435 0.258037 0.322435 0.273689 0.297632 0.273689
1 0.516911 0.131980 0.703495 0.131980 0.703495 0.186125 0.516911 0.186125
1 0.485344 0.323181 0.572717 0.323181 0.572717 0.368866 0.485344 0.368866
1 0.650507 0.247885 0.713641 0.247885 0.713641 0.313029 0.650507 0.313029
1 0.516347 0.236464 0.634160 0.236464 0.634160 0.288917 0.516347 0.288917
0 0.148253 0.131980 0.898534 0.131980 0.898534 0.494924 0.148253 0.494924
2 0.129651 0.357445 0.786922 0.357445 0.786922 0.694162 0.129651 0.694162
0 0.164036 0.503384 0.818489 0.503384 0.818489 0.863367 0.164036 0.863367
1 0.255919 0.143401 0.325254 0.143401 0.325254 0.163283 0.255919 0.163283
1 0.325254 0.193739 0.353439 0.193739 0.353439 0.214044 0.325254 0.214044
1 0.407554 0.227157 0.425592 0.227157 0.425592 0.238579 0.407554 0.238579
1 0.169673 0.214044 0.197294 0.214044 0.197294 0.241117 0.169673 0.241117
