1 0.454106 0.465995 0.751208 0.465995 0.751208 0.691436 0.454106 0.691436
0 0.333333 0.206549 0.602657 0.206549 0.602657 0.403023 0.333333 0.403023
0 0.566425 0.371537 0.659420 0.371537 0.659420 0.500000 0.566425 0.500000
1 0.113527 0.342569 0.495169 0.342569 0.495169 0.746851 0.113527 0.746851
2 0.092995 0.146096 0.881643 0.146096 0.881643 0.773300 0.092995 0.773300
0 0.612319 0.277078 0.752415 0.277078 0.752415 0.489924 0.612319 0.489924
0 0.704106 0.236776 0.805556 0.236776 0.805556 0.477330 0.704106 0.477330
0 0.592995 0.469773 0.717391 0.469773 0.717391 0.589421 0.592995 0.589421
1 0.431159 0.390428 0.555556 0.390428 0.555556 0.467254 0.431159 0.467254
1 0.172705 0.254408 0.341787 0.254408 0.341787 0.371537 0.172705 0.371537
