0 0.673750 0.470000 0.810000 0.470000 0.810000 0.618333 0.673750 0.618333
0 0.568750 0.416667 0.672500 0.416667 0.672500 0.528333 0.568750 0.528333
0 0.275000 0.350000 0.376250 0.350000 0.376250 0.416667 0.275000 0.416667
0 0.477500 0.385000 0.536250 0.385000 0.536250 0.511667 0.477500 0.511667
1 0.627500 0.316667 0.797500 0.316667 0.797500 0.465000 0.627500 0.465000
1 0.626250 0.148333 0.842500 0.148333 0.842500 0.345000 0.626250 0.345000
1 0.711250 0.290000 0.852500 0.290000 0.852500 0.501667 0.711250 0.501667
1 0.555000 0.215000 0.655000 0.215000 0.655000 0.386667 0.555000 0.386667
1 0.596250 0.566667 0.682500 0.566667 0.682500 0.665000 0.596250 0.665000
1 0.496250 0.598333 0.581250 0.598333 0.581250 0.698333 0.496250 0.698333
1 0.451250 0.641667 0.516250 0.641667 0.516250 0.738333 0.451250 0.738333
1 0.426250 0.675000 0.491250 0.675000 0.491250 0.746667 0.426250 0.746667
1 0.500000 0.560000 0.527500 0.560000 0.527500 0.598333 0.500000 0.598333
1 0.535000 0.503333 0.590000 0.503333 0.590000 0.556667 0.535000 0.556667
1 0.601250 0.528333 0.648750 0.528333 0.648750 0.561667 0.601250 0.561667
1 0.525000 0.403333 0.571250 0.403333 0.571250 0.466667 0.525000 0.466667
1 0.517500 0.460000 0.592500 0.460000 0.592500 0.498333 0.517500 0.498333
1 0.523750 0.348333 0.547500 0.348333 0.547500 0.395000 0.523750 0.395000
1 0.431250 0.250000 0.468750 0.250000 0.468750 0.336667 0.431250 0.336667
1 0.376250 0.281667 0.417500 0.281667 0.417500 0.335000 0.376250 0.335000
1 0.543750 0.211667 0.561250 0.211667 0.561250 0.293333 0.543750 0.293333
1 0.417500 0.266667 0.455000 0.266667 0.455000 0.346667 0.417500 0.346667
1 0.390000 0.623333 0.468750 0.623333 0.468750 0.665000 0.390000 0.665000
1 0.396250 0.666667 0.417500 0.666667 0.417500 0.715000 0.396250 0.715000
1 0.500000 0.293333 0.540000 0.293333 0.540000 0.331667 0.500000 0.331667
1 0.425000 0.581667 0.482500 0.581667 0.482500 0.618333 0.425000 0.618333
1 0.560000 0.611667 0.596250 0.611667 0.596250 0.640000 0.560000 0.640000
1 0.636250 0.711667 0.677500 0.711667 0.677500 0.786667 0.636250 0.786667
1 0.673750 0.763333 0.703750 0.763333 0.703750 0.781667 0.673750 0.781667
1 0.763750 0.536667 0.783750 0.536667 0.783750 0.561667 0.763750 0.561667
1 0.523750 0.220000 0.542500 0.220000 0.542500 0.251667 0.523750 0.251667
1 0.658750 0.496667 0.716250 0.496667 0.716250 0.523333 0.658750 0.523333
1 0.516250 0.150000 0.570000 0.150000 0.570000 0.245000 0.516250 0.245000
1 0.455000 0.240000 0.548750 0.240000 0.548750 0.365000 0.455000 0.365000
1 0.482500 0.476667 0.523750 0.476667 0.523750 0.520000 0.482500 0.520000
1 0.406250 0.460000 0.468750 0.460000 0.468750 0.590000 0.406250 0.590000
1 0.481250 0.340000 0.531250 0.340000 0.531250 0.430000 0.481250 0.430000
1 0.457500 0.485000 0.481250 0.485000 0.481250 0.495000 0.457500 0.495000
0 0.442500 0.713333 0.588750 0.713333 0.588750 0.845000 0.442500 0.845000
0 0.598750 0.708333 0.646250 0.708333 0.646250 0.803333 0.598750 0.803333
0 0.572500 0.631667 0.620000 0.631667 0.620000 0.708333 0.572500 0.708333
1 0.407500 0.558333 0.418750 0.558333 0.418750 0.603333 0.407500 0.603333
1 0.400000 0.400000 0.413750 0.400000 0.413750 0.431667 0.400000 0.431667
1 0.368750 0.326667 0.418750 0.326667 0.418750 0.376667 0.368750 0.376667
0 0.678750 0.616667 0.813750 0.616667 0.813750 0.780000 0.678750 0.780000
0 0.415000 0.346667 0.480000 0.346667 0.480000 0.570000 0.415000 0.570000
0 0.351250 0.560000 0.426250 0.560000 0.426250 0.656667 0.351250 0.656667
0 0.288750 0.410000 0.407500 0.410000 0.407500 0.558333 0.288750 0.558333
1 0.426250 0.595000 0.483750 0.595000 0.483750 0.638333 0.426250 0.638333
1 0.387500 0.170000 0.447500 0.170000 0.447500 0.253333 0.387500 0.253333
0 0.592500 0.520000 0.726250 0.520000 0.726250 0.628333 0.592500 0.628333
0 0.505000 0.518333 0.585000 0.518333 0.585000 0.610000 0.505000 0.610000
