1 0.398750 0.425000 0.702500 0.425000 0.702500 0.756667 0.398750 0.756667
0 0.536250 0.291667 0.687500 0.291667 0.687500 0.441667 0.536250 0.441667
2 0.296250 0.601667 0.421250 0.601667 0.421250 0.773333 0.296250 0.773333
0 0.523750 0.160000 0.662500 0.160000 0.662500 0.316667 0.523750 0.316667
0 0.227500 0.145000 0.548750 0.145000 0.548750 0.371667 0.227500 0.371667
0 0.331250 0.368333 0.445000 0.368333 0.445000 0.540000 0.331250 0.540000
0 0.278750 0.446667 0.395000 0.446667 0.395000 0.616667 0.278750 0.616667
0 0.296250 0.231667 0.476250 0.231667 0.476250 0.425000 0.296250 0.425000
0 0.263750 0.245000 0.376250 0.245000 0.376250 0.395000 0.263750 0.395000
0 0.220000 0.390000 0.342500 0.390000 0.342500 0.470000 0.220000 0.470000
