0 0.688859 0.459735 0.816576 0.459735 0.816576 0.572885 0.688859 0.572885
0 0.692935 0.552497 0.786685 0.552497 0.786685 0.642202 0.692935 0.642202
0 0.315217 0.318043 0.419837 0.318043 0.419837 0.408767 0.315217 0.408767
1 0.372283 0.769623 0.633152 0.769623 0.633152 0.950051 0.372283 0.950051
1 0.097826 0.688073 0.389946 0.688073 0.389946 0.859327 0.097826 0.859327
2 0.381793 0.075433 0.982337 0.075433 0.982337 0.440367 0.381793 0.440367
1 0.176630 0.469929 0.550272 0.469929 0.550272 0.709480 0.176630 0.709480
1 0.513587 0.633028 0.752717 0.633028 0.752717 0.798165 0.513587 0.798165
1 0.552989 0.560652 0.717391 0.560652 0.717391 0.633028 0.552989 0.633028
1 0.163043 0.690112 0.520380 0.690112 0.520380 0.934760 0.163043 0.934760
0 0.589674 0.403670 0.732337 0.403670 0.732337 0.498471 0.589674 0.498471
0 0.398098 0.378186 0.533967 0.378186 0.533967 0.467890 0.398098 0.467890
0 0.250000 0.387360 0.351902 0.387360 0.351902 0.470948 0.250000 0.470948
0 0.328804 0.406728 0.442935 0.406728 0.442935 0.513761 0.328804 0.513761
0 0.449728 0.446483 0.559783 0.446483 0.559783 0.560652 0.449728 0.560652
0 0.555707 0.497452 0.705163 0.497452 0.705163 0.592253 0.555707 0.592253
0 0.773098 0.479103 0.851902 0.479103 0.851902 0.584098 0.773098 0.584098
0 0.801630 0.434251 0.861413 0.434251 0.861413 0.476045 0.801630 0.476045
0 0.535326 0.430173 0.595109 0.430173 0.595109 0.498471 0.535326 0.498471
0 0.686141 0.627931 0.740489 0.627931 0.740489 0.675841 0.686141 0.675841
