0 0.583032 0.734597 0.625451 0.734597 0.625451 0.759648 0.583032 0.759648
0 0.467509 0.836154 0.515343 0.836154 0.515343 0.872715 0.467509 0.872715
0 0.622744 0.832769 0.665162 0.832769 0.665162 0.862559 0.622744 0.862559
0 0.490975 0.756263 0.518953 0.756263 0.518953 0.779282 0.490975 0.779282
0 0.472924 0.786053 0.511733 0.786053 0.511733 0.819905 0.472924 0.819905
0 0.826715 0.395396 0.924188 0.395396 0.924188 0.461070 0.826715 0.461070
0 0.858303 0.245091 0.953069 0.245091 0.953069 0.320921 0.858303 0.320921
0 0.772563 0.161137 0.872744 0.161137 0.872744 0.241706 0.772563 0.241706
0 0.519856 0.813135 0.548736 0.813135 0.548736 0.852404 0.519856 0.852404
0 0.496390 0.815843 0.527076 0.815843 0.527076 0.855789 0.496390 0.855789
2 0.138087 0.232905 0.490975 0.232905 0.490975 0.571429 0.138087 0.571429
2 0.443141 0.668923 0.854693 0.668923 0.854693 0.955992 0.443141 0.955992
0 0.688628 0.353419 0.777076 0.353419 0.777076 0.426540 0.688628 0.426540
2 0.610108 0.125931 0.969314 0.125931 0.969314 0.488829 0.610108 0.488829
0 0.622744 0.263372 0.714801 0.263372 0.714801 0.335816 0.622744 0.335816
0 0.509025 0.858497 0.527076 0.858497 0.527076 0.877454 0.509025 0.877454
0 0.500000 0.876100 0.514440 0.876100 0.514440 0.894381 0.500000 0.894381
