1 0.309783 0.699610 0.505435 0.699610 0.505435 0.894668 0.309783 0.894668
0 0.097826 0.109233 0.722826 0.109233 0.722826 0.563069 0.097826 0.563069
1 0.298913 0.511053 0.487772 0.511053 0.487772 0.697009 0.298913 0.697009
1 0.120924 0.587776 0.322011 0.587776 0.322011 0.797139 0.120924 0.797139
1 0.447011 0.752926 0.596467 0.752926 0.596467 0.928479 0.447011 0.928479
2 0.548913 0.276983 0.918478 0.276983 0.918478 0.613784 0.548913 0.613784
1 0.448370 0.551365 0.567935 0.551365 0.567935 0.716515 0.448370 0.716515
1 0.229620 0.764629 0.334239 0.764629 0.334239 0.880364 0.229620 0.880364
1 0.118207 0.518856 0.298913 0.518856 0.298913 0.644993 0.118207 0.644993
1 0.592391 0.725618 0.716033 0.725618 0.716033 0.876463 0.592391 0.876463
1 0.682065 0.622887 0.820652 0.622887 0.820652 0.777633 0.682065 0.777633
1 0.485054 0.577373 0.697011 0.577373 0.697011 0.780234 0.485054 0.780234
