0 0.640000 0.593333 0.736250 0.593333 0.736250 0.843333 0.640000 0.843333
0 0.505000 0.580000 0.540000 0.580000 0.540000 0.635000 0.505000 0.635000
1 0.703750 0.043333 0.813750 0.043333 0.813750 0.281667 0.703750 0.281667
1 0.586250 0.033333 0.770000 0.033333 0.770000 0.280000 0.586250 0.280000
0 0.240000 0.026667 0.696250 0.026667 0.696250 0.671667 0.240000 0.671667
0 0.280000 0.831667 0.436250 0.831667 0.436250 0.981667 0.280000 0.981667
0 0.296250 0.563333 0.398750 0.563333 0.398750 0.758333 0.296250 0.758333
0 0.563750 0.521667 0.678750 0.521667 0.678750 0.681667 0.563750 0.681667
0 0.718750 0.551667 0.822500 0.551667 0.822500 0.730000 0.718750 0.730000
0 0.466250 0.810000 0.513750 0.810000 0.513750 0.850000 0.466250 0.850000
0 0.553750 0.625000 0.658750 0.625000 0.658750 0.745000 0.553750 0.745000
0 0.450000 0.615000 0.557500 0.615000 0.557500 0.750000 0.450000 0.750000
0 0.533750 0.801667 0.621250 0.801667 0.621250 0.923333 0.533750 0.923333
