2 0.490234 0.413879 0.518880 0.413879 0.518880 0.445332 0.490234 0.445332
2 0.481120 0.442336 0.522786 0.442336 0.522786 0.474788 0.481120 0.474788
2 0.448568 0.458313 0.507161 0.458313 0.507161 0.505741 0.448568 0.505741
0 0.248047 0.593610 0.463542 0.593610 0.463542 0.812781 0.248047 0.812781
2 0.370443 0.181228 0.513672 0.181228 0.513672 0.280080 0.370443 0.280080
2 0.420573 0.229656 0.516927 0.229656 0.516927 0.309036 0.420573 0.309036
0 0.106771 0.613080 0.296875 0.613080 0.296875 0.844234 0.106771 0.844234
2 0.454427 0.277084 0.508464 0.277084 0.508464 0.332002 0.454427 0.332002
2 0.455078 0.406390 0.513672 0.406390 0.513672 0.461308 0.455078 0.461308
2 0.467448 0.309536 0.525391 0.309536 0.525391 0.406890 0.467448 0.406890
2 0.415365 0.503245 0.478516 0.503245 0.478516 0.567649 0.415365 0.567649
