0 0.583750 0.428333 0.712500 0.428333 0.712500 0.583333 0.583750 0.583333
1 0.342500 0.595000 0.363750 0.595000 0.363750 0.666667 0.342500 0.666667
0 0.372500 0.195000 0.480000 0.195000 0.480000 0.336667 0.372500 0.336667
1 0.445000 0.558333 0.491250 0.558333 0.491250 0.633333 0.445000 0.633333
0 0.515000 0.695000 0.545000 0.695000 0.545000 0.771667 0.515000 0.771667
1 0.363750 0.685000 0.443750 0.685000 0.443750 0.758333 0.363750 0.758333
0 0.356250 0.295000 0.476250 0.295000 0.476250 0.463333 0.356250 0.463333
0 0.360000 0.495000 0.441250 0.495000 0.441250 0.546667 0.360000 0.546667
1 0.368750 0.746667 0.455000 0.746667 0.455000 0.831667 0.368750 0.831667
0 0.350000 0.540000 0.377500 0.540000 0.377500 0.570000 0.350000 0.570000
0 0.406250 0.495000 0.477500 0.495000 0.477500 0.640000 0.406250 0.640000
0 0.483750 0.718333 0.537500 0.718333 0.537500 0.861667 0.483750 0.861667
2 0.500000 0.121667 0.732500 0.121667 0.732500 0.438333 0.500000 0.438333
2 0.582500 0.640000 0.688750 0.640000 0.688750 0.820000 0.582500 0.820000
1 0.358750 0.780000 0.388750 0.780000 0.388750 0.823333 0.358750 0.823333
2 0.548750 0.445000 0.600000 0.445000 0.600000 0.570000 0.548750 0.570000
1 0.342500 0.655000 0.385000 0.655000 0.385000 0.751667 0.342500 0.751667
1 0.623750 0.355000 0.750000 0.355000 0.750000 0.580000 0.623750 0.580000
0 0.405000 0.650000 0.491250 0.650000 0.491250 0.843333 0.405000 0.843333
0 0.515000 0.436667 0.606250 0.436667 0.606250 0.573333 0.515000 0.573333
0 0.468750 0.581667 0.547500 0.581667 0.547500 0.718333 0.468750 0.718333
0 0.455000 0.641667 0.503750 0.641667 0.503750 0.768333 0.455000 0.768333
2 0.495000 0.378333 0.560000 0.378333 0.560000 0.476667 0.495000 0.476667
0 0.358750 0.536667 0.428750 0.536667 0.428750 0.681667 0.358750 0.681667
