1 0.668871 0.540923 0.717372 0.540923 0.717372 0.593502 0.668871 0.593502
0 0.862434 0.560516 0.895062 0.560516 0.895062 0.584573 0.862434 0.584573
0 0.624339 0.618056 0.656085 0.618056 0.656085 0.640873 0.624339 0.640873
1 0.736772 0.441716 0.863316 0.441716 0.863316 0.489335 0.736772 0.489335
1 0.501323 0.407490 0.575397 0.407490 0.575397 0.449901 0.501323 0.449901
1 0.576279 0.466766 0.648589 0.466766 0.648589 0.493056 0.576279 0.493056
0 0.125661 0.547619 0.201940 0.547619 0.201940 0.598214 0.125661 0.598214
0 0.187390 0.369544 0.242945 0.369544 0.242945 0.401786 0.187390 0.401786
0 0.270723 0.544395 0.316138 0.544395 0.316138 0.569196 0.270723 0.569196
1 0.750441 0.613095 0.786155 0.613095 0.786155 0.654018 0.750441 0.654018
1 0.363316 0.581845 0.408730 0.581845 0.408730 0.628720 0.363316 0.628720
1 0.361552 0.368552 0.399912 0.368552 0.399912 0.392361 0.361552 0.392361
1 0.691799 0.622520 0.750000 0.622520 0.750000 0.689980 0.691799 0.689980
0 0.519400 0.443948 0.582011 0.443948 0.582011 0.478919 0.519400 0.478919
0 0.798060 0.587302 0.847002 0.587302 0.847002 0.616815 0.798060 0.616815
0 0.470018 0.484375 0.539683 0.484375 0.539683 0.511161 0.470018 0.511161
0 0.450176 0.472470 0.480600 0.472470 0.480600 0.500496 0.450176 0.500496
0 0.238095 0.457589 0.407407 0.457589 0.407407 0.545883 0.238095 0.545883
0 0.495591 0.466518 0.545855 0.466518 0.545855 0.487351 0.495591 0.487351
0 0.367725 0.502480 0.544092 0.502480 0.544092 0.570685 0.367725 0.570685
0 0.084215 0.572421 0.174162 0.572421 0.174162 0.611855 0.084215 0.611855
0 0.112875 0.555804 0.390212 0.555804 0.390212 0.703125 0.112875 0.703125
0 0.548060 0.531994 0.673721 0.531994 0.673721 0.600446 0.548060 0.600446
0 0.387125 0.610367 0.454145 0.610367 0.454145 0.665923 0.387125 0.665923
0 0.250000 0.429563 0.389771 0.429563 0.389771 0.473710 0.250000 0.473710
0 0.582451 0.304067 0.709877 0.304067 0.709877 0.369792 0.582451 0.369792
0 0.649471 0.591766 0.749559 0.591766 0.749559 0.646081 0.649471 0.646081
0 0.489859 0.643849 0.526014 0.643849 0.526014 0.712550 0.489859 0.712550
0 0.276896 0.569444 0.347443 0.569444 0.347443 0.597966 0.276896 0.597966
0 0.344356 0.484127 0.451940 0.484127 0.451940 0.555308 0.344356 0.555308
0 0.577601 0.491071 0.664903 0.491071 0.664903 0.520337 0.577601 0.520337
0 0.290564 0.403770 0.341270 0.403770 0.341270 0.452381 0.290564 0.452381
0 0.488536 0.349950 0.538360 0.349950 0.538360 0.387649 0.488536 0.387649
0 0.126984 0.385913 0.186949 0.385913 0.186949 0.414187 0.126984 0.414187
0 0.028219 0.409474 0.186508 0.409474 0.186508 0.560516 0.028219 0.560516
0 0.196208 0.397817 0.279541 0.397817 0.279541 0.430308 0.196208 0.430308
1 0.568342 0.375248 0.595679 0.375248 0.595679 0.448909 0.568342 0.448909
0 0.719136 0.552827 0.794092 0.552827 0.794092 0.626488 0.719136 0.626488
0 0.832011 0.528026 0.881834 0.528026 0.881834 0.569692 0.832011 0.569692
0 0.454586 0.440972 0.519400 0.440972 0.519400 0.470238 0.454586 0.470238
0 0.503968 0.390377 0.563051 0.390377 0.563051 0.416667 0.503968 0.416667
0 0.289242 0.514137 0.352734 0.514137 0.352734 0.547371 0.289242 0.547371
0 0.332011 0.485119 0.393298 0.485119 0.393298 0.520337 0.332011 0.520337
0 0.425926 0.570685 0.492063 0.570685 0.492063 0.606647 0.425926 0.606647
0 0.824515 0.578869 0.882716 0.578869 0.882716 0.600694 0.824515 0.600694
0 0.821429 0.605407 0.878748 0.605407 0.878748 0.638889 0.821429 0.638889
1 0.215168 0.303075 0.391975 0.303075 0.391975 0.411458 0.215168 0.411458
1 0.335538 0.376488 0.447972 0.376488 0.447972 0.467262 0.335538 0.467262
1 0.435626 0.296875 0.507937 0.296875 0.507937 0.449653 0.435626 0.449653
1 0.379630 0.273810 0.502646 0.273810 0.502646 0.378968 0.379630 0.378968
1 0.309524 0.669395 0.432099 0.669395 0.432099 0.803571 0.309524 0.803571
1 0.402116 0.679812 0.552469 0.679812 0.552469 0.750496 0.402116 0.750496
1 0.388448 0.676587 0.580247 0.676587 0.580247 0.783730 0.388448 0.783730
1 0.410053 0.779762 0.505732 0.779762 0.505732 0.831597 0.410053 0.831597
1 0.560406 0.700149 0.627866 0.700149 0.627866 0.788938 0.560406 0.788938
1 0.626984 0.495536 0.750441 0.495536 0.750441 0.546379 0.626984 0.546379
1 0.623016 0.687252 0.757496 0.687252 0.757496 0.745536 0.623016 0.745536
1 0.560847 0.612599 0.691799 0.612599 0.691799 0.703373 0.560847 0.703373
1 0.393298 0.368552 0.441358 0.368552 0.441358 0.428571 0.393298 0.428571
1 0.577160 0.322669 0.659612 0.322669 0.659612 0.414435 0.577160 0.414435
1 0.618166 0.413442 0.693122 0.413442 0.693122 0.486607 0.618166 0.486607
1 0.515432 0.292659 0.569665 0.292659 0.569665 0.351935 0.515432 0.351935
1 0.671517 0.399802 0.772487 0.399802 0.772487 0.464534 0.671517 0.464534
1 0.581570 0.417163 0.624780 0.417163 0.624780 0.472470 0.581570 0.472470
1 0.751764 0.492808 0.834215 0.492808 0.834215 0.591766 0.751764 0.591766
