2 0.358824 0.712745 0.404902 0.712745 0.404902 0.748039 0.358824 0.748039
2 0.687255 0.460784 0.863725 0.460784 0.863725 0.749020 0.687255 0.749020
2 0.363725 0.769608 0.401961 0.769608 0.401961 0.818627 0.363725 0.818627
1 0.521569 0.307843 0.655882 0.307843 0.655882 0.458824 0.521569 0.458824
0 0.312745 0.488235 0.457843 0.488235 0.457843 0.679412 0.312745 0.679412
2 0.211765 0.580392 0.369608 0.580392 0.369608 0.819608 0.211765 0.819608
0 0.413725 0.272549 0.589216 0.272549 0.589216 0.466667 0.413725 0.466667
0 0.582353 0.380392 0.788235 0.380392 0.788235 0.639216 0.582353 0.639216
1 0.387255 0.373529 0.453922 0.373529 0.453922 0.493137 0.387255 0.493137
2 0.155882 0.686275 0.303922 0.686275 0.303922 0.955882 0.155882 0.955882
2 0.492157 0.544118 0.634314 0.544118 0.634314 0.792157 0.492157 0.792157
0 0.537255 0.279412 0.670588 0.279412 0.670588 0.390196 0.537255 0.390196
1 0.481373 0.428431 0.582353 0.428431 0.582353 0.548039 0.481373 0.548039
