0 0.648098 0.497283 0.802989 0.497283 0.802989 0.721467 0.648098 0.721467
0 0.578804 0.466033 0.760870 0.466033 0.760870 0.658967 0.578804 0.658967
0 0.528533 0.395380 0.721467 0.395380 0.721467 0.625000 0.528533 0.625000
0 0.456522 0.350543 0.654891 0.350543 0.654891 0.567935 0.456522 0.567935
0 0.341033 0.269022 0.519022 0.269022 0.519022 0.466033 0.341033 0.466033
0 0.296196 0.228261 0.470109 0.228261 0.470109 0.433424 0.296196 0.433424
0 0.176630 0.182065 0.388587 0.182065 0.388587 0.373641 0.176630 0.373641
0 0.131793 0.153533 0.346467 0.153533 0.346467 0.320652 0.131793 0.320652
2 0.000000 0.320652 0.717391 0.320652 0.717391 0.891304 0.000000 0.891304
1 0.323370 0.058424 1.000000 0.058424 1.000000 0.546196 0.323370 0.546196
0 0.236413 0.206522 0.419837 0.206522 0.419837 0.426630 0.236413 0.426630
0 0.403533 0.304348 0.585598 0.304348 0.585598 0.514946 0.403533 0.514946
0 0.733696 0.591033 0.904891 0.591033 0.904891 0.733696 0.733696 0.733696
0 0.705163 0.527174 0.868207 0.527174 0.868207 0.717391 0.705163 0.717391
