1 0.735868 0.586349 0.852004 0.586349 0.852004 0.675164 0.735868 0.675164
1 0.363823 0.614309 0.482014 0.614309 0.482014 0.744243 0.363823 0.744243
1 0.580678 0.727796 0.693731 0.727796 0.693731 0.832237 0.580678 0.832237
1 0.298047 0.535362 0.525180 0.535362 0.525180 0.707237 0.298047 0.707237
1 0.634121 0.759046 0.874615 0.759046 0.874615 0.902138 0.634121 0.902138
1 0.641316 0.600329 0.807811 0.600329 0.807811 0.851974 0.641316 0.851974
0 0.266187 0.535362 0.358684 0.535362 0.358684 0.620888 0.266187 0.620888
0 0.085303 0.515625 0.313464 0.515625 0.313464 0.696546 0.085303 0.696546
1 0.813977 0.648026 0.880781 0.648026 0.880781 0.748355 0.813977 0.748355
1 0.669065 0.520559 0.812950 0.520559 0.812950 0.598684 0.669065 0.598684
1 0.782117 0.549342 0.913669 0.549342 0.913669 0.632401 0.782117 0.632401
1 0.892086 0.572368 0.937307 0.572368 0.937307 0.603618 0.892086 0.603618
0 0.075026 0.407895 0.275437 0.407895 0.275437 0.530428 0.075026 0.530428
1 0.305242 0.689145 0.501542 0.689145 0.501542 0.819901 0.305242 0.819901
0 0.071942 0.678454 0.209661 0.678454 0.209661 0.835526 0.071942 0.835526
0 0.517986 0.605263 0.704008 0.605263 0.704008 0.727796 0.517986 0.727796
0 0.351490 0.433388 0.509764 0.433388 0.509764 0.557566 0.351490 0.557566
0 0.523124 0.406250 0.678314 0.406250 0.678314 0.495888 0.523124 0.495888
0 0.817061 0.472039 0.922919 0.472039 0.922919 0.575658 0.817061 0.575658
1 0.875642 0.657895 0.939363 0.657895 0.939363 0.762336 0.875642 0.762336
0 0.706064 0.448191 0.830421 0.448191 0.830421 0.518914 0.706064 0.518914
0 0.422405 0.800987 0.536485 0.800987 0.536485 0.851151 0.422405 0.851151
1 0.422405 0.366776 0.539568 0.366776 0.539568 0.512336 0.422405 0.512336
1 0.250771 0.380757 0.381295 0.380757 0.381295 0.508224 0.250771 0.508224
2 0.091470 0.100329 0.933196 0.100329 0.933196 0.453947 0.091470 0.453947
0 0.483042 0.708882 0.597122 0.708882 0.597122 0.806743 0.483042 0.806743
0 0.504625 0.791118 0.610483 0.791118 0.610483 0.914474 0.504625 0.914474
1 0.197328 0.704770 0.354573 0.704770 0.354573 0.886513 0.197328 0.886513
1 0.218911 0.484375 0.395683 0.484375 0.395683 0.541941 0.218911 0.541941
1 0.510791 0.487664 0.720452 0.487664 0.720452 0.597039 0.510791 0.597039
