0 0.666332 0.554311 0.702513 0.554311 0.702513 0.577828 0.666332 0.577828
0 0.688442 0.621501 0.719598 0.621501 0.719598 0.649496 0.688442 0.649496
0 0.668342 0.600224 0.699497 0.600224 0.699497 0.631579 0.668342 0.631579
0 0.641206 0.604703 0.667337 0.604703 0.667337 0.634938 0.641206 0.634938
0 0.636181 0.690929 0.665327 0.690929 0.665327 0.722284 0.636181 0.722284
0 0.619095 0.655095 0.639196 0.655095 0.639196 0.701008 0.619095 0.701008
0 0.661307 0.673012 0.700503 0.673012 0.700503 0.708847 0.661307 0.708847
0 0.688442 0.643897 0.731658 0.643897 0.731658 0.680851 0.688442 0.680851
1 0.255276 0.277716 0.296482 0.277716 0.296482 0.349384 0.255276 0.349384
1 0.377889 0.238522 0.402010 0.238522 0.402010 0.305711 0.377889 0.305711
1 0.335678 0.212766 0.363819 0.212766 0.363819 0.260918 0.335678 0.260918
1 0.378894 0.157895 0.423116 0.157895 0.423116 0.183651 0.378894 0.183651
1 0.437186 0.172452 0.467337 0.172452 0.467337 0.191489 0.437186 0.191489
1 0.095477 0.595745 0.234171 0.595745 0.234171 0.723404 0.095477 0.723404
1 0.148744 0.697648 0.255276 0.697648 0.255276 0.802912 0.148744 0.802912
1 0.262312 0.552072 0.335678 0.552072 0.335678 0.656215 0.262312 0.656215
1 0.290452 0.600224 0.361809 0.600224 0.361809 0.723404 0.290452 0.723404
0 0.576884 0.696529 0.602010 0.696529 0.602010 0.745801 0.576884 0.745801
0 0.709548 0.584546 0.733668 0.584546 0.733668 0.615901 0.709548 0.615901
0 0.680402 0.576708 0.717588 0.576708 0.717588 0.615901 0.680402 0.615901
0 0.652261 0.562150 0.680402 0.562150 0.680402 0.605823 0.652261 0.605823
0 0.333668 0.589026 0.528643 0.589026 0.528643 0.782755 0.333668 0.782755
2 0.329648 0.277716 0.626131 0.277716 0.626131 0.591265 0.329648 0.591265
0 0.596985 0.293393 0.824121 0.293393 0.824121 0.567749 0.596985 0.567749
0 0.184925 0.118701 0.489447 0.118701 0.489447 0.468085 0.184925 0.468085
0 0.506533 0.585666 0.548744 0.585666 0.548744 0.613662 0.506533 0.613662
0 0.555779 0.541993 0.579899 0.541993 0.579899 0.576708 0.555779 0.576708
0 0.622111 0.492721 0.655276 0.492721 0.655276 0.521837 0.622111 0.521837
0 0.592965 0.530795 0.628141 0.530795 0.628141 0.561030 0.592965 0.561030
0 0.620101 0.520717 0.651256 0.520717 0.651256 0.547592 0.620101 0.547592
0 0.587940 0.558791 0.625126 0.558791 0.625126 0.589026 0.587940 0.589026
0 0.578894 0.580067 0.608040 0.580067 0.608040 0.622620 0.578894 0.622620
0 0.556784 0.594625 0.585930 0.594625 0.585930 0.629339 0.556784 0.629339
0 0.518593 0.624860 0.541709 0.624860 0.541709 0.669653 0.518593 0.669653
0 0.561809 0.629339 0.596985 0.629339 0.596985 0.658455 0.561809 0.658455
0 0.653266 0.636058 0.689447 0.636058 0.689447 0.666293 0.653266 0.666293
0 0.593970 0.513998 0.614070 0.513998 0.614070 0.531915 0.593970 0.531915
1 0.184925 0.228443 0.214070 0.228443 0.214070 0.329227 0.184925 0.329227
0 0.627136 0.632699 0.655276 0.632699 0.655276 0.657335 0.627136 0.657335
0 0.555779 0.659574 0.589950 0.659574 0.589950 0.699888 0.555779 0.699888
0 0.638191 0.660694 0.669347 0.660694 0.669347 0.689810 0.638191 0.689810
0 0.539698 0.683091 0.574874 0.683091 0.574874 0.724524 0.539698 0.724524
0 0.542714 0.723404 0.584925 0.723404 0.584925 0.759239 0.542714 0.759239
0 0.604020 0.718925 0.655276 0.718925 0.655276 0.752520 0.604020 0.752520
0 0.601005 0.693169 0.630151 0.693169 0.630151 0.723404 0.601005 0.723404
0 0.585930 0.651736 0.618090 0.651736 0.618090 0.692049 0.585930 0.692049
0 0.598995 0.617021 0.623116 0.617021 0.623116 0.658455 0.598995 0.658455
0 0.610050 0.591265 0.640201 0.591265 0.640201 0.631579 0.610050 0.631579
0 0.626131 0.580067 0.652261 0.580067 0.652261 0.605823 0.626131 0.605823
0 0.624121 0.552072 0.665327 0.552072 0.665327 0.581187 0.624121 0.581187
0 0.678392 0.534155 0.708543 0.534155 0.708543 0.562150 0.678392 0.562150
0 0.703518 0.557671 0.737688 0.557671 0.737688 0.587906 0.703518 0.587906
