1 0.260830 0.479222 0.288809 0.479222 0.288809 0.531388 0.260830 0.531388
2 0.562274 0.560566 0.592058 0.560566 0.592058 0.625111 0.562274 0.625111
0 0.223827 0.333333 0.297834 0.333333 0.297834 0.389920 0.223827 0.389920
1 0.090253 0.308576 0.134477 0.308576 0.134477 0.359859 0.090253 0.359859
1 0.139892 0.297082 0.162455 0.297082 0.162455 0.335986 0.139892 0.335986
1 0.264440 0.367816 0.298736 0.367816 0.298736 0.390805 0.264440 0.390805
1 0.116426 0.393457 0.222022 0.393457 0.222022 0.480990 0.116426 0.480990
1 0.397112 0.100796 0.475632 0.100796 0.475632 0.249337 0.397112 0.249337
1 0.656137 0.107869 0.765343 0.107869 0.765343 0.205128 0.656137 0.205128
1 0.458484 0.061892 0.589350 0.061892 0.589350 0.190097 0.458484 0.190097
0 0.531588 0.479222 0.728339 0.479222 0.728339 0.595049 0.531588 0.595049
2 0.805054 0.627763 0.871841 0.627763 0.871841 0.702918 0.805054 0.702918
0 0.688628 0.499558 0.886282 0.499558 0.886282 0.705570 0.688628 0.705570
0 0.749097 0.684350 0.879964 0.684350 0.879964 0.835544 0.749097 0.835544
2 0.721119 0.485411 0.833032 0.485411 0.833032 0.540230 0.721119 0.540230
2 0.407942 0.505747 0.532491 0.505747 0.532491 0.784262 0.407942 0.784262
0 0.554152 0.633952 0.774368 0.633952 0.774368 0.804598 0.554152 0.804598
1 0.624549 0.500442 0.670578 0.500442 0.670578 0.538462 0.624549 0.538462
2 0.574910 0.782493 0.743682 0.782493 0.743682 0.826702 0.574910 0.826702
2 0.556859 0.694960 0.579422 0.694960 0.579422 0.733864 0.556859 0.733864
1 0.541516 0.092838 0.698556 0.092838 0.698556 0.180371 0.541516 0.180371
1 0.538809 0.556145 0.736462 0.556145 0.736462 0.726790 0.538809 0.726790
